Sigla;Código;Município;População - residente - urbana - mulheres (2000);População - residente - rural - mulheres (2000);População - residente - urbana - homens (2000);População - residente - rural - homens (2000);População  residente - urbana (2000);População  residente - rural (2000);População - residente - mulheres (2000);População - residente - homens (2000);População  residente -  total (2000)
AC;1200013;Acrelândia;1712;1967;1794;2462;3506;4429;3679;4256;7935
AC;1200054;Assis Brasil;1062;608;1089;731;2151;1339;1670;1820;3490
AC;1200104;Brasiléia;4559;3572;4467;4415;9026;7987;8131;8882;17013
AC;1200138;Bujari;798;1857;830;2341;1628;4198;2655;3171;5826
AC;1200179;Capixaba;742;1623;779;2062;1521;3685;2365;2841;5206
AC;1200203;Cruzeiro do Sul;19943;13579;19028;14891;38971;28470;33522;33919;67441
AC;1200252;Epitaciolândia;3808;1603;3596;2021;7404;3624;5411;5617;11028
AC;1200302;Feijó;5614;7405;5626;8077;11240;15482;13019;13703;26722
AC;1200328;Jordão;413;1693;450;1898;863;3591;2106;2348;4454
AC;1200336;Mâncio Lima;2894;2448;2900;2853;5794;5301;5342;5753;11095
AC;1200344;Manoel Urbano;1623;1376;1658;1717;3281;3093;2999;3375;6374
AC;1200351;Marechal Thaumaturgo;493;3426;492;3884;985;7310;3919;4376;8295
AC;1200385;Plácido de Castro;3503;3685;3476;4508;6979;8193;7188;7984;15172
AC;1200393;Porto Walter;703;1891;738;2153;1441;4044;2594;2891;5485
AC;1200401;Rio Branco;117489;12322;108809;14439;226298;26761;129811;123248;253059
AC;1200427;Rodrigues Alves;1295;2543;1337;2918;2632;5461;3838;4255;8093
AC;1200435;Santa Rosa do Purus;242;841;276;887;518;1728;1083;1163;2246
AC;1200450;Senador Guiomard;4362;5132;4278;5989;8640;11121;9494;10267;19761
AC;1200500;Sena Madureira;8122;6015;8033;7250;16155;13265;14137;15283;29420
AC;1200609;Tarauacá;6998;5607;6948;6484;13946;12091;12605;13432;26037
AC;1200708;Xapuri;3075;2673;2920;3288;5995;5961;5748;6208;11956
AC;1200807;Porto Acre;627;4600;666;5525;1293;10125;5227;6191;11418
AL;2700102;Água Branca;2359;7041;2137;7123;4496;14164;9400;9260;18660
AL;2700201;Anadia;4662;4237;4446;4504;9108;8741;8899;8950;17849
AL;2700300;Arapiraca;80184;17099;72170;17013;152354;34112;97283;89183;186466
AL;2700409;Atalaia;9103;10871;8846;11732;17949;22603;19974;20578;40552
AL;2700508;Barra de Santo Antônio;4819;792;4755;985;9574;1777;5611;5740;11351
AL;2700607;Barra de São Miguel;2636;570;2605;568;5241;1138;3206;3173;6379
AL;2700706;Batalha;5356;2174;4966;2303;10322;4477;7530;7269;14799
AL;2700805;Belém;952;2101;871;1995;1823;4096;3053;2866;5919
AL;2700904;Belo Monte;603;2786;623;2810;1226;5596;3389;3433;6822
AL;2701001;Boca da Mata;7786;4213;7629;4599;15415;8812;11999;12228;24227
AL;2701100;Branquinha;2973;2522;2915;2915;5888;5437;5495;5830;11325
AL;2701209;Cacimbinhas;2182;2692;2054;2624;4236;5316;4874;4678;9552
AL;2701308;Cajueiro;7233;2382;6815;2545;14048;4927;9615;9360;18975
AL;2701357;Campestre;2402;692;2323;806;4725;1498;3094;3129;6223
AL;2701407;Campo Alegre;8259;12784;7858;12127;16117;24911;21043;19985;41028
AL;2701506;Campo Grande;1892;2701;1811;2730;3703;5431;4593;4541;9134
AL;2701605;Canapi;2184;6518;1928;6704;4112;13222;8702;8632;17334
AL;2701704;Capela;6274;3093;5953;3373;12227;6466;9367;9326;18693
AL;2701803;Carneiros;1758;1577;1627;1623;3385;3200;3335;3250;6585
AL;2701902;Chã Preta;1887;1908;1785;2180;3672;4088;3795;3965;7760
AL;2702009;Coité do Nóia;1349;4577;1170;4897;2519;9474;5926;6067;11993
AL;2702108;Colônia Leopoldina;5845;2753;5569;3326;11414;6079;8598;8895;17493
AL;2702207;Coqueiro Seco;2258;271;2316;289;4574;560;2529;2605;5134
AL;2702306;Coruripe;11312;13008;10887;13639;22199;26647;24320;24526;48846
AL;2702355;Craíbas;3416;7067;3192;7114;6608;14181;10483;10306;20789
AL;2702405;Delmiro Gouveia;17531;4711;16032;4721;33563;9432;22242;20753;42995
AL;2702504;Dois Riachos;2356;3306;2065;3339;4421;6645;5662;5404;11066
AL;2702553;Estrela de Alagoas;1744;6668;1516;6413;3260;13081;8412;7929;16341
AL;2702603;Feira Grande;1841;8841;1716;8872;3557;17713;10682;10588;21270
AL;2702702;Feliz Deserto;1438;470;1410;518;2848;988;1908;1928;3836
AL;2702801;Flexeiras;3382;2399;3308;2890;6690;5289;5781;6198;11979
AL;2702900;Girau do Ponciano;4550;10247;4308;10469;8858;20716;14797;14777;29574
AL;2703007;Ibateguara;4192;3341;4085;3487;8277;6828;7533;7572;15105
AL;2703106;Igaci;3075;9953;2811;9745;5886;19698;13028;12556;25584
AL;2703205;Igreja Nova;2244;8349;2189;8669;4433;17018;10593;10858;21451
AL;2703304;Inhapi;3153;5976;2784;5855;5937;11831;9129;8639;17768
AL;2703403;Jacaré dos Homens;1442;1444;1384;1450;2826;2894;2886;2834;5720
AL;2703502;Jacuípe;1659;1803;1685;2166;3344;3969;3462;3851;7313
AL;2703601;Japaratinga;1281;2102;1230;2255;2511;4357;3383;3485;6868
AL;2703700;Jaramataia;1483;1408;1404;1493;2887;2901;2891;2897;5788
AL;2703759;Jequiá da Praia;;;;;;;;;
AL;2703809;Joaquim Gomes;6276;4165;6330;4717;12606;8882;10441;11047;21488
AL;2703908;Jundiá;1065;1116;1083;1416;2148;2532;2181;2499;4680
AL;2704005;Junqueiro;3629;8304;3328;8571;6957;16875;11933;11899;23832
AL;2704104;Lagoa da Canoa;4608;5592;4278;5510;8886;11102;10200;9788;19988
AL;2704203;Limoeiro de Anadia;1120;11119;985;11039;2105;22158;12239;12024;24263
AL;2704302;Maceió;420255;932;375549;1023;795804;1955;421187;376572;797759
AL;2704401;Major Isidoro;4471;4459;4064;4645;8535;9104;8930;8709;17639
AL;2704500;Maragogi;6562;4158;6340;4772;12902;8930;10720;11112;21832
AL;2704609;Maravilha;2699;4164;2555;4269;5254;8433;6863;6824;13687
AL;2704708;Marechal Deodoro;15155;2910;14682;3119;29837;6029;18065;17801;35866
AL;2704807;Maribondo;5249;2569;4852;2475;10101;5044;7818;7327;15145
AL;2704906;Mar Vermelho;747;1285;722;1324;1469;2609;2032;2046;4078
AL;2705002;Mata Grande;2458;10076;2273;10225;4731;20301;12534;12498;25032
AL;2705101;Matriz de Camaragibe;9312;2735;8950;3020;18262;5755;12047;11970;24017
AL;2705200;Messias;4841;1154;4711;1284;9552;2438;5995;5995;11990
AL;2705309;Minador do Negrão;976;1742;922;1759;1898;3501;2718;2681;5399
AL;2705408;Monteirópolis;1394;2308;1297;2241;2691;4549;3702;3538;7240
AL;2705507;Murici;8933;3376;8552;3810;17485;7186;12309;12362;24671
AL;2705606;Novo Lino;2740;2274;2601;2760;5341;5034;5014;5361;10375
AL;2705705;Olho d'Água das Flores;6876;3241;6120;3180;12996;6421;10117;9300;19417
AL;2705804;Olho d'Água do Casado;1985;1524;1902;1648;3887;3172;3509;3550;7059
AL;2705903;Olho d'Água Grande;560;1846;517;1924;1077;3770;2406;2441;4847
AL;2706000;Olivença;1200;3886;1171;4112;2371;7998;5086;5283;10369
AL;2706109;Ouro Branco;2736;2255;2564;2522;5300;4777;4991;5086;10077
AL;2706208;Palestina;1559;765;1455;744;3014;1509;2324;2199;4523
AL;2706307;Palmeira dos Índios;25796;9529;23162;9573;48958;19102;35325;32735;68060
AL;2706406;Pão de Açúcar;5703;6683;5103;6862;10806;13545;12386;11965;24351
AL;2706422;Pariconha;1229;3843;1175;3839;2404;7682;5072;5014;10086
AL;2706448;Paripueira;3665;438;3420;526;7085;964;4103;3946;8049
AL;2706505;Passo de Camaragibe;2852;3832;2899;4172;5751;8004;6684;7071;13755
AL;2706604;Paulo Jacinto;2445;1416;2216;1408;4661;2824;3861;3624;7485
AL;2706703;Penedo;21642;7460;19903;7988;41545;15448;29102;27891;56993
AL;2706802;Piaçabuçu;5200;3241;4954;3380;10154;6621;8441;8334;16775
AL;2706901;Pilar;14408;1409;13758;1626;28166;3035;15817;15384;31201
AL;2707008;Pindoba;657;777;673;819;1330;1596;1434;1492;2926
AL;2707107;Piranhas;720;9412;620;9255;1340;18667;10132;9875;20007
AL;2707206;Poço das Trincheiras;791;5739;766;5926;1557;11665;6530;6692;13222
AL;2707305;Porto Calvo;7639;4180;7344;4788;14983;8968;11819;12132;23951
AL;2707404;Porto de Pedras;2603;2307;2595;2733;5198;5040;4910;5328;10238
AL;2707503;Porto Real do Colégio;3047;6168;2913;6227;5960;12395;9215;9140;18355
AL;2707602;Quebrangulo;3179;2787;2970;2966;6149;5753;5966;5936;11902
AL;2707701;Rio Largo;25737;6173;24182;6418;49919;12591;31910;30600;62510
AL;2707800;Roteiro;2746;718;2731;790;5477;1508;3464;3521;6985
AL;2707909;Santa Luzia do Norte;2771;456;2675;486;5446;942;3227;3161;6388
AL;2708006;Santana do Ipanema;12697;8603;11296;8889;23993;17492;21300;20185;41485
AL;2708105;Santana do Mundaú;3134;2615;3048;2737;6182;5352;5749;5785;11534
AL;2708204;São Brás;1482;1735;1539;1795;3021;3530;3217;3334;6551
AL;2708303;São José da Laje;6502;4141;6018;4410;12520;8551;10643;10428;21071
AL;2708402;São José da Tapera;4828;9049;4433;9252;9261;18301;13877;13685;27562
AL;2708501;São Luís do Quitunde;8805;5662;8720;6356;17525;12018;14467;15076;29543
AL;2708600;São Miguel dos Campos;18161;7854;17214;8227;35375;16081;26015;25441;51456
AL;2708709;São Miguel dos Milagres;843;2067;901;2049;1744;4116;2910;2950;5860
AL;2708808;São Sebastião;4754;9809;4654;9907;9408;19716;14563;14561;29124
AL;2708907;Satuba;5124;1269;4851;1311;9975;2580;6393;6162;12555
AL;2708956;Senador Rui Palmeira;1829;4208;1614;4328;3443;8536;6037;5942;11979
AL;2709004;Tanque d'Arca;1117;2195;1024;2258;2141;4453;3312;3282;6594
AL;2709103;Taquarana;2323;6354;2048;6321;4371;12675;8677;8369;17046
AL;2709152;Teotônio Vilela;15036;3423;14802;3620;29838;7043;18459;18422;36881
AL;2709202;Traipu;3658;7961;3473;8347;7131;16308;11619;11820;23439
AL;2709301;União dos Palmares;19816;10052;18053;10699;37869;20751;29868;28752;58620
AL;2709400;Viçosa;9171;4141;8440;4511;17611;8652;13312;12951;26263
AM;1300029;Alvarães;2530;3279;2784;3557;5314;6836;5809;6341;12150
AM;1300060;Amaturá;1944;1594;1986;1784;3930;3378;3538;3770;7308
AM;1300086;Anamã;971;2093;1093;2406;2064;4499;3064;3499;6563
AM;1300102;Anori;3462;1866;3767;2225;7229;4091;5328;5992;11320
AM;1300144;Apuí;2940;3539;3186;4199;6126;7738;6479;7385;13864
AM;1300201;Atalaia do Norte;2032;2788;2143;3086;4175;5874;4820;5229;10049
AM;1300300;Autazes;5081;6363;5069;7832;10150;14195;11444;12901;24345
AM;1300409;Barcelos;3884;7645;4070;8598;7954;16243;11529;12668;24197
AM;1300508;Barreirinha;4438;6206;4810;7125;9248;13331;10644;11935;22579
AM;1300607;Benjamin Constant;6974;4272;7197;4776;14171;9048;11246;11973;23219
AM;1300631;Beruri;2400;2807;2559;3272;4959;6079;5207;5831;11038
AM;1300680;Boa Vista do Ramos;2478;2539;2539;2926;5017;5465;5017;5465;10482
AM;1300706;Boca do Acre;7173;5709;7441;6636;14614;12345;12882;14077;26959
AM;1300805;Borba;5555;8187;5691;9186;11246;17373;13742;14877;28619
AM;1300839;Caapiranga;1465;2590;1650;3098;3115;5688;4055;4748;8803
AM;1300904;Canutama;2663;2449;2776;2849;5439;5298;5112;5625;10737
AM;1301001;Carauari;8201;3123;8675;3422;16876;6545;11324;12097;23421
AM;1301100;Careiro;2887;10356;2990;11321;5877;21677;13243;14311;27554
AM;1301159;Careiro da Várzea;408;7673;398;8788;806;16461;8081;9186;17267
AM;1301209;Coari;19833;13410;19671;14182;39504;27592;33243;33853;67096
AM;1301308;Codajás;5453;2875;5836;3343;11289;6218;8328;9179;17507
AM;1301407;Eirunepé;8309;4292;8472;5001;16781;9293;12601;13473;26074
AM;1301506;Envira;3313;5915;3432;6400;6745;12315;9228;9832;19060
AM;1301605;Fonte Boa;5651;9815;5982;10061;11633;19876;15466;16043;31509
AM;1301654;Guajará;2968;3229;3252;3771;6220;7000;6197;7023;13220
AM;1301704;Humaitá;11717;3946;12274;4859;23991;8805;15663;17133;32796
AM;1301803;Ipixuna;2826;4225;2939;4769;5765;8994;7051;7708;14759
AM;1301852;Iranduba;4854;10723;5086;11640;9940;22363;15577;16726;32303
AM;1301902;Itacoatiara;23466;11544;22999;14096;46465;25640;35010;37095;72105
AM;1301951;Itamarati;1500;2550;1603;2753;3103;5303;4050;4356;8406
AM;1302009;Itapiranga;2603;893;2692;1121;5295;2014;3496;3813;7309
AM;1302108;Japurá;1121;3930;1162;4072;2283;8002;5051;5234;10285
AM;1302207;Juruá;1491;1676;1561;1856;3052;3532;3167;3417;6584
AM;1302306;Jutaí;3762;7180;3963;7595;7725;14775;10942;11558;22500
AM;1302405;Lábrea;9385;4463;9891;5217;19276;9680;13848;15108;28956
AM;1302504;Manacapuru;23841;12039;23821;13994;47662;26033;35880;37815;73695
AM;1302553;Manaquiri;2043;3958;2122;4588;4165;8546;6001;6710;12711
AM;1302603;Manaus;716260;4131;680508;4936;1396768;9067;720391;685444;1405835
AM;1302702;Manicoré;7587;10513;7752;12186;15339;22699;18100;19938;38038
AM;1302801;Maraã;2142;6063;2379;6495;4521;12558;8205;8874;17079
AM;1302900;Maués;10689;8547;10490;10310;21179;18857;19236;20800;40036
AM;1303007;Nhamundá;3101;4212;3207;4835;6308;9047;7313;8042;15355
AM;1303106;Nova Olinda do Norte;5069;6485;5193;6978;10262;13463;11554;12171;23725
AM;1303205;Novo Airão;3432;1260;3552;1407;6984;2667;4692;4959;9651
AM;1303304;Novo Aripuanã;4373;3793;4681;4272;9054;8065;8166;8953;17119
AM;1303403;Parintins;29242;14743;28883;17282;58125;32025;43985;46165;90150
AM;1303502;Pauini;3377;4935;3593;5187;6970;10122;8312;8780;17092
AM;1303536;Presidente Figueiredo;4012;3930;4395;5057;8407;8987;7942;9452;17394
AM;1303569;Rio Preto da Eva;3195;5419;3037;5931;6232;11350;8614;8968;17582
AM;1303601;Santa Isabel do Rio Negro;2031;2963;2189;3378;4220;6341;4994;5567;10561
AM;1303700;Santo Antônio do Içá;3816;9690;4090;10617;7906;20307;13506;14707;28213
AM;1303809;São Gabriel da Cachoeira;6124;8368;6249;9206;12373;17574;14492;15455;29947
AM;1303908;São Paulo de Olivença;4263;6899;4507;7444;8770;14343;11162;11951;23113
AM;1303957;São Sebastião do Uatumã;2218;1165;2499;1278;4717;2443;3383;3777;7160
AM;1304005;Silves;1619;1987;1744;2435;3363;4422;3606;4179;7785
AM;1304062;Tabatinga;13261;5361;13376;5921;26637;11282;18622;19297;37919
AM;1304104;Tapauá;4701;5392;4713;5789;9414;11181;10093;10502;20595
AM;1304203;Tefé;23617;7895;24081;8864;47698;16759;31512;32945;64457
AM;1304237;Tonantins;2125;5488;2237;5662;4362;11150;7613;7899;15512
AM;1304260;Uarini;1731;3218;1821;3484;3552;6702;4949;5305;10254
AM;1304302;Urucará;3894;4875;4204;5399;8098;10274;8769;9603;18372
AM;1304401;Urucurituba;3205;2411;3554;3094;6759;5505;5616;6648;12264
AP;1600055;Serra do Navio;581;947;635;1130;1216;2077;1528;1765;3293
AP;1600105;Amapá;2847;545;3075;654;5922;1199;3392;3729;7121
AP;1600154;Pedra Branca do Amaparí;613;1156;751;1489;1364;2645;1769;2240;4009
AP;1600204;Calçoene;2514;609;2757;850;5271;1459;3123;3607;6730
AP;1600212;Cutias;727;845;715;993;1442;1838;1572;1708;3280
AP;1600238;Ferreira Gomes;1206;474;1317;565;2523;1039;1680;1882;3562
AP;1600253;Itaubal;559;780;597;958;1156;1738;1339;1555;2894
AP;1600279;Laranjal do Jari;13010;811;13782;912;26792;1723;13821;14694;28515
AP;1600303;Macapá;138009;5955;132619;6725;270628;12680;143964;139344;283308
AP;1600402;Mazagão;2934;2735;3038;3279;5972;6014;5669;6317;11986
AP;1600501;Oiapoque;3704;2345;4138;2699;7842;5044;6049;6837;12886
AP;1600535;Porto Grande;3537;1505;3837;2163;7374;3668;5042;6000;11042
AP;1600550;Pracuúba;448;609;521;708;969;1317;1057;1229;2286
AP;1600600;Santana;38007;2104;37842;2486;75849;4590;40111;40328;80439
AP;1600709;Tartarugalzinho;1677;1639;1806;1999;3483;3638;3316;3805;7121
AP;1600808;Vitória do Jari;3360;787;3520;893;6880;1680;4147;4413;8560
BA;2900108;Abaíra;1810;2759;1749;2749;3559;5508;4569;4498;9067
BA;2900207;Abaré;2891;3952;2637;4168;5528;8120;6843;6805;13648
BA;2900306;Acajutiba;6172;1046;6012;1092;12184;2138;7218;7104;14322
BA;2900355;Adustina;2313;4734;2171;5084;4484;9818;7047;7255;14302
BA;2900405;Água Fria;2279;5025;2045;5369;4324;10394;7304;7414;14718
BA;2900504;Érico Cardoso;692;5390;630;5448;1322;10838;6082;6078;12160
BA;2900603;Aiquara;1345;1195;1381;1394;2726;2589;2540;2775;5315
BA;2900702;Alagoinhas;59407;8620;53033;9035;112440;17655;68027;62068;130095
BA;2900801;Alcobaça;3790;6433;3656;7021;7446;13454;10223;10677;20900
BA;2900900;Almadina;2759;1089;2657;1357;5416;2446;3848;4014;7862
BA;2901007;Amargosa;11067;4894;9817;5330;20884;10224;15961;15147;31108
BA;2901106;Amélia Rodrigues;9727;2525;9295;2587;19022;5112;12252;11882;24134
BA;2901155;América Dourada;5048;2746;5100;3065;10148;5811;7794;8165;15959
BA;2901205;Anagé;2081;13016;2127;13836;4208;26852;15097;15963;31060
BA;2901304;Andaraí;3628;3177;3538;3541;7166;6718;6805;7079;13884
BA;2901353;Andorinha;2176;5415;2159;6024;4335;11439;7591;8183;15774
BA;2901403;Angical;2957;3874;3078;4792;6035;8666;6831;7870;14701
BA;2901502;Anguera;1803;2734;1653;2644;3456;5378;4537;4297;8834
BA;2901601;Antas;2585;4467;2429;4578;5014;9045;7052;7007;14059
BA;2901700;Antônio Cardoso;1164;4637;1152;4667;2316;9304;5801;5819;11620
BA;2901809;Antônio Gonçalves;2699;2112;2561;2344;5260;4456;4811;4905;9716
BA;2901908;Aporá;3332;4893;3214;5330;6546;10223;8225;8544;16769
BA;2901957;Apuarema;2129;1371;2253;1690;4382;3061;3500;3943;7443
BA;2902005;Aracatu;1665;5915;1522;6389;3187;12304;7580;7911;15491
BA;2902054;Araças;2727;2711;2603;2962;5330;5673;5438;5565;11003
BA;2902104;Araci;8302;15181;7887;16214;16189;31395;23483;24101;47584
BA;2902203;Aramari;2193;2448;2098;2519;4291;4967;4641;4617;9258
BA;2902252;Arataca;2677;2479;2806;3256;5483;5735;5156;6062;11218
BA;2902302;Aratuípe;2407;1666;2380;1928;4787;3594;4073;4308;8381
BA;2902401;Aurelino Leal;7032;1436;6908;1773;13940;3209;8468;8681;17149
BA;2902500;Baianópolis;1362;4559;1365;4893;2727;9452;5921;6258;12179
BA;2902609;Baixa Grande;3716;6503;3410;6812;7126;13315;10219;10222;20441
BA;2902658;Banzaê;1718;3772;1696;3970;3414;7742;5490;5666;11156
BA;2902708;Barra;9991;11613;9650;12949;19641;24562;21604;22599;44203
BA;2902807;Barra da Estiva;4583;7578;4350;7929;8933;15507;12161;12279;24440
BA;2902906;Barra do Choça;8893;11189;8828;11908;17721;23097;20082;20736;40818
BA;2903003;Barra do Mendes;2937;3894;2642;4137;5579;8031;6831;6779;13610
BA;2903102;Barra do Rocha;1700;2072;1725;2577;3425;4649;3772;4302;8074
BA;2903201;Barreiras;58221;7451;57563;8614;115784;16065;65672;66177;131849
BA;2903235;Barro Alto;2585;3336;2591;3586;5176;6922;5921;6177;12098
BA;2903276;Barrocas;;;;;;;;;
BA;2903300;Governador Lomanto Júnior;2570;1554;2589;1889;5159;3443;4124;4478;8602
BA;2903409;Belmonte;5491;4369;5315;4857;10806;9226;9860;10172;20032
BA;2903508;Belo Campo;4118;4536;3964;5037;8082;9573;8654;9001;17655
BA;2903607;Biritinga;1229;5875;1118;6419;2347;12294;7104;7537;14641
BA;2903706;Boa Nova;2360;7669;2229;8286;4589;15955;10029;10515;20544
BA;2903805;Boa Vista do Tupim;3016;5980;2824;6588;5840;12568;8996;9412;18408
BA;2903904;Bom Jesus da Lapa;19337;7916;18389;8779;37726;16695;27253;27168;54421
BA;2903953;Bom Jesus da Serra;993;4162;960;4387;1953;8549;5155;5347;10502
BA;2904001;Boninal;1949;4407;1872;4233;3821;8640;6356;6105;12461
BA;2904050;Bonito;2771;3580;2730;3821;5501;7401;6351;6551;12902
BA;2904100;Boquira;3493;7735;3107;7786;6600;15521;11228;10893;22121
BA;2904209;Botuporã;1676;4090;1575;4181;3251;8271;5766;5756;11522
BA;2904308;Brejões;2381;5308;2187;5468;4568;10776;7689;7655;15344
BA;2904407;Brejolândia;955;3268;877;3662;1832;6930;4223;4539;8762
BA;2904506;Brotas de Macaúbas;1540;4884;1510;5069;3050;9953;6424;6579;13003
BA;2904605;Brumado;21087;10156;19623;10804;40710;20960;31243;30427;61670
BA;2904704;Buerarema;8228;1299;8021;1570;16249;2869;9527;9591;19118
BA;2904753;Buritirama;2973;5532;2951;6341;5924;11873;8505;9292;17797
BA;2904803;Caatiba;2221;5410;2207;5670;4428;11080;7631;7877;15508
BA;2904852;Cabaceiras do Paraguaçu;1709;6135;1596;6107;3305;12242;7844;7703;15547
BA;2904902;Cachoeira;8399;7132;7432;7453;15831;14585;15531;14885;30416
BA;2905008;Caculé;5936;4235;5595;4573;11531;8808;10171;10168;20339
BA;2905107;Caém;1725;4499;1652;4687;3377;9186;6224;6339;12563
BA;2905156;Caetanos;1133;5187;1179;5577;2312;10764;6320;6756;13076
BA;2905206;Caetité;12302;10519;11157;11112;23459;21631;22821;22269;45090
BA;2905305;Cafarnaum;4592;3250;4617;3600;9209;6850;7842;8217;16059
BA;2905404;Cairu;3467;2070;3514;2359;6981;4429;5537;5873;11410
BA;2905503;Caldeirão Grande;2122;3579;1959;3735;4081;7314;5701;5694;11395
BA;2905602;Camacan;12310;3125;11972;3648;24282;6773;15435;15620;31055
BA;2905701;Camaçari;77334;3431;77068;3894;154402;7325;80765;80962;161727
BA;2905800;Camamu;6179;10030;5928;11524;12107;21554;16209;17452;33661
BA;2905909;Campo Alegre de Lourdes;3409;10376;3130;10692;6539;21068;13785;13822;27607
BA;2906006;Campo Formoso;10861;19711;10142;21228;21003;40939;30572;31370;61942
BA;2906105;Canápolis;1306;3515;1232;3690;2538;7205;4821;4922;9743
BA;2906204;Canarana;4995;5665;4760;6245;9755;11910;10660;11005;21665
BA;2906303;Canavieiras;13431;3944;12912;5035;26343;8979;17375;17947;35322
BA;2906402;Candeal;1791;3259;1626;3445;3417;6704;5050;5071;10121
BA;2906501;Candeias;35129;3628;33998;4028;69127;7656;38757;38026;76783
BA;2906600;Candiba;3107;2847;3052;3118;6159;5965;5954;6170;12124
BA;2906709;Cândido Sales;9468;4671;9456;4921;18924;9592;14139;14377;28516
BA;2906808;Cansanção;4771;11127;4450;11599;9221;22726;15898;16049;31947
BA;2906824;Canudos;3601;3203;3411;3546;7012;6749;6804;6957;13761
BA;2906857;Capela do Alto Alegre;2343;3541;2190;3824;4533;7365;5884;6014;11898
BA;2906873;Capim Grosso;9156;2959;8705;3088;17861;6047;12115;11793;23908
BA;2906899;Caraíbas;717;7719;707;8021;1424;15740;8436;8728;17164
BA;2906907;Caravelas;5170;4705;5162;5066;10332;9771;9875;10228;20103
BA;2907004;Cardeal da Silva;1419;2544;1413;2658;2832;5202;3963;4071;8034
BA;2907103;Carinhanha;5318;7944;5165;8845;10483;16789;13262;14010;27272
BA;2907202;Casa Nova;13801;13456;13465;15008;27266;28464;27257;28473;55730
BA;2907301;Castro Alves;7734;5390;6913;5524;14647;10914;13124;12437;25561
BA;2907400;Catolândia;425;1059;423;1185;848;2244;1484;1608;3092
BA;2907509;Catu;19662;4275;18154;4640;37816;8915;23937;22794;46731
BA;2907558;Caturama;819;3454;744;3623;1563;7077;4273;4367;8640
BA;2907608;Central;3892;4429;3745;4726;7637;9155;8321;8471;16792
BA;2907707;Chorrochó;1136;3938;1019;4078;2155;8016;5074;5097;10171
BA;2907806;Cícero Dantas;8286;7445;7511;7692;15797;15137;15731;15203;30934
BA;2907905;Cipó;4961;2355;4566;2403;9527;4758;7316;6969;14285
BA;2908002;Coaraci;11865;2155;11404;2428;23269;4583;14020;13832;27852
BA;2908101;Cocos;3213;5297;3211;5890;6424;11187;8510;9101;17611
BA;2908200;Conceição da Feira;5898;3067;5339;3210;11237;6277;8965;8549;17514
BA;2908309;Conceição do Almeida;4367;5257;3951;5337;8318;10594;9624;9288;18912
BA;2908408;Conceição do Coité;14542;13566;13484;14725;28026;28291;28108;28209;56317
BA;2908507;Conceição do Jacuípe;9999;3344;9467;3384;19466;6728;13343;12851;26194
BA;2908606;Conde;5448;4768;5044;5166;10492;9934;10216;10210;20426
BA;2908705;Condeúba;3367;5683;2964;6033;6331;11716;9050;8997;18047
BA;2908804;Contendas do Sincorá;1199;912;1132;1021;2331;1933;2111;2153;4264
BA;2908903;Coração de Maria;3963;8046;3565;8244;7528;16290;12009;11809;23818
BA;2909000;Cordeiros;1082;3045;1018;3048;2100;6093;4127;4066;8193
BA;2909109;Coribe;2882;4459;2813;4994;5695;9453;7341;7807;15148
BA;2909208;Coronel João Sá;2813;6867;2725;7260;5538;14127;9680;9985;19665
BA;2909307;Correntina;5876;9417;5479;9811;11355;19228;15293;15290;30583
BA;2909406;Cotegipe;3276;3165;3271;3662;6547;6827;6441;6933;13374
BA;2909505;Cravolândia;1519;957;1481;1044;3000;2001;2476;2525;5001
BA;2909604;Crisópolis;3440;5817;3415;6365;6855;12182;9257;9780;19037
BA;2909703;Cristópolis;1348;4819;1327;5168;2675;9987;6167;6495;12662
BA;2909802;Cruz das Almas;21191;6629;18413;6816;39604;13445;27820;25229;53049
BA;2909901;Curaçá;5607;8477;5168;9589;10775;18066;14084;14757;28841
BA;2910008;Dário Meira;2396;4910;2535;5381;4931;10291;7306;7916;15222
BA;2910057;Dias d'Ávila;21595;1254;21078;1406;42673;2660;22849;22484;45333
BA;2910107;Dom Basílio;767;4261;754;4645;1521;8906;5028;5399;10427
BA;2910206;Dom Macedo Costa;690;1222;607;1229;1297;2451;1912;1836;3748
BA;2910305;Elísio Medrado;1331;2604;1183;2742;2514;5346;3935;3925;7860
BA;2910404;Encruzilhada;2515;13316;2468;14625;4983;27941;15831;17093;32924
BA;2910503;Entre Rios;11796;7035;11223;7459;23019;14494;18831;18682;37513
BA;2910602;Esplanada;9003;4630;8535;5062;17538;9692;13633;13597;27230
BA;2910701;Euclides da Cunha;12690;13971;11841;15383;24531;29354;26661;27224;53885
BA;2910727;Eunápolis;40350;2358;38811;2601;79161;4959;42708;41412;84120
BA;2910750;Fátima;3268;5782;3075;6173;6343;11955;9050;9248;18298
BA;2910776;Feira da Mata;1443;1599;1379;1814;2822;3413;3042;3193;6235
BA;2910800;Feira de Santana;226763;24530;204967;24689;431730;49219;251293;229656;480949
BA;2910859;Filadélfia;4057;4380;3909;4848;7966;9228;8437;8757;17194
BA;2910909;Firmino Alves;1884;636;1922;728;3806;1364;2520;2650;5170
BA;2911006;Floresta Azul;3794;1838;3754;2228;7548;4066;5632;5982;11614
BA;2911105;Formosa do Rio Preto;4756;4115;4625;4792;9381;8907;8871;9417;18288
BA;2911204;Gandu;11298;2360;10762;2740;22060;5100;13658;13502;27160
BA;2911253;Gavião;1083;1236;1120;1353;2203;2589;2319;2473;4792
BA;2911303;Gentio do Ouro;2456;2494;2446;2777;4902;5271;4950;5223;10173
BA;2911402;Glória;1251;6121;1114;6073;2365;12194;7372;7187;14559
BA;2911501;Gongogi;3177;1887;3073;2385;6250;4272;5064;5458;10522
BA;2911600;Governador Mangabeira;3485;5265;3199;5216;6684;10481;8750;8415;17165
BA;2911659;Guajeru;905;5546;818;5567;1723;11113;6451;6385;12836
BA;2911709;Guanambi;28009;8591;25994;9134;54003;17725;36600;35128;71728
BA;2911808;Guaratinga;4994;6476;5023;7826;10017;14302;11470;12849;24319
BA;2911857;Heliópolis;2172;4242;2060;4634;4232;8876;6414;6694;13108
BA;2911907;Iaçu;11020;3199;10616;3666;21636;6865;14219;14282;28501
BA;2912004;Ibiassucê;2012;4199;2025;4592;4037;8791;6211;6617;12828
BA;2912103;Ibicaraí;9907;4561;9426;4967;19333;9528;14468;14393;28861
BA;2912202;Ibicoara;2051;5020;1965;5417;4016;10437;7071;7382;14453
BA;2912301;Ibicuí;5215;2090;5239;2585;10454;4675;7305;7824;15129
BA;2912400;Ibipeba;4564;2854;4718;3226;9282;6080;7418;7944;15362
BA;2912509;Ibipitanga;1919;4796;1744;4960;3663;9756;6715;6704;13419
BA;2912608;Ibiquera;1277;932;1216;1070;2493;2002;2209;2286;4495
BA;2912707;Ibirapitanga;3258;7555;3105;8259;6363;15814;10813;11364;22177
BA;2912806;Ibirapuã;1777;1694;1796;1829;3573;3523;3471;3625;7096
BA;2912905;Ibirataia;9556;2875;9170;3140;18726;6015;12431;12310;24741
BA;2913002;Ibitiara;1453;5865;1261;5864;2714;11729;7318;7125;14443
BA;2913101;Ibititá;4037;4694;4023;5151;8060;9845;8731;9174;17905
BA;2913200;Ibotirama;8278;3558;8106;4207;16384;7765;11836;12313;24149
BA;2913309;Ichu;1350;1460;1313;1470;2663;2930;2810;2783;5593
BA;2913408;Igaporã;3667;3564;3434;3892;7101;7456;7231;7326;14557
BA;2913457;Igrapiúna;1202;5831;1175;6752;2377;12583;7033;7927;14960
BA;2913507;Iguaí;6283;5898;6274;6679;12557;12577;12181;12953;25134
BA;2913606;Ilhéus;83445;28237;78680;31765;162125;60002;111682;110445;222127
BA;2913705;Inhambupe;6507;8264;6074;8744;12581;17008;14771;14818;29589
BA;2913804;Ipecaetá;1052;8282;1013;8036;2065;16318;9334;9049;18383
BA;2913903;Ipiaú;19518;2639;18406;3058;37924;5697;22157;21464;43621
BA;2914000;Ipirá;12353;18917;10967;19509;23320;38426;31270;30476;61746
BA;2914109;Ipupiara;2594;1575;2590;1782;5184;3357;4169;4372;8541
BA;2914208;Irajuba;1356;1720;1361;1925;2717;3645;3076;3286;6362
BA;2914307;Iramaia;3887;4706;3795;5165;7682;9871;8593;8960;17553
BA;2914406;Iraquara;2760;6509;2570;6495;5330;13004;9269;9065;18334
BA;2914505;Irará;4604;8142;4053;8364;8657;16506;12746;12417;25163
BA;2914604;Irecê;27195;2038;25948;2255;53143;4293;29233;28203;57436
BA;2914653;Itabela;9293;3246;9544;3663;18837;6909;12539;13207;25746
BA;2914703;Itaberaba;23379;6804;21138;7622;44517;14426;30183;28760;58943
BA;2914802;Itabuna;99797;2493;91387;2998;191184;5491;102290;94385;196675
BA;2914901;Itacaré;3915;4591;4036;5578;7951;10169;8506;9614;18120
BA;2915007;Itaeté;2824;4080;2630;4472;5454;8552;6904;7102;14006
BA;2915106;Itagi;4995;2163;4991;2480;9986;4643;7158;7471;14629
BA;2915205;Itagibá;4399;3892;4368;4532;8767;8424;8291;8900;17191
BA;2915304;Itagimirim;2927;842;3014;945;5941;1787;3769;3959;7728
BA;2915353;Itaguaçu da Bahia;995;4378;992;4944;1987;9322;5373;5936;11309
BA;2915403;Itaju do Colônia;3270;937;3171;1202;6441;2139;4207;4373;8580
BA;2915502;Itajuípe;8134;2974;7989;3414;16123;6388;11108;11403;22511
BA;2915601;Itamaraju;24438;7388;23599;8719;48037;16107;31826;32318;64144
BA;2915700;Itamari;2703;1274;2785;1585;5488;2859;3977;4370;8347
BA;2915809;Itambé;11257;4349;10918;4326;22175;8675;15606;15244;30850
BA;2915908;Itanagra;905;2157;954;2354;1859;4511;3062;3308;6370
BA;2916005;Itanhém;7125;3329;6965;3915;14090;7244;10454;10880;21334
BA;2916104;Itaparica;9627;;9318;;18945;;9627;9318;18945
BA;2916203;Itapé;4513;2856;4153;3117;8666;5973;7369;7270;14639
BA;2916302;Itapebi;4204;1144;4338;1440;8542;2584;5348;5778;11126
BA;2916401;Itapetinga;28191;1210;26991;1539;55182;2749;29401;28530;57931
BA;2916500;Itapicuru;2642;10694;2443;11536;5085;22230;13336;13979;27315
BA;2916609;Itapitanga;3571;1501;3524;1786;7095;3287;5072;5310;10382
BA;2916708;Itaquara;2097;1753;2068;1943;4165;3696;3850;4011;7861
BA;2916807;Itarantim;6468;1737;6492;2226;12960;3963;8205;8718;16923
BA;2916856;Itatim;4451;1878;4249;2122;8700;4000;6329;6371;12700
BA;2916906;Itiruçu;5141;1781;4730;1933;9871;3714;6922;6663;13585
BA;2917003;Itiúba;4602;12918;4262;13761;8864;26679;17520;18023;35543
BA;2917102;Itororó;8380;1403;8247;1769;16627;3172;9783;10016;19799
BA;2917201;Ituaçu;2352;6364;2077;6475;4429;12839;8716;8552;17268
BA;2917300;Ituberá;8196;3711;7714;4512;15910;8223;11907;12226;24133
BA;2917334;Iuiú;2274;2771;2297;3147;4571;5918;5045;5444;10489
BA;2917359;Jaborandi;1052;3903;971;4362;2023;8265;4955;5333;10288
BA;2917409;Jacaraci;1866;4876;1785;4993;3651;9869;6742;6778;13520
BA;2917508;Jacobina;27166;11904;24922;12500;52088;24404;39070;37422;76492
BA;2917607;Jaguaquara;18147;5381;16956;6137;35103;11518;23528;23093;46621
BA;2917706;Jaguarari;6817;6651;6564;7380;13381;14031;13468;13944;27412
BA;2917805;Jaguaripe;2312;4220;2320;4570;4632;8790;6532;6890;13422
BA;2917904;Jandaíra;2688;2132;2819;2388;5507;4520;4820;5207;10027
BA;2918001;Jequié;67547;7756;62749;9150;130296;16906;75303;71899;147202
BA;2918100;Jeremoabo;7602;9528;7162;10624;14764;20152;17130;17786;34916
BA;2918209;Jiquiriçá;2395;4251;2193;4799;4588;9050;6646;6992;13638
BA;2918308;Jitaúna;4791;5527;4777;5961;9568;11488;10318;10738;21056
BA;2918357;João Dourado;5696;3631;5745;3895;11441;7526;9327;9640;18967
BA;2918407;Juazeiro;68769;19459;64509;21830;133278;41289;88228;86339;174567
BA;2918456;Jucuruçu;907;4915;943;5612;1850;10527;5822;6555;12377
BA;2918506;Jussara;4806;2566;5059;2908;9865;5474;7372;7967;15339
BA;2918555;Jussari;2533;1115;2591;1317;5124;2432;3648;3908;7556
BA;2918605;Jussiape;1954;3250;1812;3035;3766;6285;5204;4847;10051
BA;2918704;Lafaiete Coutinho;967;994;954;1187;1921;2181;1961;2141;4102
BA;2918753;Lagoa Real;1045;5147;961;5612;2006;10759;6192;6573;12765
BA;2918803;Laje;2656;6917;2462;7566;5118;14483;9573;10028;19601
BA;2918902;Lajedão;953;723;899;834;1852;1557;1676;1733;3409
BA;2919009;Lajedinho;581;1526;573;1672;1154;3198;2107;2245;4352
BA;2919058;Lajedo do Tabocal;2333;1664;2275;1828;4608;3492;3997;4103;8100
BA;2919108;Lamarão;987;3724;941;3871;1928;7595;4711;4812;9523
BA;2919157;Lapão;4613;7468;4609;8037;9222;15505;12081;12646;24727
BA;2919207;Lauro de Freitas;55461;2553;52924;2605;108385;5158;58014;55529;113543
BA;2919306;Lençóis;3287;1206;3108;1309;6395;2515;4493;4417;8910
BA;2919405;Licínio de Almeida;3028;3016;2929;3376;5957;6392;6044;6305;12349
BA;2919504;Livramento de Nossa Senhora;8600;10223;8124;11078;16724;21301;18823;19202;38025
BA;2919553;Luís Eduardo Magalhães;;;;;;;;;
BA;2919603;Macajuba;2277;3469;2128;3600;4405;7069;5746;5728;11474
BA;2919702;Macarani;5483;1723;5236;2152;10719;3875;7206;7388;14594
BA;2919801;Macaúbas;6114;14876;5567;15249;11681;30125;20990;20816;41806
BA;2919900;Macururé;1270;3094;1085;3163;2355;6257;4364;4248;8612
BA;2919926;Madre de Deus;5916;207;5683;230;11599;437;6123;5913;12036
BA;2919959;Maetinga;978;5707;996;6005;1974;11712;6685;7001;13686
BA;2920007;Maiquinique;2582;955;2626;1163;5208;2118;3537;3789;7326
BA;2920106;Mairi;5061;5106;4534;5384;9595;10490;10167;9918;20085
BA;2920205;Malhada;3046;4565;3027;4976;6073;9541;7611;8003;15614
BA;2920304;Malhada de Pedras;1175;2951;1173;3127;2348;6078;4126;4300;8426
BA;2920403;Manoel Vitorino;3462;4815;3321;5106;6783;9921;8277;8427;16704
BA;2920452;Mansidão;1168;4079;1166;4633;2334;8712;5247;5799;11046
BA;2920502;Maracás;9537;6278;8979;6889;18516;13167;15815;15868;31683
BA;2920601;Maragogipe;10916;9114;10127;10157;21043;19271;20030;20284;40314
BA;2920700;Maraú;1456;7190;1393;8327;2849;15517;8646;9720;18366
BA;2920809;Marcionílio Souza;2629;2708;2468;2970;5097;5678;5337;5438;10775
BA;2920908;Mascote;5932;1954;5921;2286;11853;4240;7886;8207;16093
BA;2921005;Mata de São João;12651;3535;12318;4064;24969;7599;16186;16382;32568
BA;2921054;Matina;1414;3598;1345;3885;2759;7483;5012;5230;10242
BA;2921104;Medeiros Neto;8129;2405;7898;2803;16027;5208;10534;10701;21235
BA;2921203;Miguel Calmon;7696;6349;7123;7099;14819;13448;14045;14222;28267
BA;2921302;Milagres;4803;1299;4556;1409;9359;2708;6102;5965;12067
BA;2921401;Mirangaba;2427;4678;2286;4870;4713;9548;7105;7156;14261
BA;2921450;Mirante;648;6210;631;6177;1279;12387;6858;6808;13666
BA;2921500;Monte Santo;3750;22786;3476;24540;7226;47326;26536;28016;54552
BA;2921609;Morpará;2768;1410;2726;1693;5494;3103;4178;4419;8597
BA;2921708;Morro do Chapéu;10254;6838;9539;7863;19793;14701;17092;17402;34494
BA;2921807;Mortugaba;2609;3784;2385;3820;4994;7604;6393;6205;12598
BA;2921906;Mucugê;1709;5068;1608;5297;3317;10365;6777;6905;13682
BA;2922003;Mucuri;9367;4367;9318;5010;18685;9377;13734;14328;28062
BA;2922052;Mulungu do Morro;3089;4488;3070;4472;6159;8960;7577;7542;15119
BA;2922102;Mundo Novo;5731;4826;5398;5318;11129;10144;10557;10716;21273
BA;2922201;Muniz Ferreira;1664;1725;1637;1915;3301;3640;3389;3552;6941
BA;2922250;Muquém de São Francisco;479;3754;518;4301;997;8055;4233;4819;9052
BA;2922300;Muritiba;9534;6467;8371;6272;17905;12739;16001;14643;30644
BA;2922409;Mutuípe;4798;5527;4186;5951;8984;11478;10325;10137;20462
BA;2922508;Nazaré;12042;1581;10969;1773;23011;3354;13623;12742;26365
BA;2922607;Nilo Peçanha;1233;4107;1262;4611;2495;8718;5340;5873;11213
BA;2922656;Nordestina;1431;4245;1444;4680;2875;8925;5676;6124;11800
BA;2922706;Nova Canaã;3014;4400;2959;4993;5973;9393;7414;7952;15366
BA;2922730;Nova Fátima;2291;1466;2150;1629;4441;3095;3757;3779;7536
BA;2922755;Nova Ibiá;1281;2216;1253;2416;2534;4632;3497;3669;7166
BA;2922805;Nova Itarana;1269;2012;1228;2083;2497;4095;3281;3311;6592
BA;2922854;Nova Redenção;2291;1961;2201;2183;4492;4144;4252;4384;8636
BA;2922904;Nova Soure;5653;6418;5216;7118;10869;13536;12071;12334;24405
BA;2923001;Nova Viçosa;12256;3548;12380;3892;24636;7440;15804;16272;32076
BA;2923035;Novo Horizonte;1004;3216;996;3286;2000;6502;4220;4282;8502
BA;2923050;Novo Triunfo;2765;4339;2482;4013;5247;8352;7104;6495;13599
BA;2923100;Olindina;5756;6186;5396;6571;11152;12757;11942;11967;23909
BA;2923209;Oliveira dos Brejinhos;2951;7599;2866;8254;5817;15853;10550;11120;21670
BA;2923308;Ouriçangas;1326;2421;1258;2520;2584;4941;3747;3778;7525
BA;2923357;Ourolândia;2288;5190;2170;5708;4458;10898;7478;7878;15356
BA;2923407;Palmas de Monte Alto;3440;6427;3217;7015;6657;13442;9867;10232;20099
BA;2923506;Palmeiras;2085;1714;1914;1805;3999;3519;3799;3719;7518
BA;2923605;Paramirim;4075;5352;3808;5686;7883;11038;9427;9494;18921
BA;2923704;Paratinga;4699;8927;4368;9685;9067;18612;13626;14053;27679
BA;2923803;Paripiranga;4095;9367;3686;9443;7781;18810;13462;13129;26591
BA;2923902;Pau Brasil;4435;1903;4305;2405;8740;4308;6338;6710;13048
BA;2924009;Paulo Afonso;43086;6733;39498;7182;82584;13915;49819;46680;96499
BA;2924058;Pé de Serra;2117;4551;1994;4869;4111;9420;6668;6863;13531
BA;2924108;Pedrão;758;2573;699;2734;1457;5307;3331;3433;6764
BA;2924207;Pedro Alexandre;1120;7167;1011;7655;2131;14822;8287;8666;16953
BA;2924306;Piatã;2998;6751;2773;6455;5771;13206;9749;9228;18977
BA;2924405;Pilão Arcado;4065;11153;3800;11695;7865;22848;15218;15495;30713
BA;2924504;Pindaí;1856;5755;1775;6108;3631;11863;7611;7883;15494
BA;2924603;Pindobaçu;5210;4773;5246;5640;10456;10413;9983;10886;20869
BA;2924652;Pintadas;2098;3342;1978;3509;4076;6851;5440;5487;10927
BA;2924678;Piraí do Norte;1403;3572;1384;4066;2787;7638;4975;5450;10425
BA;2924702;Piripá;2802;5592;2446;5288;5248;10880;8394;7734;16128
BA;2924801;Piritiba;6535;3002;6193;3307;12728;6309;9537;9500;19037
BA;2924900;Planaltino;1486;2338;1504;2635;2990;4973;3824;4139;7963
BA;2925006;Planalto;6349;4466;6188;4704;12537;9170;10815;10892;21707
BA;2925105;Poções;16341;5982;15460;6430;31801;12412;22323;21890;44213
BA;2925204;Pojuca;11270;2069;10614;2250;21884;4319;13339;12864;26203
BA;2925253;Ponto Novo;3431;5176;3336;5244;6767;10420;8607;8580;17187
BA;2925303;Porto Seguro;39421;7596;40198;8506;79619;16102;47017;48704;95721
BA;2925402;Potiraguá;3778;3383;3768;3650;7546;7033;7161;7418;14579
BA;2925501;Prado;7178;5732;6991;6597;14169;12329;12910;13588;26498
BA;2925600;Presidente Dutra;3831;2814;3828;3257;7659;6071;6645;7085;13730
BA;2925709;Presidente Jânio Quadros;1495;6839;1418;7293;2913;14132;8334;8711;17045
BA;2925758;Presidente Tancredo Neves;3083;6218;3138;6965;6221;13183;9301;10103;19404
BA;2925808;Queimadas;5078;7188;4705;7642;9783;14830;12266;12347;24613
BA;2925907;Quijingue;2534;10090;2358;11394;4892;21484;12624;13752;26376
BA;2925931;Quixabeira;1590;3055;1540;3281;3130;6336;4645;4821;9466
BA;2925956;Rafael Jambeiro;2525;8958;2377;8740;4902;17698;11483;11117;22600
BA;2926004;Remanso;10820;7237;10195;8005;21015;15242;18057;18200;36257
BA;2926103;Retirolândia;2813;2649;2661;2768;5474;5417;5462;5429;10891
BA;2926202;Riachão das Neves;5088;5457;5169;6203;10257;11660;10545;11372;21917
BA;2926301;Riachão do Jacuípe;8118;7849;7451;8215;15569;16064;15967;15666;31633
BA;2926400;Riacho de Santana;5605;8548;5406;9084;11011;17632;14153;14490;28643
BA;2926509;Ribeira do Amparo;739;5995;720;6449;1459;12444;6734;7169;13903
BA;2926608;Ribeira do Pombal;13199;10148;12184;10739;25383;20887;23347;22923;46270
BA;2926657;Ribeirão do Largo;2204;4933;2247;5919;4451;10852;7137;8166;15303
BA;2926707;Rio de Contas;3036;4202;2648;4049;5684;8251;7238;6697;13935
BA;2926806;Rio do Antônio;2574;4665;2538;4860;5112;9525;7239;7398;14637
BA;2926905;Rio do Pires;2279;3786;2031;3914;4310;7700;6065;5945;12010
BA;2927002;Rio Real;10199;6254;9844;6963;20043;13217;16453;16807;33260
BA;2927101;Rodelas;2458;698;2328;776;4786;1474;3156;3104;6260
BA;2927200;Ruy Barbosa;10659;4100;9604;4663;20263;8763;14759;14267;29026
BA;2927309;Salinas da Margarida;2386;2882;2225;2884;4611;5766;5268;5109;10377
BA;2927408;Salvador;1292366;489;1149736;516;2442102;1005;1292855;1150252;2443107
BA;2927507;Santa Bárbara;3823;5298;3344;5468;7167;10766;9121;8812;17933
BA;2927606;Santa Brígida;2277;6120;2131;6375;4408;12495;8397;8506;16903
BA;2927705;Santa Cruz Cabrália;6589;4758;6938;5603;13527;10361;11347;12541;23888
BA;2927804;Santa Cruz da Vitória;2463;939;2525;1098;4988;2037;3402;3623;7025
BA;2927903;Santa Inês;5297;292;5077;361;10374;653;5589;5438;11027
BA;2928000;Santaluz;9273;6187;8693;6802;17966;12989;15460;15495;30955
BA;2928059;Santa Luzia;4085;3171;4244;4003;8329;7174;7256;8247;15503
BA;2928109;Santa Maria da Vitória;11517;8896;11270;9578;22787;18474;20413;20848;41261
BA;2928208;Santana;6307;5461;6189;6182;12496;11643;11768;12371;24139
BA;2928307;Santanópolis;650;3710;600;3684;1250;7394;4360;4284;8644
BA;2928406;Santa Rita de Cássia;6215;5503;5970;6338;12185;11841;11718;12308;24026
BA;2928505;Santa Teresinha;965;3322;894;3515;1859;6837;4287;4409;8696
BA;2928604;Santo Amaro;23073;6695;21432;7214;44505;13909;29768;28646;58414
BA;2928703;Santo Antônio de Jesus;35075;5361;31170;5762;66245;11123;40436;36932;77368
BA;2928802;Santo Estêvão;10386;10916;9307;10536;19693;21452;21302;19843;41145
BA;2928901;São Desidério;3531;5610;3598;6267;7129;11877;9141;9865;19006
BA;2928950;São Domingos;1917;2340;1794;2475;3711;4815;4257;4269;8526
BA;2929008;São Félix;4590;2438;4158;2513;8748;4951;7028;6671;13699
BA;2929057;São Félix do Coribe;4316;1481;4236;1725;8552;3206;5797;5961;11758
BA;2929107;São Felipe;4338;5694;3912;6284;8250;11978;10032;10196;20228
BA;2929206;São Francisco do Conde;11046;2181;10824;2231;21870;4412;13227;13055;26282
BA;2929255;São Gabriel;4884;4031;4927;4570;9811;8601;8915;9497;18412
BA;2929305;São Gonçalo dos Campos;7230;6786;6322;6662;13552;13448;14016;12984;27000
BA;2929354;São José da Vitória;2535;474;2619;582;5154;1056;3009;3201;6210
BA;2929370;São José do Jacuípe;2921;1708;2780;1824;5701;3532;4629;4604;9233
BA;2929404;São Miguel das Matas;1448;3510;1324;3738;2772;7248;4958;5062;10020
BA;2929503;São Sebastião do Passé;15113;4925;14436;5486;29549;10411;20038;19922;39960
BA;2929602;Sapeaçu;3962;4491;3562;4435;7524;8926;8453;7997;16450
BA;2929701;Sátiro Dias;1828;6689;1598;7136;3426;13825;8517;8734;17251
BA;2929750;Saubara;5025;55;5051;62;10076;117;5080;5113;10193
BA;2929800;Saúde;3131;2632;2860;2865;5991;5497;5763;5725;11488
BA;2929909;Seabra;8634;11107;8115;11566;16749;22673;19741;19681;39422
BA;2930006;Sebastião Laranjeiras;1834;2708;1805;2936;3639;5644;4542;4741;9283
BA;2930105;Senhor do Bonfim;26877;7957;24466;8423;51343;16380;34834;32889;67723
BA;2930154;Serra do Ramalho;1846;13754;1896;15104;3742;28858;15600;17000;32600
BA;2930204;Sento Sé;8583;7101;8681;8096;17264;15197;15684;16777;32461
BA;2930303;Serra Dourada;2712;5981;2665;6657;5377;12638;8693;9322;18015
BA;2930402;Serra Preta;2951;5942;2741;6092;5692;12034;8893;8833;17726
BA;2930501;Serrinha;23887;18148;22056;19115;45943;37263;42035;41171;83206
BA;2930600;Serrolândia;3144;3162;2898;3412;6042;6574;6306;6310;12616
BA;2930709;Simões Filho;39020;8315;37885;8846;76905;17161;47335;46731;94066
BA;2930758;Sítio do Mato;3209;2455;3261;2827;6470;5282;5664;6088;11752
BA;2930766;Sítio do Quinto;1899;6826;1763;6543;3662;13369;8725;8306;17031
BA;2930774;Sobradinho;10004;794;9606;921;19610;1715;10798;10527;21325
BA;2930808;Souto Soares;2552;4673;2528;5042;5080;9715;7225;7570;14795
BA;2930907;Tabocas do Brejo Velho;1713;4373;1718;4815;3431;9188;6086;6533;12619
BA;2931004;Tanhaçu;3615;6266;3402;6761;7017;13027;9881;10163;20044
BA;2931053;Tanque Novo;2783;5022;2752;5214;5535;10236;7805;7966;15771
BA;2931103;Tanquinho;2672;1096;2410;1282;5082;2378;3768;3692;7460
BA;2931202;Taperoá;3909;3875;3614;4535;7523;8410;7784;8149;15933
BA;2931301;Tapiramutá;6288;2131;6137;2505;12425;4636;8419;8642;17061
BA;2931350;Teixeira de Freitas;50088;4209;48600;4589;98688;8798;54297;53189;107486
BA;2931400;Teodoro Sampaio;3454;1037;3173;1220;6627;2257;4491;4393;8884
BA;2931509;Teofilândia;3001;7027;2857;7547;5858;14574;10028;10404;20432
BA;2931608;Teolândia;1883;4242;1723;4724;3606;8966;6125;6447;12572
BA;2931707;Terra Nova;5771;813;5360;931;11131;1744;6584;6291;12875
BA;2931806;Tremedal;1789;8795;1714;8902;3503;17697;10584;10616;21200
BA;2931905;Tucano;9679;15558;8918;16793;18597;32351;25237;25711;50948
BA;2932002;Uauá;4955;7906;4653;8479;9608;16385;12861;13132;25993
BA;2932101;Ubaíra;4152;5964;3858;6621;8010;12585;10116;10479;20595
BA;2932200;Ubaitaba;9619;2448;8963;2824;18582;5272;12067;11787;23854
BA;2932309;Ubatã;9082;1747;8765;2209;17847;3956;10829;10974;21803
BA;2932408;Uibaí;3890;2726;3990;3008;7880;5734;6616;6998;13614
BA;2932457;Umburanas;3031;3714;3155;4240;6186;7954;6745;7395;14140
BA;2932507;Una;7545;7119;7729;8868;15274;15987;14664;16597;31261
BA;2932606;Urandi;2394;5533;2336;5813;4730;11346;7927;8149;16076
BA;2932705;Uruçuca;7241;2731;6917;3434;14158;6165;9972;10351;20323
BA;2932804;Utinga;5835;2608;5637;2809;11472;5417;8443;8446;16889
BA;2932903;Valença;28980;10056;26904;11569;55884;21625;39036;38473;77509
BA;2933000;Valente;4968;4679;4543;4955;9511;9634;9647;9498;19145
BA;2933059;Várzea da Roça;2992;3710;2855;4076;5847;7786;6702;6931;13633
BA;2933109;Várzea do Poço;2578;1167;2456;1314;5034;2481;3745;3770;7515
BA;2933158;Várzea Nova;4441;2493;4242;2978;8683;5471;6934;7220;14154
BA;2933174;Varzedo;1340;2970;1287;3076;2627;6046;4310;4363;8673
BA;2933208;Vera Cruz;13806;889;14066;989;27872;1878;14695;15055;29750
BA;2933257;Vereda;635;2863;641;3311;1276;6174;3498;3952;7450
BA;2933307;Vitória da Conquista;117083;17775;108462;19174;225545;36949;134858;127636;262494
BA;2933406;Wagner;3079;1362;2958;1577;6037;2939;4441;4535;8976
BA;2933455;Wanderley;2806;3880;2672;4291;5478;8171;6686;6963;13649
BA;2933505;Wenceslau Guimarães;3467;8079;3323;9057;6790;17136;11546;12380;23926
BA;2933604;Xique-Xique;16306;6159;15259;6994;31565;13153;22465;22253;44718
BA;2999919;Trancoso;;;;;;;;;
BA;2999929;Barcellos;;;;;;;;;
BA;2999939;Olivença;;;;;;;;;
BA;2999949;Villa Verde;;;;;;;;;
CE;2300101;Abaiara;1644;2550;1564;2627;3208;5177;4194;4191;8385
CE;2300150;Acarapé;3585;2871;3440;3031;7025;5902;6456;6471;12927
CE;2300200;Acaraú;12447;11846;12135;12540;24582;24386;24293;24675;48968
CE;2300309;Acopiara;11678;11851;10552;13056;22230;24907;23529;23608;47137
CE;2300408;Aiuaba;1706;5497;1456;5793;3162;11290;7203;7249;14452
CE;2300507;Alcântaras;1465;3460;1297;3326;2762;6786;4925;4623;9548
CE;2300606;Altaneira;1997;959;1790;941;3787;1900;2956;2731;5687
CE;2300705;Alto Santo;2902;4787;2545;5160;5447;9947;7689;7705;15394
CE;2300754;Amontada;5866;9631;5936;10900;11802;20531;15497;16836;32333
CE;2300804;Antonina do Norte;2404;1037;2025;1043;4429;2080;3441;3068;6509
CE;2300903;Apuiarés;2782;3368;2671;3719;5453;7087;6150;6390;12540
CE;2301000;Aquiraz;26953;2260;27729;3527;54682;5787;29213;31256;60469
CE;2301109;Aracati;20391;10651;18788;11357;39179;22008;31042;30145;61187
CE;2301208;Aracoiaba;6169;5650;6036;6209;12205;11859;11819;12245;24064
CE;2301257;Ararendá;2110;2962;1965;2971;4075;5933;5072;4936;10008
CE;2301307;Araripe;5200;4682;4951;4773;10151;9455;9882;9724;19606
CE;2301406;Aratuba;1149;4791;1008;5411;2157;10202;5940;6419;12359
CE;2301505;Arneiroz;1132;2590;1014;2802;2146;5392;3722;3816;7538
CE;2301604;Assaré;4989;5546;4439;5908;9428;11454;10535;10347;20882
CE;2301703;Aurora;5311;7380;4769;7747;10080;15127;12691;12516;25207
CE;2301802;Baixio;1296;1513;1289;1626;2585;3139;2809;2915;5724
CE;2301851;Banabuiú;3890;3971;3732;4580;7622;8551;7861;8312;16173
CE;2301901;Barbalha;15985;8120;14684;8242;30669;16362;24105;22926;47031
CE;2301950;Barreira;3270;5264;3105;5385;6375;10649;8534;8490;17024
CE;2302008;Barro;5669;4499;5197;4642;10866;9141;10168;9839;20007
CE;2302057;Barroquinha;4594;2241;4502;2584;9096;4825;6835;7086;13921
CE;2302107;Baturité;10677;4245;10169;4770;20846;9015;14922;14939;29861
CE;2302206;Beberibe;9917;11040;9780;11606;19697;22646;20957;21386;42343
CE;2302305;Bela Cruz;5907;7971;5678;8802;11585;16773;13878;14480;28358
CE;2302404;Boa Viagem;10825;14142;9995;15344;20820;29486;24967;25339;50306
CE;2302503;Brejo Santo;12021;7883;10657;7923;22678;15806;19904;18580;38484
CE;2302602;Camocim;20905;7003;19779;7761;40684;14764;27908;27540;55448
CE;2302701;Campos Sales;9169;4241;7966;4190;17135;8431;13410;12156;25566
CE;2302800;Canindé;20473;14247;19100;15781;39573;30028;34720;34881;69601
CE;2302909;Capistrano;2668;5123;2584;5455;5252;10578;7791;8039;15830
CE;2303006;Caridade;4170;3374;4211;3849;8381;7223;7544;8060;15604
CE;2303105;Cariré;2850;6450;2609;6708;5459;13158;9300;9317;18617
CE;2303204;Caririaçu;5578;7580;5040;7535;10618;15115;13158;12575;25733
CE;2303303;Cariús;3738;5446;3432;5828;7170;11274;9184;9260;18444
CE;2303402;Carnaubal;3588;4099;3337;4206;6925;8305;7687;7543;15230
CE;2303501;Cascavel;24011;4641;23442;5035;47453;9676;28652;28477;57129
CE;2303600;Catarina;3448;4505;3017;4577;6465;9082;7953;7594;15547
CE;2303659;Catunda;2082;2488;1986;2730;4068;5218;4570;4716;9286
CE;2303709;Caucaia;115529;11651;110559;12740;226088;24391;127180;123299;250479
CE;2303808;Cedro;7066;5087;6435;5474;13501;10561;12153;11909;24062
CE;2303907;Chaval;4363;1779;4134;1887;8497;3666;6142;6021;12163
CE;2303931;Choró;1423;4362;1426;4790;2849;9152;5785;6216;12001
CE;2303956;Chorozinho;4746;4457;4723;4781;9469;9238;9203;9504;18707
CE;2304004;Coreaú;5848;4198;5415;4520;11263;8718;10046;9935;19981
CE;2304103;Crateús;25071;11290;22478;12059;47549;23349;36361;34537;70898
CE;2304202;Crato;44892;10184;39025;10545;83917;20729;55076;49570;104646
CE;2304236;Croatá;3830;4359;3468;4407;7298;8766;8189;7875;16064
CE;2304251;Cruz;4237;5691;3981;5870;8218;11561;9928;9851;19779
CE;2304269;Deputado Irapuan Pinheiro;1398;2746;1323;2918;2721;5664;4144;4241;8385
CE;2304277;Ererê;1200;1952;1062;2088;2262;4040;3152;3150;6302
CE;2304285;Eusébio;15761;;15739;;31500;;15761;15739;31500
CE;2304301;Farias Brito;4590;5777;4136;5812;8726;11589;10367;9948;20315
CE;2304350;Forquilha;5933;2840;5686;3029;11619;5869;8773;8715;17488
CE;2304400;Fortaleza;1139166;;1002236;;2141402;;1139166;1002236;2141402
CE;2304459;Fortim;4315;1653;4295;1803;8610;3456;5968;6098;12066
CE;2304509;Frecheirinha;3407;2585;3052;2788;6459;5373;5992;5840;11832
CE;2304608;General Sampaio;1131;1212;1185;1338;2316;2550;2343;2523;4866
CE;2304657;Graça;2550;4991;2288;4984;4838;9975;7541;7272;14813
CE;2304707;Granja;11473;12401;11091;13519;22564;25920;23874;24610;48484
CE;2304806;Granjeiro;665;2056;569;2005;1234;4061;2721;2574;5295
CE;2304905;Groaíras;2901;1512;2687;1641;5588;3153;4413;4328;8741
CE;2304954;Guaiúba;7786;2016;7825;2257;15611;4273;9802;10082;19884
CE;2305001;Guaraciaba do Norte;7622;9942;7204;10269;14826;20211;17564;17473;35037
CE;2305100;Guaramiranga;1148;1651;1182;1733;2330;3384;2799;2915;5714
CE;2305209;Hidrolândia;4695;4213;4427;4352;9122;8565;8908;8779;17687
CE;2305233;Horizonte;14107;2707;14015;2961;28122;5668;16814;16976;33790
CE;2305266;Ibaretama;1686;4449;1680;4746;3366;9195;6135;6426;12561
CE;2305308;Ibiapina;4226;6849;4005;7077;8231;13926;11075;11082;22157
CE;2305332;Ibicuitinga;2163;2369;2224;2679;4387;5048;4532;4903;9435
CE;2305357;Icapuí;2334;5521;2328;5869;4662;11390;7855;8197;16052
CE;2305407;Icó;13822;18056;12225;18418;26047;36474;31878;30643;62521
CE;2305506;Iguatu;32928;11284;29438;11965;62366;23249;44212;41403;85615
CE;2305605;Independência;5416;7208;4849;7789;10265;14997;12624;12638;25262
CE;2305654;Ipaporanga;1687;4014;1516;4030;3203;8044;5701;5546;11247
CE;2305704;Ipaumirim;3206;2602;2993;2738;6199;5340;5808;5731;11539
CE;2305803;Ipu;11692;8094;10712;8580;22404;16674;19786;19292;39078
CE;2305902;Ipueiras;8175;11313;7600;11131;15775;22444;19488;18731;38219
CE;2306009;Iracema;4343;2316;3936;2560;8279;4876;6659;6496;13155
CE;2306108;Irauçuba;5542;4111;5331;4576;10873;8687;9653;9907;19560
CE;2306207;Itaiçaba;1923;1405;1749;1502;3672;2907;3328;3251;6579
CE;2306256;Itaitinga;13227;1270;13319;1401;26546;2671;14497;14720;29217
CE;2306306;Itapagé;14060;6501;13399;7133;27459;13634;20561;20532;41093
CE;2306405;Itapipoca;24946;21837;23535;24051;48481;45888;46783;47586;94369
CE;2306504;Itapiúna;3925;4033;3759;4559;7684;8592;7958;8318;16276
CE;2306553;Itarema;4945;9635;4956;10811;9901;20446;14580;15767;30347
CE;2306603;Itatira;2999;4558;3031;4953;6030;9511;7557;7984;15541
CE;2306702;Jaguaretama;3851;5033;3444;5696;7295;10729;8884;9140;18024
CE;2306801;Jaguaribara;1863;2440;1676;2751;3539;5191;4303;4427;8730
CE;2306900;Jaguaribe;10997;6743;10054;7268;21051;14011;17740;17322;35062
CE;2307007;Jaguaruana;8575;6364;8005;6791;16580;13155;14939;14796;29735
CE;2307106;Jardim;3901;9569;3457;9487;7358;19056;13470;12944;26414
CE;2307205;Jati;1603;2104;1413;2145;3016;4249;3707;3558;7265
CE;2307254;Jijoca de Jericoacoara;1759;4279;1675;4376;3434;8655;6038;6051;12089
CE;2307304;Juazeiro do Norte;107096;4897;95131;5009;202227;9906;111993;100140;212133
CE;2307403;Jucás;6220;5286;5636;5490;11856;10776;11506;11126;22632
CE;2307502;Lavras da Mangabeira;8689;7093;8041;7380;16730;14473;15782;15421;31203
CE;2307601;Limoeiro do Norte;14687;10480;13526;10927;28213;21407;25167;24453;49620
CE;2307635;Madalena;2820;4479;2639;4926;5459;9405;7299;7565;14864
CE;2307650;Maracanaú;91041;285;88129;277;179170;562;91326;88406;179732
CE;2307700;Maranguape;33658;11028;31610;11839;65268;22867;44686;43449;88135
CE;2307809;Marco;5833;4199;5854;4541;11687;8740;10032;10395;20427
CE;2307908;Martinópole;3286;1005;3201;1110;6487;2115;4291;4311;8602
CE;2308005;Massapê;9897;4991;9276;5410;19173;10401;14888;14686;29574
CE;2308104;Mauriti;9365;12044;8714;12276;18079;24320;21409;20990;42399
CE;2308203;Meruoca;2898;2776;2729;2936;5627;5712;5674;5665;11339
CE;2308302;Milagres;5910;7860;5381;7808;11291;15668;13770;13189;26959
CE;2308351;Milhã;2609;3848;2445;4126;5054;7974;6457;6571;13028
CE;2308377;Miraíma;2345;3139;2427;3506;4772;6645;5484;5933;11417
CE;2308401;Missão Velha;6682;9790;6103;10011;12785;19801;16472;16114;32586
CE;2308500;Mombaça;8497;12212;7555;12951;16052;25163;20709;20506;41215
CE;2308609;Monsenhor Tabosa;4070;4060;3753;4461;7823;8521;8130;8214;16344
CE;2308708;Morada Nova;17232;14518;16637;16013;33869;30531;31750;32650;64400
CE;2308807;Moraújo;1696;1834;1656;1860;3352;3694;3530;3516;7046
CE;2308906;Morrinhos;3901;4934;3845;5248;7746;10182;8835;9093;17928
CE;2309003;Mucambo;4047;3066;3527;3171;7574;6237;7113;6698;13811
CE;2309102;Mulungu;1893;2436;1822;2746;3715;5182;4329;4568;8897
CE;2309201;Nova Olinda;3322;2785;3071;2899;6393;5684;6107;5970;12077
CE;2309300;Nova Russas;10918;4229;9926;4274;20844;8503;15147;14200;29347
CE;2309409;Novo Oriente;6572;6704;6137;6706;12709;13410;13276;12843;26119
CE;2309458;Ocara;3192;7247;3180;7965;6372;15212;10439;11145;21584
CE;2309508;Orós;8211;3018;7589;3205;15800;6223;11229;10794;22023
CE;2309607;Pacajus;17602;4727;16699;5042;34301;9769;22329;21741;44070
CE;2309706;Pacatuba;24069;2281;22959;2387;47028;4668;26350;25346;51696
CE;2309805;Pacoti;1933;3355;1876;3765;3809;7120;5288;5641;10929
CE;2309904;Pacujá;1746;1192;1530;1185;3276;2377;2938;2715;5653
CE;2310001;Palhano;2191;1904;2068;2003;4259;3907;4095;4071;8166
CE;2310100;Palmácia;2238;2542;2179;2900;4417;5442;4780;5079;9859
CE;2310209;Paracuru;8538;5173;8135;5695;16673;10868;13711;13830;27541
CE;2310258;Paraipaba;6418;5954;6262;6828;12680;12782;12372;13090;25462
CE;2310298;Cococi;;;;;;;;;
CE;2310308;Parambu;6671;9785;5879;9967;12550;19752;16456;15846;32302
CE;2310407;Paramoti;2117;3236;2058;3559;4175;6795;5353;5617;10970
CE;2310506;Pedra Branca;9158;11494;8189;11901;17347;23395;20652;20090;40742
CE;2310605;Penaforte;2315;1227;2163;1312;4478;2539;3542;3475;7017
CE;2310704;Pentecoste;9733;6328;9479;7060;19212;13388;16061;16539;32600
CE;2310803;Pereiro;2694;5078;2415;5038;5109;10116;7772;7453;15225
CE;2310852;Pindoretama;3461;3947;3357;4186;6818;8133;7408;7543;14951
CE;2310902;Piquet Carneiro;2910;3657;2672;3892;5582;7549;6567;6564;13131
CE;2310951;Pires Ferreira;1428;2913;1385;2917;2813;5830;4341;4302;8643
CE;2311009;Poranga;3610;2309;3525;2293;7135;4602;5919;5818;11737
CE;2311108;Porteiras;2354;5658;2126;5520;4480;11178;8012;7646;15658
CE;2311207;Potengi;2104;2570;1881;2583;3985;5153;4674;4464;9138
CE;2311231;Potiretama;1153;1646;1044;1925;2197;3571;2799;2969;5768
CE;2311264;Quiterianópolis;2593;6560;2475;6727;5068;13287;9153;9202;18355
CE;2311306;Quixadá;24442;10998;22446;11768;46888;22766;35440;34214;69654
CE;2311355;Quixelô;2102;5531;2063;5900;4165;11431;7633;7963;15596
CE;2311405;Quixeramobim;15989;13539;14611;15096;30600;28635;29528;29707;59235
CE;2311504;Quixeré;5009;3455;4848;3550;9857;7005;8464;8398;16862
CE;2311603;Redenção;6507;5987;6280;6219;12787;12206;12494;12499;24993
CE;2311702;Reriutaba;5031;5625;4703;5865;9734;11490;10656;10568;21224
CE;2311801;Russas;18357;10669;16966;11328;35323;21997;29026;28294;57320
CE;2311900;Saboeiro;4174;4127;3624;4301;7798;8428;8301;7925;16226
CE;2311959;Salitre;2236;4588;2253;4848;4489;9436;6824;7101;13925
CE;2312007;Santana do Acaraú;6377;6491;6077;7253;12454;13744;12868;13330;26198
CE;2312106;Santana do Cariri;4152;4222;4026;4447;8178;8669;8374;8473;16847
CE;2312205;Santa Quitéria;9996;11033;9359;11987;19355;23020;21029;21346;42375
CE;2312304;São Benedito;10874;9208;10096;9716;20970;18924;20082;19812;39894
CE;2312403;São Gonçalo do Amarante;10898;6356;11179;7175;22077;13531;17254;18354;35608
CE;2312502;São João do Jaguaribe;1474;2928;1270;2978;2744;5906;4402;4248;8650
CE;2312601;São Luís do Curu;3816;1901;3568;2212;7384;4113;5717;5780;11497
CE;2312700;Senador Pompeu;8310;5618;7372;5925;15682;11543;13928;13297;27225
CE;2312809;Senador Sá;1948;822;1854;981;3802;1803;2770;2835;5605
CE;2312908;Sobral;69938;10063;64570;10705;134508;20768;80001;75275;155276
CE;2313005;Solonópole;3957;4384;3759;4802;7716;9186;8341;8561;16902
CE;2313104;Tabuleiro do Norte;8373;5432;7479;5814;15852;11246;13805;13293;27098
CE;2313203;Tamboril;6319;6595;6082;6977;12401;13572;12914;13059;25973
CE;2313252;Tarrafas;996;3622;951;3644;1947;7266;4618;4595;9213
CE;2313302;Tauá;14074;12202;12647;13025;26721;25227;26276;25672;51948
CE;2313351;Tejuçuoca;2045;4435;2112;4927;4157;9362;6480;7039;13519
CE;2313401;Tianguá;19197;10097;18102;10673;37299;20770;29294;28775;58069
CE;2313500;Trairi;7216;14369;7197;15745;14413;30114;21585;22942;44527
CE;2313559;Tururu;2666;2953;2612;3267;5278;6220;5619;5879;11498
CE;2313609;Ubajara;6476;7030;6014;7575;12490;14605;13506;13589;27095
CE;2313708;Umari;1821;1916;1719;1979;3540;3895;3737;3698;7435
CE;2313757;Umirim;4995;3473;5065;3810;10060;7283;8468;8875;17343
CE;2313807;Uruburetama;5682;2468;5488;2806;11170;5274;8150;8294;16444
CE;2313906;Uruoca;3105;2524;3016;2834;6121;5358;5629;5850;11479
CE;2313955;Varjota;6886;1535;6593;1579;13479;3114;8421;8172;16593
CE;2314003;Várzea Alegre;10152;7620;9116;7956;19268;15576;17772;17072;34844
CE;2314102;Viçosa do Ceará;7375;15022;7103;15927;14478;30949;22397;23030;45427
CE;2399919;Entre Rios;;;;;;;;;
CE;2399929;Mecejana;;;;;;;;;
CE;2399939;Vertentes;;;;;;;;;
DF;5300108;Brasília;1027660;42130;933839;47517;1961499;89647;1069790;981356;2051146
ES;3200102;Afonso Cláudio;7419;8381;7044;9388;14463;17769;15800;16432;32232
ES;3200136;Águia Branca;1198;3437;1143;3821;2341;7258;4635;4964;9599
ES;3200169;Água Doce do Norte;3087;3104;3026;3534;6113;6638;6191;6560;12751
ES;3200201;Alegre;10298;5546;9443;6427;19741;11973;15844;15870;31714
ES;3200300;Alfredo Chaves;2819;3779;2795;4223;5614;8002;6598;7018;13616
ES;3200359;Alto Rio Novo;1780;1609;1788;1787;3568;3396;3389;3575;6964
ES;3200409;Anchieta;6600;2838;6611;3127;13211;5965;9438;9738;19176
ES;3200508;Apiacá;2514;1232;2372;1497;4886;2729;3746;3869;7615
ES;3200607;Aracruz;27464;4867;26994;5312;54458;10179;32331;32306;64637
ES;3200706;Atilio Vivacqua;2046;2028;2009;2244;4055;4272;4074;4253;8327
ES;3200805;Baixo Guandu;10166;3888;9510;4255;19676;8143;14054;13765;27819
ES;3200904;Barra de São Francisco;10622;7951;10034;8990;20656;16941;18573;19024;37597
ES;3201001;Boa Esperança;4631;2094;4538;2416;9169;4510;6725;6954;13679
ES;3201100;Bom Jesus do Norte;4347;398;3985;496;8332;894;4745;4481;9226
ES;3201159;Brejetuba;854;4627;899;5307;1753;9934;5481;6206;11687
ES;3201209;Cachoeiro de Itapemirim;79880;9294;75521;10184;155401;19478;89174;85705;174879
ES;3201308;Cariacica;159318;5534;153662;5771;312980;11305;164852;159433;324285
ES;3201407;Castelo;9029;7102;8520;8105;17549;15207;16131;16625;32756
ES;3201506;Colatina;47330;10106;43968;11307;91298;21413;57436;55275;112711
ES;3201605;Conceição da Barra;9788;3402;9531;3773;19319;7175;13190;13304;26494
ES;3201704;Conceição do Castelo;2279;3092;2089;3450;4368;6542;5371;5539;10910
ES;3201803;Divino de São Lourenço;793;1489;819;1716;1612;3205;2282;2535;4817
ES;3201902;Domingos Martins;3038;11922;2782;12817;5820;24739;14960;15599;30559
ES;3202009;Dores do Rio Preto;1617;1411;1568;1592;3185;3003;3028;3160;6188
ES;3202108;Ecoporanga;6675;5252;6219;5833;12894;11085;11927;12052;23979
ES;3202207;Fundão;5433;996;5368;1212;10801;2208;6429;6580;13009
ES;3202256;Governador Lindenberg;;;;;;;;;
ES;3202306;Guaçuí;10023;2959;9169;3341;19192;6300;12982;12510;25492
ES;3202405;Guarapari;41624;2673;40965;3138;82589;5811;44297;44103;88400
ES;3202454;Ibatiba;5416;4026;5180;4588;10596;8614;9442;9768;19210
ES;3202504;Ibiraçu;3782;1306;3622;1433;7404;2739;5088;5055;10143
ES;3202553;Ibitirama;1309;3039;1301;3562;2610;6601;4348;4863;9211
ES;3202603;Iconha;2406;3190;2387;3498;4793;6688;5596;5885;11481
ES;3202652;Irupi;1749;3202;1788;3615;3537;6817;4951;5403;10354
ES;3202702;Itaguaçu;3559;3472;3478;3986;7037;7458;7031;7464;14495
ES;3202801;Itapemirim;8067;5716;8066;6272;16133;11988;13783;14338;28121
ES;3202900;Itarana;1801;3770;1675;4179;3476;7949;5571;5854;11425
ES;3203007;Iúna;7147;5794;6728;6443;13875;12237;12941;13171;26112
ES;3203056;Jaguaré;5278;4186;5421;4654;10699;8840;9464;10075;19539
ES;3203106;Jerônimo Monteiro;3468;1612;3262;1847;6730;3459;5080;5109;10189
ES;3203130;João Neiva;5362;2292;5123;2524;10485;4816;7654;7647;15301
ES;3203163;Laranja da Terra;1436;3935;1417;4146;2853;8081;5371;5563;10934
ES;3203205;Linhares;47225;9365;45692;10335;92917;19700;56590;56027;112617
ES;3203304;Mantenópolis;3775;2252;3594;2580;7369;4832;6027;6174;12201
ES;3203320;Marataízes;11885;3350;11872;3496;23757;6846;15235;15368;30603
ES;3203346;Marechal Floriano;2625;3233;2645;3685;5270;6918;5858;6330;12188
ES;3203353;Marilândia;2027;2816;1954;3127;3981;5943;4843;5081;9924
ES;3203403;Mimoso do Sul;6827;6026;6456;6890;13283;12916;12853;13346;26199
ES;3203502;Montanha;6564;2015;6368;2316;12932;4331;8579;8684;17263
ES;3203601;Mucurici;1620;1256;1550;1474;3170;2730;2876;3024;5900
ES;3203700;Muniz Freire;3667;5862;3544;6616;7211;12478;9529;10160;19689
ES;3203809;Muqui;4535;2291;4107;2737;8642;5028;6826;6844;13670
ES;3203908;Nova Venécia;14064;7239;13326;8386;27390;15625;21303;21712;43015
ES;3204005;Pancas;4578;5412;4264;6148;8842;11560;9990;10412;20402
ES;3204054;Pedro Canário;10111;831;10081;938;20192;1769;10942;11019;21961
ES;3204104;Pinheiros;7055;3478;6915;3872;13970;7350;10533;10787;21320
ES;3204203;Piúma;7037;416;7064;470;14101;886;7453;7534;14987
ES;3204252;Ponto Belo;2426;611;2441;785;4867;1396;3037;3226;6263
ES;3204302;Presidente Kennedy;1238;3379;1292;3646;2530;7025;4617;4938;9555
ES;3204351;Rio Bananal;2177;5635;2170;6342;4347;11977;7812;8512;16324
ES;3204401;Rio Novo do Sul;2921;2585;2859;2906;5780;5491;5506;5765;11271
ES;3204500;Santa Leopoldina;1249;4662;1217;5335;2466;9997;5911;6552;12463
ES;3204559;Santa Maria de Jetibá;2593;11497;2509;12175;5102;23672;14090;14684;28774
ES;3204609;Santa Teresa;4921;5127;4793;5781;9714;10908;10048;10574;20622
ES;3204658;São Domingos do Norte;1363;2282;1371;2531;2734;4813;3645;3902;7547
ES;3204708;São Gabriel da Palha;9443;3817;8922;4406;18365;8223;13260;13328;26588
ES;3204807;São José do Calçado;3555;1599;3404;1923;6959;3522;5154;5327;10481
ES;3204906;São Mateus;35417;10041;33587;11415;69004;21456;45458;45002;90460
ES;3204955;São Roque do Canaã;2177;2836;2269;3113;4446;5949;5013;5382;10395
ES;3205002;Serra;161997;726;157624;834;319621;1560;162723;158458;321181
ES;3205010;Sooretama;5740;3231;5679;3619;11419;6850;8971;9298;18269
ES;3205036;Vargem Alta;2430;5794;2492;6660;4922;12454;8224;9152;17376
ES;3205069;Venda Nova do Imigrante;5025;2856;4887;3397;9912;6253;7881;8284;16165
ES;3205101;Viana;24828;1804;24769;2051;49597;3855;26632;26820;53452
ES;3205150;Vila Pavão;982;3056;961;3331;1943;6387;4038;4292;8330
ES;3205176;Vila Valério;2048;4557;2045;5225;4093;9782;6605;7270;13875
ES;3205200;Vila Velha;179366;629;165259;711;344625;1340;179995;165970;345965
ES;3205309;Vitória;154366;;137938;;292304;;154366;137938;292304
ES;3299919;Riacho;;;;;;;;;
ES;3299929;Ponte do Itabapoana;;;;;;;;;
GO;5200050;Abadia de Goiás;1588;861;1508;1014;3096;1875;2449;2522;4971
GO;5200100;Abadiânia;3611;1903;3595;2343;7206;4246;5514;5938;11452
GO;5200134;Acreúna;7846;1094;8037;1324;15883;2418;8940;9361;18301
GO;5200159;Adelândia;994;182;1045;239;2039;421;1176;1284;2460
GO;5200175;Água Fria de Goiás;772;1240;831;1626;1603;2866;2012;2457;4469
GO;5200209;Água Limpa;755;307;799;339;1554;646;1062;1138;2200
GO;5200258;Águas Lindas de Goiás;52512;70;53071;93;105583;163;52582;53164;105746
GO;5200308;Alexânia;8078;1876;7857;2236;15935;4112;9954;10093;20047
GO;5200506;Aloândia;849;175;886;218;1735;393;1024;1104;2128
GO;5200555;Alto Horizonte;770;427;850;517;1620;944;1197;1367;2564
GO;5200605;Alto Paraíso de Goiás;2071;871;2108;1132;4179;2003;2942;3240;6182
GO;5200803;Alvorada do Norte;3421;332;3366;441;6787;773;3753;3807;7560
GO;5200829;Amaralina;560;863;611;1040;1171;1903;1423;1651;3074
GO;5200852;Americano do Brasil;2018;372;2098;445;4116;817;2390;2543;4933
GO;5200902;Amorinópolis;1221;790;1218;916;2439;1706;2011;2134;4145
GO;5201108;Anápolis;143888;3712;136276;4209;280164;7921;147600;140485;288085
GO;5201207;Anhanguera;414;24;426;31;840;55;438;457;895
GO;5201306;Anicuns;7293;1853;7436;2172;14729;4025;9146;9608;18754
GO;5201405;Aparecida de Goiânia;169068;408;166479;437;335547;845;169476;166916;336392
GO;5201454;Aparecida do Rio Doce;906;268;901;327;1807;595;1174;1228;2402
GO;5201504;Aporé;1024;604;1072;727;2096;1331;1628;1799;3427
GO;5201603;Araçu;1759;292;1745;331;3504;623;2051;2076;4127
GO;5201702;Aragarças;8085;192;8033;282;16118;474;8277;8315;16592
GO;5201801;Aragoiânia;2158;1018;2104;1144;4262;2162;3176;3248;6424
GO;5202155;Araguapaz;2423;1064;2518;1305;4941;2369;3487;3823;7310
GO;5202353;Arenópolis;1116;767;1118;998;2234;1765;1883;2116;3999
GO;5202502;Aruanã;1864;570;2016;645;3880;1215;2434;2661;5095
GO;5202601;Aurilândia;1549;544;1530;612;3079;1156;2093;2142;4235
GO;5202809;Avelinópolis;860;379;811;457;1671;836;1239;1268;2507
GO;5203104;Baliza;540;502;537;691;1077;1193;1042;1228;2270
GO;5203203;Barro Alto;1995;1109;1939;1208;3934;2317;3104;3147;6251
GO;5203302;Bela Vista de Goiás;6162;3125;6116;3807;12278;6932;9287;9923;19210
GO;5203401;Bom Jardim de Goiás;2915;956;2999;1198;5914;2154;3871;4197;8068
GO;5203500;Bom Jesus de Goiás;7252;672;7494;839;14746;1511;7924;8333;16257
GO;5203559;Bonfinópolis;2379;193;2529;252;4908;445;2572;2781;5353
GO;5203575;Bonópolis;537;678;594;789;1131;1467;1215;1383;2598
GO;5203609;Brazabrantes;858;487;865;562;1723;1049;1345;1427;2772
GO;5203807;Britânia;2136;462;2153;528;4289;990;2598;2681;5279
GO;5203906;Buriti Alegre;3721;618;3650;729;7371;1347;4339;4379;8718
GO;5203939;Buriti de Goiás;826;449;872;512;1698;961;1275;1384;2659
GO;5203962;Buritinópolis;820;812;831;920;1651;1732;1632;1751;3383
GO;5204003;Cabeceiras;2415;805;2489;1049;4904;1854;3220;3538;6758
GO;5204102;Cachoeira Alta;2985;1137;3096;1428;6081;2565;4122;4524;8646
GO;5204201;Cachoeira de Goiás;600;114;627;157;1227;271;714;784;1498
GO;5204250;Cachoeira Dourada;1928;2181;2012;2404;3940;4585;4109;4416;8525
GO;5204300;Caçu;4079;1126;4013;1357;8092;2483;5205;5370;10575
GO;5204409;Caiapônia;5507;1734;5312;2120;10819;3854;7241;7432;14673
GO;5204508;Caldas Novas;23592;1049;23716;1303;47308;2352;24641;25019;49660
GO;5204557;Caldazinha;590;731;604;934;1194;1665;1321;1538;2859
GO;5204607;Campestre de Goiás;964;533;1024;646;1988;1179;1497;1670;3167
GO;5204656;Campinaçu;908;779;974;1046;1882;1825;1687;2020;3707
GO;5204706;Campinorte;3568;1171;3506;1396;7074;2567;4739;4902;9641
GO;5204805;Campo Alegre de Goiás;1423;739;1448;918;2871;1657;2162;2366;4528
GO;5204854;Campo Limpo de Goiás;;;;;;;;;
GO;5204904;Campos Belos;7148;1279;7059;1561;14207;2840;8427;8620;17047
GO;5204953;Campos Verdes;3478;375;3736;468;7214;843;3853;4204;8057
GO;5205000;Carmo do Rio Verde;2607;1274;2575;1485;5182;2759;3881;4060;7941
GO;5205059;Castelândia;1651;159;1840;232;3491;391;1810;2072;3882
GO;5205109;Catalão;29078;3045;28528;3696;57606;6741;32123;32224;64347
GO;5205208;Caturaí;1528;544;1589;669;3117;1213;2072;2258;4330
GO;5205307;Cavalcante;1810;2473;1844;3023;3654;5496;4283;4867;9150
GO;5205406;Ceres;9202;1925;8921;2161;18123;4086;11127;11082;22209
GO;5205455;Cezarina;2157;988;2228;1141;4385;2129;3145;3369;6514
GO;5205471;Chapadão do Céu;1348;437;1470;523;2818;960;1785;1993;3778
GO;5205497;Cidade Ocidental;17688;2852;16777;3060;34465;5912;20540;19837;40377
GO;5205513;Cocalzinho de Goiás;3023;4053;2977;4573;6000;8626;7076;7550;14626
GO;5205521;Colinas do Sul;1084;648;1165;805;2249;1453;1732;1970;3702
GO;5205703;Córrego do Ouro;810;657;799;707;1609;1364;1467;1506;2973
GO;5205802;Corumbá de Goiás;2825;1818;2772;2264;5597;4082;4643;5036;9679
GO;5205901;Corumbaíba;2431;751;2424;1049;4855;1800;3182;3473;6655
GO;5206206;Cristalina;13559;2953;14010;3594;27569;6547;16512;17604;34116
GO;5206305;Cristianópolis;1199;232;1172;321;2371;553;1431;1493;2924
GO;5206404;Crixás;5376;1563;5659;2075;11035;3638;6939;7734;14673
GO;5206503;Cromínia;1373;405;1344;538;2717;943;1778;1882;3660
GO;5206602;Cumari;1150;354;1151;450;2301;804;1504;1601;3105
GO;5206701;Damianópolis;742;860;760;941;1502;1801;1602;1701;3303
GO;5206800;Damolândia;900;317;985;371;1885;688;1217;1356;2573
GO;5206909;Davinópolis;632;352;662;463;1294;815;984;1125;2109
GO;5207105;Diorama;713;472;729;584;1442;1056;1185;1313;2498
GO;5207253;Doverlândia;2584;1420;2745;1809;5329;3229;4004;4554;8558
GO;5207352;Edealina;1225;602;1241;735;2466;1337;1827;1976;3803
GO;5207402;Edéia;3996;974;4111;1142;8107;2116;4970;5253;10223
GO;5207501;Estrela do Norte;1498;183;1490;227;2988;410;1681;1717;3398
GO;5207535;Faina;1825;1657;1873;2064;3698;3721;3482;3937;7419
GO;5207600;Fazenda Nova;2283;1110;2340;1360;4623;2470;3393;3700;7093
GO;5207808;Firminópolis;3906;1071;3733;1199;7639;2270;4977;4932;9909
GO;5207907;Flores de Goiás;1145;2374;1080;2915;2225;5289;3519;3995;7514
GO;5208004;Formosa;35154;4159;34131;5207;69285;9366;39313;39338;78651
GO;5208103;Formoso;2023;726;1997;843;4020;1569;2749;2840;5589
GO;5208152;Gameleira de Goiás;;;;;;;;;
GO;5208301;Divinópolis de Goiás;1478;960;1515;1219;2993;2179;2438;2734;5172
GO;5208400;Goianápolis;4780;398;5025;468;9805;866;5178;5493;10671
GO;5208509;Goiandira;2148;318;2051;450;4199;768;2466;2501;4967
GO;5208608;Goianésia;22630;1920;22282;2328;44912;4248;24550;24610;49160
GO;5208707;Goiânia;568553;3399;517253;3802;1085806;7201;571952;521055;1093007
GO;5208806;Goianira;9004;298;9060;357;18064;655;9302;9417;18719
GO;5208905;Goiás;10195;3260;9606;4059;19801;7319;13455;13665;27120
GO;5209101;Goiatuba;14071;1510;13735;1814;27806;3324;15581;15549;31130
GO;5209150;Gouvelândia;1405;499;1493;612;2898;1111;1904;2105;4009
GO;5209200;Guapó;5040;1831;4876;2116;9916;3947;6871;6992;13863
GO;5209291;Guaraíta;723;627;756;688;1479;1315;1350;1444;2794
GO;5209408;Guarani de Goiás;847;1308;861;1662;1708;2970;2155;2523;4678
GO;5209457;Guarinos;653;698;672;821;1325;1519;1351;1493;2844
GO;5209606;Heitoraí;1146;524;1143;632;2289;1156;1670;1775;3445
GO;5209705;Hidrolândia;3871;2411;3965;2839;7836;5250;6282;6804;13086
GO;5209804;Hidrolina;1524;693;1517;814;3041;1507;2217;2331;4548
GO;5209903;Iaciara;4025;1540;3973;1757;7998;3297;5565;5730;11295
GO;5209937;Inaciolândia;1978;554;2080;627;4058;1181;2532;2707;5239
GO;5209952;Indiara;4534;1064;4919;1299;9453;2363;5598;6218;11816
GO;5210000;Inhumas;20333;1779;19643;2142;39976;3921;22112;21785;43897
GO;5210109;Ipameri;9646;1642;9194;2146;18840;3788;11288;11340;22628
GO;5210158;Ipiranga de Goiás;;;;;;;;;
GO;5210208;Iporá;14527;1454;13665;1654;28192;3108;15981;15319;31300
GO;5210307;Israelândia;1126;328;1171;379;2297;707;1454;1550;3004
GO;5210406;Itaberaí;10678;3077;10571;3553;21249;6630;13755;14124;27879
GO;5210562;Itaguari;1764;396;1744;481;3508;877;2160;2225;4385
GO;5210604;Itaguaru;2274;508;2297;617;4571;1125;2782;2914;5696
GO;5210802;Itajá;2113;1080;2036;1343;4149;2423;3193;3379;6572
GO;5210901;Itapaci;5984;889;5966;1092;11950;1981;6873;7058;13931
GO;5211008;Itapirapuã;3799;1578;3663;1816;7462;3394;5377;5479;10856
GO;5211206;Itapuranga;10164;3189;9741;3646;19905;6835;13353;13387;26740
GO;5211305;Itarumã;1496;1079;1537;1334;3033;2413;2575;2871;5446
GO;5211404;Itauçu;3159;975;2998;1145;6157;2120;4134;4143;8277
GO;5211503;Itumbiara;39216;1903;37907;2404;77123;4307;41119;40311;81430
GO;5211602;Ivolândia;757;659;778;798;1535;1457;1416;1576;2992
GO;5211701;Jandaia;1999;1035;2022;1286;4021;2321;3034;3308;6342
GO;5211800;Jaraguá;12364;3932;12309;4679;24673;8611;16296;16988;33284
GO;5211909;Jataí;34938;2887;33883;3743;68821;6630;37825;37626;75451
GO;5212006;Jaupaci;1227;287;1286;354;2513;641;1514;1640;3154
GO;5212055;Jesúpolis;697;275;812;339;1509;614;972;1151;2123
GO;5212105;Joviânia;2935;423;3043;503;5978;926;3358;3546;6904
GO;5212204;Jussara;7908;2080;7718;2328;15626;4408;9988;10046;20034
GO;5212253;Lagoa Santa;;;;;;;;;
GO;5212303;Leopoldo de Bulhões;2342;1383;2362;1679;4704;3062;3725;4041;7766
GO;5212501;Luziânia;65383;4910;64782;6007;130165;10917;70293;70789;141082
GO;5212600;Mairipotaba;730;405;758;510;1488;915;1135;1268;2403
GO;5212709;Mambaí;1464;839;1553;982;3017;1821;2303;2535;4838
GO;5212808;Mara Rosa;4232;1602;4106;1999;8338;3601;5834;6105;11939
GO;5212907;Marzagão;842;123;819;136;1661;259;965;955;1920
GO;5212956;Matrinchã;1596;576;1658;690;3254;1266;2172;2348;4520
GO;5213004;Maurilândia;4085;222;4352;310;8437;532;4307;4662;8969
GO;5213053;Mimoso de Goiás;586;741;600;874;1186;1615;1327;1474;2801
GO;5213087;Minaçu;14270;2099;14641;2598;28911;4697;16369;17239;33608
GO;5213103;Mineiros;17422;1911;17238;2453;34660;4364;19333;19691;39024
GO;5213400;Moiporá;628;333;665;397;1293;730;961;1062;2023
GO;5213509;Monte Alegre de Goiás;1365;1905;1381;2241;2746;4146;3270;3622;6892
GO;5213707;Montes Claros de Goiás;2355;1520;2404;1712;4759;3232;3875;4116;7991
GO;5213756;Montividiu;2633;1051;2777;1275;5410;2326;3684;4052;7736
GO;5213772;Montividiu do Norte;633;1131;598;1427;1231;2558;1764;2025;3789
GO;5213806;Morrinhos;15725;2719;15204;3342;30929;6061;18444;18546;36990
GO;5213855;Morro Agudo de Goiás;817;406;767;499;1584;905;1223;1266;2489
GO;5213905;Mossâmedes;1743;1009;1852;1194;3595;2203;2752;3046;5798
GO;5214002;Mozarlândia;4745;665;4930;846;9675;1511;5410;5776;11186
GO;5214051;Mundo Novo;2397;1440;2432;1840;4829;3280;3837;4272;8109
GO;5214101;Mutunópolis;1372;524;1404;658;2776;1182;1896;2062;3958
GO;5214408;Nazário;2909;342;2962;418;5871;760;3251;3380;6631
GO;5214507;Nerópolis;8703;621;8550;704;17253;1325;9324;9254;18578
GO;5214606;Niquelândia;13243;5369;13335;6626;26578;11995;18612;19961;38573
GO;5214705;Nova América;694;337;734;420;1428;757;1031;1154;2185
GO;5214804;Nova Aurora;781;116;882;148;1663;264;897;1030;1927
GO;5214838;Nova Crixás;3419;1759;3629;2254;7048;4013;5178;5883;11061
GO;5214861;Nova Glória;2860;1559;2828;1697;5688;3256;4419;4525;8944
GO;5214879;Nova Iguaçu de Goiás;817;495;809;625;1626;1120;1312;1434;2746
GO;5214903;Nova Roma;673;1059;668;1317;1341;2376;1732;1985;3717
GO;5215009;Nova Veneza;2625;485;2729;575;5354;1060;3110;3304;6414
GO;5215207;Novo Brasil;1303;733;1268;877;2571;1610;2036;2145;4181
GO;5215231;Novo Gama;37108;602;35918;752;73026;1354;37710;36670;74380
GO;5215256;Novo Planalto;1398;214;1527;293;2925;507;1612;1820;3432
GO;5215306;Orizona;3260;2947;3122;3738;6382;6685;6207;6860;13067
GO;5215405;Ouro Verde de Goiás;1258;832;1307;961;2565;1793;2090;2268;4358
GO;5215504;Ouvidor;1610;396;1774;491;3384;887;2006;2265;4271
GO;5215603;Padre Bernardo;6630;3815;6642;4427;13272;8242;10445;11069;21514
GO;5215652;Palestina de Goiás;923;688;897;799;1820;1487;1611;1696;3307
GO;5215702;Palmeiras de Goiás;6796;1950;6704;2372;13500;4322;8746;9076;17822
GO;5215801;Palmelo;1107;46;1093;63;2200;109;1153;1156;2309
GO;5215900;Palminópolis;1127;615;1130;689;2257;1304;1742;1819;3561
GO;5216007;Panamá;948;368;995;465;1943;833;1316;1460;2776
GO;5216304;Paranaiguara;3667;449;3562;514;7229;963;4116;4076;8192
GO;5216403;Paraúna;3870;1427;3816;1721;7686;3148;5297;5537;10834
GO;5216452;Perolândia;829;502;871;589;1700;1091;1331;1460;2791
GO;5216809;Petrolina de Goiás;3252;1811;3185;2133;6437;3944;5063;5318;10381
GO;5216908;Pilar de Goiás;576;954;624;1185;1200;2139;1530;1809;3339
GO;5217104;Piracanjuba;8128;3256;8049;4124;16177;7380;11384;12173;23557
GO;5217203;Piranhas;5026;1035;4983;1243;10009;2278;6061;6226;12287
GO;5217302;Pirenópolis;6255;3941;6220;4829;12475;8770;10196;11049;21245
GO;5217401;Pires do Rio;12507;774;11966;982;24473;1756;13281;12948;26229
GO;5217609;Planaltina;35502;1528;34625;2063;70127;3591;37030;36688;73718
GO;5217708;Pontalina;6806;1421;6576;1753;13382;3174;8227;8329;16556
GO;5218003;Porangatu;16905;2773;16518;3397;33423;6170;19678;19915;39593
GO;5218052;Porteirão;1156;187;1280;200;2436;387;1343;1480;2823
GO;5218102;Portelândia;1343;394;1474;485;2817;879;1737;1959;3696
GO;5218300;Posse;9305;3409;9083;3899;18388;7308;12714;12982;25696
GO;5218391;Professor Jamil;1087;534;1090;692;2177;1226;1621;1782;3403
GO;5218508;Quirinópolis;15673;2577;15149;3113;30822;5690;18250;18262;36512
GO;5218607;Rialma;4732;488;4424;566;9156;1054;5220;4990;10210
GO;5218706;Rianápolis;1851;291;1879;343;3730;634;2142;2222;4364
GO;5218789;Rio Quente;776;204;872;245;1648;449;980;1117;2097
GO;5218805;Rio Verde;53307;4745;52772;5728;106079;10473;58052;58500;116552
GO;5218904;Rubiataba;7755;1330;7451;1551;15206;2881;9085;9002;18087
GO;5219001;Sanclerlândia;2831;779;2934;986;5765;1765;3610;3920;7530
GO;5219100;Santa Bárbara de Goiás;2113;338;2120;392;4233;730;2451;2512;4963
GO;5219209;Santa Cruz de Goiás;521;1082;522;1345;1043;2427;1603;1867;3470
GO;5219258;Santa Fé de Goiás;1510;454;1602;517;3112;971;1964;2119;4083
GO;5219308;Santa Helena de Goiás;16164;991;16185;1205;32349;2196;17155;17390;34545
GO;5219357;Santa Isabel;614;1097;641;1240;1255;2337;1711;1881;3592
GO;5219407;Santa Rita do Araguaia;2288;197;2340;262;4628;459;2485;2602;5087
GO;5219456;Santa Rita do Novo Destino;493;909;550;1073;1043;1982;1402;1623;3025
GO;5219506;Santa Rosa de Goiás;1150;562;1147;689;2297;1251;1712;1836;3548
GO;5219605;Santa Tereza de Goiás;1932;356;1988;421;3920;777;2288;2409;4697
GO;5219704;Santa Terezinha de Goiás;4437;1443;4434;1701;8871;3144;5880;6135;12015
GO;5219712;Santo Antônio da Barra;1536;340;1755;421;3291;761;1876;2176;4052
GO;5219738;Santo Antônio de Goiás;1249;255;1315;287;2564;542;1504;1602;3106
GO;5219753;Santo Antônio do Descoberto;24140;1629;24258;1870;48398;3499;25769;26128;51897
GO;5219803;São Domingos;2231;2375;2203;2827;4434;5202;4606;5030;9636
GO;5219902;São Francisco de Goiás;2006;900;2035;1087;4041;1987;2906;3122;6028
GO;5220009;São João d'Aliança;2078;1097;2110;1451;4188;2548;3175;3561;6736
GO;5220058;São João da Paraúna;674;299;683;368;1357;667;973;1051;2024
GO;5220108;São Luís de Montes Belos;11465;1956;10806;2156;22271;4112;13421;12962;26383
GO;5220157;São Luíz do Norte;1523;445;1600;521;3123;966;1968;2121;4089
GO;5220207;São Miguel do Araguaia;9026;2127;9027;2613;18053;4740;11153;11640;22793
GO;5220264;São Miguel do Passa Quatro;722;894;779;1086;1501;1980;1616;1865;3481
GO;5220280;São Patrício;414;481;413;527;827;1008;895;940;1835
GO;5220405;São Simão;6543;130;6734;145;13277;275;6673;6879;13552
GO;5220454;Senador Canedo;25278;1236;25164;1427;50442;2663;26514;26591;53105
GO;5220504;Serranópolis;2007;975;2088;1377;4095;2352;2982;3465;6447
GO;5220603;Silvânia;5277;4457;5076;5529;10353;9986;9734;10605;20339
GO;5220686;Simolândia;2612;462;2587;558;5199;1020;3074;3145;6219
GO;5220702;Sítio d'Abadia;427;811;425;1018;852;1829;1238;1443;2681
GO;5221007;Taquaral de Goiás;1168;542;1199;678;2367;1220;1710;1877;3587
GO;5221080;Teresina de Goiás;888;369;887;441;1775;810;1257;1328;2585
GO;5221197;Terezópolis de Goiás;1803;694;1813;773;3616;1467;2497;2586;5083
GO;5221304;Três Ranchos;1122;239;1154;316;2276;555;1361;1470;2831
GO;5221403;Trindade;39791;1497;38408;1761;78199;3258;41288;40169;81457
GO;5221452;Trombas;1235;380;1275;544;2510;924;1615;1819;3434
GO;5221502;Turvânia;1972;538;2021;603;3993;1141;2510;2624;5134
GO;5221551;Turvelândia;1075;567;1214;668;2289;1235;1642;1882;3524
GO;5221577;Uirapuru;687;742;718;896;1405;1638;1429;1614;3043
GO;5221601;Uruaçu;15417;1523;14702;1888;30119;3411;16940;16590;33530
GO;5221700;Uruana;5539;1407;5380;1612;10919;3019;6946;6992;13938
GO;5221809;Urutaí;1126;374;1087;517;2213;891;1500;1604;3104
GO;5221858;Valparaíso de Goiás;48543;;46313;;94856;;48543;46313;94856
GO;5221908;Varjão;1131;590;1088;710;2219;1300;1721;1798;3519
GO;5222005;Vianópolis;3897;1637;3826;1940;7723;3577;5534;5766;11300
GO;5222054;Vicentinópolis;2385;503;2542;585;4927;1088;2888;3127;6015
GO;5222203;Vila Boa;1356;252;1346;333;2702;585;1608;1679;3287
GO;5222302;Vila Propício;585;1539;589;1779;1174;3318;2124;2368;4492
MA;2100055;Açailândia;32674;11374;31490;12782;64164;24156;44048;44272;88320
MA;2100105;Afonso Cunha;1136;1185;1119;1240;2255;2425;2321;2359;4680
MA;2100154;Água Doce do Maranhão;1345;3278;1402;3678;2747;6956;4623;5080;9703
MA;2100204;Alcântara;2835;7308;2830;8318;5665;15626;10143;11148;21291
MA;2100303;Aldeias Altas;3706;5359;3669;6093;7375;11452;9065;9762;18827
MA;2100402;Altamira do Maranhão;1506;2865;1388;3106;2894;5971;4371;4494;8865
MA;2100436;Alto Alegre do Maranhão;6752;3577;6245;3588;12997;7165;10329;9833;20162
MA;2100477;Alto Alegre do Pindaré;3955;10622;3954;11646;7909;22268;14577;15600;30177
MA;2100501;Alto Parnaíba;3080;1891;2958;2245;6038;4136;4971;5203;10174
MA;2100550;Amapá do Maranhão;1904;668;2075;784;3979;1452;2572;2859;5431
MA;2100600;Amarante do Maranhão;5314;9516;5504;10958;10818;20474;14830;16462;31292
MA;2100709;Anajatuba;3086;8011;2906;8975;5992;16986;11097;11881;22978
MA;2100808;Anapurus;2375;2693;2226;2986;4601;5679;5068;5212;10280
MA;2100832;Apicum-Açu;2652;2664;2901;2882;5553;5546;5316;5783;11099
MA;2100873;Araguanã;1956;2415;1943;2809;3899;5224;4371;4752;9123
MA;2100907;Araioses;4606;12178;4528;13594;9134;25772;16784;18122;34906
MA;2100956;Arame;5885;8818;5576;9564;11461;18382;14703;15140;29843
MA;2101004;Arari;7928;5086;7525;5827;15453;10913;13014;13352;26366
MA;2101103;Axixá;596;4352;606;4588;1202;8940;4948;5194;10142
MA;2101202;Bacabal;37936;9835;33472;10580;71408;20415;47771;44052;91823
MA;2101251;Bacabeira;926;4189;966;4435;1892;8624;5115;5401;10516
MA;2101301;Bacuri;3857;3696;3792;4186;7649;7882;7553;7978;15531
MA;2101350;Bacurituba;554;1635;585;1897;1139;3532;2189;2482;4671
MA;2101400;Balsas;25609;4723;24535;5296;50144;10019;30332;29831;60163
MA;2101509;Barão de Grajaú;4105;3528;3782;3934;7887;7462;7633;7716;15349
MA;2101608;Barra do Corda;22279;16220;21133;18515;43412;34735;38499;39648;78147
MA;2101707;Barreirinhas;6743;12526;6466;13934;13209;26460;19269;20400;39669
MA;2101731;Belágua;913;1631;916;1793;1829;3424;2544;2709;5253
MA;2101772;Bela Vista do Maranhão;1760;3063;1704;3373;3464;6436;4823;5077;9900
MA;2101806;Benedito Leite;1135;1433;1097;1623;2232;3056;2568;2720;5288
MA;2101905;Bequimão;2624;6895;2524;7657;5148;14552;9519;10181;19700
MA;2101939;Bernardo do Mearim;807;1795;739;1898;1546;3693;2602;2637;5239
MA;2101970;Boa Vista do Gurupi;2123;444;2081;480;4204;924;2567;2561;5128
MA;2102002;Bom Jardim;6312;10585;5814;11763;12126;22348;16897;17577;34474
MA;2102036;Bom Jesus das Selvas;3901;3943;4066;4635;7967;8578;7844;8701;16545
MA;2102077;Bom Lugar;995;4608;934;4997;1929;9605;5603;5931;11534
MA;2102101;Brejo;5520;8017;5136;8840;10656;16857;13537;13976;27513
MA;2102150;Brejo de Areia;1034;3960;1030;4394;2064;8354;4994;5424;10418
MA;2102200;Buriti;3693;8108;3502;8823;7195;16931;11801;12325;24126
MA;2102309;Buriti Bravo;7679;3153;7207;3407;14886;6560;10832;10614;21446
MA;2102325;Buriticupu;12674;11691;13343;13351;26017;25042;24365;26694;51059
MA;2102358;Buritirana;1917;4849;1867;5189;3784;10038;6766;7056;13822
MA;2102374;Cachoeira Grande;1442;2192;1410;2339;2852;4531;3634;3749;7383
MA;2102408;Cajapió;1474;3214;1379;3555;2853;6769;4688;4934;9622
MA;2102507;Cajari;1894;4545;1859;5107;3753;9652;6439;6966;13405
MA;2102556;Campestre do Maranhão;4240;1353;4351;1577;8591;2930;5593;5928;11521
MA;2102606;Cândido Mendes;4385;3353;4771;4057;9156;7410;7738;8828;16566
MA;2102705;Cantanhede;4318;4456;4208;4731;8526;9187;8774;8939;17713
MA;2102754;Capinzal do Norte;2032;3176;1992;3343;4024;6519;5208;5335;10543
MA;2102804;Carolina;7565;4389;6797;5240;14362;9629;11954;12037;23991
MA;2102903;Carutapera;6430;2501;6691;3002;13121;5503;8931;9693;18624
MA;2103000;Caxias;54690;17152;48795;19119;103485;36271;71842;67914;139756
MA;2103109;Cedral;1004;3601;972;4216;1976;7817;4605;5188;9793
MA;2103125;Central do Maranhão;1640;1791;1668;2087;3308;3878;3431;3755;7186
MA;2103158;Centro do Guilherme;1616;1215;1785;1536;3401;2751;2831;3321;6152
MA;2103174;Centro Novo do Maranhão;1532;5316;1595;6111;3127;11427;6848;7706;14554
MA;2103208;Chapadinha;19352;11339;17879;12752;37231;24091;30691;30631;61322
MA;2103257;Cidelândia;2305;3411;2318;3782;4623;7193;5716;6100;11816
MA;2103307;Codó;39471;17268;35622;18785;75093;36053;56739;54407;111146
MA;2103406;Coelho Neto;17675;3533;17072;3934;34747;7467;21208;21006;42214
MA;2103505;Colinas;10944;7203;9877;7779;20821;14982;18147;17656;35803
MA;2103554;Conceição do Lago-Açu;2543;2565;2709;2957;5252;5522;5108;5666;10774
MA;2103604;Coroatá;17429;10488;15990;11769;33419;22257;27917;27759;55676
MA;2103703;Cururupu;10839;5563;10629;6716;21468;12279;16402;17345;33747
MA;2103752;Davinópolis;5178;951;5053;1093;10231;2044;6129;6146;12275
MA;2103802;Dom Pedro;7332;3975;6705;3944;14037;7919;11307;10649;21956
MA;2103901;Duque Bacelar;2133;2502;2040;2738;4173;5240;4635;4778;9413
MA;2104008;Esperantinópolis;5175;5598;4648;5803;9823;11401;10773;10451;21224
MA;2104057;Estreito;8051;3280;7795;3804;15846;7084;11331;11599;22930
MA;2104073;Feira Nova do Maranhão;512;3041;518;3472;1030;6513;3553;3990;7543
MA;2104081;Fernando Falcão;335;1977;396;2115;731;4092;2312;2511;4823
MA;2104099;Formosa da Serra Negra;1085;5468;1104;6124;2189;11592;6553;7228;13781
MA;2104107;Fortaleza dos Nogueiras;2970;2523;2955;2853;5925;5376;5493;5808;11301
MA;2104206;Fortuna;4591;2699;4537;2769;9128;5468;7290;7306;14596
MA;2104305;Godofredo Viana;2079;1188;2262;1465;4341;2653;3267;3727;6994
MA;2104404;Gonçalves Dias;3930;4445;3597;4818;7527;9263;8375;8415;16790
MA;2104503;Governador Archer;3004;1557;2854;1685;5858;3242;4561;4539;9100
MA;2104552;Governador Edison Lobão;1951;3384;1916;3640;3867;7024;5335;5556;10891
MA;2104602;Governador Eugênio Barros;2258;5091;1987;5293;4245;10384;7349;7280;14629
MA;2104628;Governador Luiz Rocha;2135;1067;2198;1113;4333;2180;3202;3311;6513
MA;2104651;Governador Newton Bello;1391;4413;1287;4713;2678;9126;5804;6000;11804
MA;2104677;Governador Nunes Freire;7022;5615;7080;6204;14102;11819;12637;13284;25921
MA;2104701;Graça Aranha;1550;1542;1448;1540;2998;3082;3092;2988;6080
MA;2104800;Grajaú;13538;9661;12973;10983;26511;20644;23199;23956;47155
MA;2104909;Guimarães;2680;3453;2579;3929;5259;7382;6133;6508;12641
MA;2105005;Humberto de Campos;3071;7148;3169;7878;6240;15026;10219;11047;21266
MA;2105104;Icatu;3099;7088;3173;8129;6272;15217;10187;11302;21489
MA;2105153;Igarapé do Meio;2012;2807;1900;3123;3912;5930;4819;5023;9842
MA;2105203;Igarapé Grande;3072;1811;2972;1904;6044;3715;4883;4876;9759
MA;2105302;Imperatriz;113885;5734;104788;6159;218673;11893;119619;110947;230566
MA;2105351;Itaipava do Grajaú;538;5777;587;6439;1125;12216;6315;7026;13341
MA;2105401;Itapecuru Mirim;14373;7185;13288;7926;27661;15111;21558;21214;42772
MA;2105427;Itinga do Maranhão;8701;2667;8700;3060;17401;5727;11368;11760;23128
MA;2105450;Jatobá;1027;1491;1034;1503;2061;2994;2518;2537;5055
MA;2105476;Jenipapo dos Vieiras;1055;3797;1122;4145;2177;7942;4852;5267;10119
MA;2105500;João Lisboa;7820;4319;7487;4972;15307;9291;12139;12459;24598
MA;2105609;Joselândia;2233;4928;2184;5264;4417;10192;7161;7448;14609
MA;2105658;Junco do Maranhão;1303;1395;1292;1543;2595;2938;2698;2835;5533
MA;2105708;Lago da Pedra;12529;7719;11519;8638;24048;16357;20248;20157;40405
MA;2105807;Lago do Junco;1458;3368;1382;3625;2840;6993;4826;5007;9833
MA;2105906;Lago Verde;2385;3991;2328;4334;4713;8325;6376;6662;13038
MA;2105922;Lagoa do Mato;1338;3254;1357;3497;2695;6751;4592;4854;9446
MA;2105948;Lago dos Rodrigues;2347;1899;2133;2064;4480;3963;4246;4197;8443
MA;2105963;Lagoa Grande do Maranhão;1404;2542;1458;3065;2862;5607;3946;4523;8469
MA;2105989;Lajeado Novo;993;1738;985;2001;1978;3739;2731;2986;5717
MA;2106003;Lima Campos;3164;2192;2964;2429;6128;4621;5356;5393;10749
MA;2106102;Loreto;2448;2449;2392;2735;4840;5184;4897;5127;10024
MA;2106201;Luís Domingues;2282;468;2411;563;4693;1031;2750;2974;5724
MA;2106300;Magalhães de Almeida;3117;3230;3162;3512;6279;6742;6347;6674;13021
MA;2106326;Maracaçumé;6295;994;6396;1181;12691;2175;7289;7577;14866
MA;2106359;Marajá do Sena;352;2949;373;3487;725;6436;3301;3860;7161
MA;2106375;Maranhãozinho;2511;1523;2603;1808;5114;3331;4034;4411;8445
MA;2106409;Mata Roma;2677;3183;2558;3381;5235;6564;5860;5939;11799
MA;2106508;Matinha;3459;5905;3446;6421;6905;12326;9364;9867;19231
MA;2106607;Matões;4752;8110;4727;8844;9479;16954;12862;13571;26433
MA;2106631;Matões do Norte;1097;2507;1077;2754;2174;5261;3604;3831;7435
MA;2106672;Milagres do Maranhão;693;1769;706;1981;1399;3750;2462;2687;5149
MA;2106706;Mirador;3610;6191;3382;6723;6992;12914;9801;10105;19906
MA;2106755;Miranda do Norte;6938;1175;6673;1337;13611;2512;8113;8010;16123
MA;2106805;Mirinzal;3931;2407;3881;2786;7812;5193;6338;6667;13005
MA;2106904;Monção;4559;8155;4443;8886;9002;17041;12714;13329;26043
MA;2107001;Montes Altos;2392;2505;2433;3017;4825;5522;4897;5450;10347
MA;2107100;Morros;2486;4542;2460;5106;4946;9648;7028;7566;14594
MA;2107209;Nina Rodrigues;1722;2377;1641;2549;3363;4926;4099;4190;8289
MA;2107258;Nova Colinas;766;1015;871;1252;1637;2267;1781;2123;3904
MA;2107308;Nova Iorque;1359;889;1238;1057;2597;1946;2248;2295;4543
MA;2107357;Nova Olinda do Maranhão;4772;2950;4626;3312;9398;6262;7722;7938;15660
MA;2107407;Olho d'Água das Cunhãs;4459;2858;3982;3078;8441;5936;7317;7060;14377
MA;2107456;Olinda Nova do Maranhão;1697;3125;1718;3588;3415;6713;4822;5306;10128
MA;2107506;Paço do Lumiar;607;38707;581;36293;1188;75000;39314;36874;76188
MA;2107605;Palmeirândia;1633;6935;1575;7121;3208;14056;8568;8696;17264
MA;2107704;Paraibano;6563;2409;6264;2618;12827;5027;8972;8882;17854
MA;2107803;Parnarama;5721;10204;5286;11258;11007;21462;15925;16544;32469
MA;2107902;Passagem Franca;3661;3746;3351;4059;7012;7805;7407;7410;14817
MA;2108009;Pastos Bons;4659;2947;4501;3353;9160;6300;7606;7854;15460
MA;2108058;Paulino Neves;1695;3874;1718;4239;3413;8113;5569;5957;11526
MA;2108108;Paulo Ramos;4482;5124;4145;5539;8627;10663;9606;9684;19290
MA;2108207;Pedreiras;16807;3854;14925;4242;31732;8096;20661;19167;39828
MA;2108256;Pedro do Rosário;1467;7090;1470;7927;2937;15017;8557;9397;17954
MA;2108306;Penalva;6461;8526;6163;9149;12624;17675;14987;15312;30299
MA;2108405;Peri Mirim;1594;4833;1559;5085;3153;9918;6427;6644;13071
MA;2108454;Peritoró;3366;5308;3161;5501;6527;10809;8674;8662;17336
MA;2108504;Pindaré-Mirim;10858;3238;10083;3338;20941;6576;14096;13421;27517
MA;2108603;Pinheiro;20197;14435;17989;15409;38186;29844;34632;33398;68030
MA;2108702;Pio XII;6738;7411;6206;8058;12944;15469;14149;14264;28413
MA;2108801;Pirapemas;4409;3124;4137;3454;8546;6578;7533;7591;15124
MA;2108900;Poção de Pedras;5118;6062;4746;6452;9864;12514;11180;11198;22378
MA;2109007;Porto Franco;6453;1955;6165;2267;12618;4222;8408;8432;16840
MA;2109056;Porto Rico do Maranhão;1220;1802;1322;2036;2542;3838;3022;3358;6380
MA;2109106;Presidente Dutra;14146;5756;13359;6280;27505;12036;19902;19639;39541
MA;2109205;Presidente Juscelino;1373;3810;1342;4168;2715;7978;5183;5510;10693
MA;2109239;Presidente Médici;1642;822;1735;917;3377;1739;2464;2652;5116
MA;2109270;Presidente Sarney;1631;5002;1611;5474;3242;10476;6633;7085;13718
MA;2109304;Presidente Vargas;1894;3288;1850;3451;3744;6739;5182;5301;10483
MA;2109403;Primeira Cruz;1841;3441;1918;3819;3759;7260;5282;5737;11019
MA;2109452;Raposa;5539;2777;5831;2941;11370;5718;8316;8772;17088
MA;2109502;Riachão;4925;5278;4751;6029;9676;11307;10203;10780;20983
MA;2109551;Ribamar Fiquene;1402;1703;1342;2041;2744;3744;3105;3383;6488
MA;2109601;Rosário;11175;5774;10590;6126;21765;11900;16949;16716;33665
MA;2109700;Sambaíba;1154;1387;1141;1579;2295;2966;2541;2720;5261
MA;2109759;Santa Filomena do Maranhão;768;1423;855;1621;1623;3044;2191;2476;4667
MA;2109809;Santa Helena;7858;7448;7247;8307;15105;15755;15306;15554;30860
MA;2109908;Santa Inês;33153;2522;29877;2769;63030;5291;35675;32646;68321
MA;2110005;Santa Luzia;11099;22773;10165;25234;21264;48007;33872;35399;69271
MA;2110039;Santa Luzia do Paruá;5449;4519;5227;4863;10676;9382;9968;10090;20058
MA;2110104;Santa Quitéria do Maranhão;5843;7863;5656;8788;11499;16651;13706;14444;28150
MA;2110203;Santa Rita;4901;7345;4765;7911;9666;15256;12246;12676;24922
MA;2110237;Santana do Maranhão;660;4579;680;5025;1340;9604;5239;5705;10944
MA;2110278;Santo Amaro do Maranhão;1425;3200;1350;3637;2775;6837;4625;4987;9612
MA;2110302;Santo Antônio dos Lopes;2767;4246;2570;4670;5337;8916;7013;7240;14253
MA;2110401;São Benedito do Rio Preto;4629;3469;4544;3800;9173;7269;8098;8344;16442
MA;2110500;São Bento;8737;7345;8023;7714;16760;15059;16082;15737;31819
MA;2110609;São Bernardo;4452;6551;4312;7405;8764;13956;11003;11717;22720
MA;2110658;São Domingos do Azeitão;2013;1032;2066;1178;4079;2210;3045;3244;6289
MA;2110708;São Domingos do Maranhão;8247;8176;7733;8893;15980;17069;16423;16626;33049
MA;2110807;São Félix de Balsas;647;1836;636;2025;1283;3861;2483;2661;5144
MA;2110856;São Francisco do Brejão;1899;1469;1934;1760;3833;3229;3368;3694;7062
MA;2110906;São Francisco do Maranhão;1675;4661;1530;4988;3205;9649;6336;6518;12854
MA;2111003;São João Batista;1810;7484;1739;7884;3549;15368;9294;9623;18917
MA;2111029;São João do Carú;1561;4984;1594;5356;3155;10340;6545;6950;13495
MA;2111052;São João do Paraíso;1896;3031;1933;3505;3829;6536;4927;5438;10365
MA;2111078;São João do Soter;2242;4983;2200;5409;4442;10392;7225;7609;14834
MA;2111102;São João dos Patos;9818;1980;8999;2385;18817;4365;11798;11384;23182
MA;2111201;São José de Ribamar;14064;40729;13181;39410;27245;80139;54793;52591;107384
MA;2111250;São José dos Basílios;1343;2261;1370;2458;2713;4719;3604;3828;7432
MA;2111300;São Luís;447915;15713;389669;16731;837584;32444;463628;406400;870028
MA;2111409;São Luís Gonzaga do Maranhão;4019;7158;3703;7892;7722;15050;11177;11595;22772
MA;2111508;São Mateus do Maranhão;13313;4170;12657;4719;25970;8889;17483;17376;34859
MA;2111532;São Pedro da Água Branca;4686;648;4773;820;9459;1468;5334;5593;10927
MA;2111573;São Pedro dos Crentes;818;1031;874;1301;1692;2332;1849;2175;4024
MA;2111607;São Raimundo das Mangabeiras;4861;2499;4859;2651;9720;5150;7360;7510;14870
MA;2111631;São Raimundo do Doca Bezerra;698;2447;788;2738;1486;5185;3145;3526;6671
MA;2111672;São Roberto;1216;905;1247;1032;2463;1937;2121;2279;4400
MA;2111706;São Vicente Ferrer;2093;6970;1884;7459;3977;14429;9063;9343;18406
MA;2111722;Satubinha;1125;4100;1138;4452;2263;8552;5225;5590;10815
MA;2111748;Senador Alexandre Costa;2529;1742;2415;1885;4944;3627;4271;4300;8571
MA;2111763;Senador La Rocque;4098;4022;3867;4255;7965;8277;8120;8122;16242
MA;2111789;Serrano do Maranhão;1428;2791;1490;3411;2918;6202;4219;4901;9120
MA;2111805;Sítio Novo;2119;5046;2130;5819;4249;10865;7165;7949;15114
MA;2111904;Sucupira do Norte;1931;3069;1901;3477;3832;6546;5000;5378;10378
MA;2111953;Sucupira do Riachão;1048;1029;1085;1125;2133;2154;2077;2210;4287
MA;2112001;Tasso Fragoso;1571;1563;1463;1796;3034;3359;3134;3259;6393
MA;2112100;Timbiras;7186;5907;6768;6540;13954;12447;13093;13308;26401
MA;2112209;Timon;58772;7878;54294;8748;113066;16626;66650;63042;129692
MA;2112233;Trizidela do Vale;7476;992;6853;1081;14329;2073;8468;7934;16402
MA;2112274;Tufilândia;1012;1652;1037;1826;2049;3478;2664;2863;5527
MA;2112308;Tuntum;8390;8827;8034;10160;16424;18987;17217;18194;35411
MA;2112407;Turiaçu;4253;10780;4236;12020;8489;22800;15033;16256;31289
MA;2112456;Turilândia;3460;5005;3469;5297;6929;10302;8465;8766;17231
MA;2112506;Tutóia;5891;12535;5698;13604;11589;26139;18426;19302;37728
MA;2112605;Urbano Santos;5509;3224;5397;3473;10906;6697;8733;8870;17603
MA;2112704;Vargem Grande;8880;8402;8236;9189;17116;17591;17282;17425;34707
MA;2112803;Viana;11818;10121;11178;11073;22996;21194;21939;22251;44190
MA;2112852;Vila Nova dos Martírios;1493;1638;1615;1959;3108;3597;3131;3574;6705
MA;2112902;Vitória do Mearim;6878;7901;6614;8560;13492;16461;14779;15174;29953
MA;2113009;Vitorino Freire;7085;6696;6509;7172;13594;13868;13781;13681;27462
MA;2114007;Zé Doca;14956;8033;14126;9019;29082;17052;22989;23145;46134
MG;3100104;Abadia dos Dourados;1996;1127;1931;1392;3927;2519;3123;3323;6446
MG;3100203;Abaeté;9774;1497;9248;1841;19022;3338;11271;11089;22360
MG;3100302;Abre Campo;3140;3479;2843;3886;5983;7365;6619;6729;13348
MG;3100401;Acaiaca;1191;755;1194;749;2385;1504;1946;1943;3889
MG;3100500;Açucena;2358;3318;2221;3592;4579;6910;5676;5813;11489
MG;3100609;Água Boa;2457;6329;2196;6813;4653;13142;8786;9009;17795
MG;3100708;Água Comprida;669;332;684;407;1353;739;1001;1091;2092
MG;3100807;Aguanil;952;791;917;902;1869;1693;1743;1819;3562
MG;3100906;Águas Formosas;6392;2497;6202;2754;12594;5251;8889;8956;17845
MG;3101003;Águas Vermelhas;3989;1798;4126;1965;8115;3763;5787;6091;11878
MG;3101102;Aimorés;9786;3041;8978;3300;18764;6341;12827;12278;25105
MG;3101201;Aiuruoca;1516;1562;1504;1887;3020;3449;3078;3391;6469
MG;3101300;Alagoa;500;836;501;963;1001;1799;1336;1464;2800
MG;3101409;Albertina;860;498;885;598;1745;1096;1358;1483;2841
MG;3101508;Além Paraíba;16224;1210;14804;1372;31028;2582;17434;16176;33610
MG;3101607;Alfenas;31773;2235;30375;2574;62148;4809;34008;32949;66957
MG;3101631;Alfredo Vasconcelos;1562;937;1586;1016;3148;1953;2499;2602;5101
MG;3101706;Almenara;14240;3404;13530;4211;27770;7615;17644;17741;35385
MG;3101805;Alpercata;2682;764;2630;890;5312;1654;3446;3520;6966
MG;3101904;Alpinópolis;6603;1551;6948;1929;13551;3480;8154;8877;17031
MG;3102001;Alterosa;4427;1854;4562;2133;8989;3987;6281;6695;12976
MG;3102050;Alto Caparaó;1626;638;1703;706;3329;1344;2264;2409;4673
MG;3102100;Alto Rio Doce;2577;4307;2335;4639;4912;8946;6884;6974;13858
MG;3102209;Alvarenga;1035;1506;988;1683;2023;3189;2541;2671;5212
MG;3102308;Alvinópolis;5567;2297;5237;2487;10804;4784;7864;7724;15588
MG;3102407;Alvorada de Minas;569;1159;560;1239;1129;2398;1728;1799;3527
MG;3102506;Amparo do Serra;1319;1460;1187;1511;2506;2971;2779;2698;5477
MG;3102605;Andradas;12365;4078;11722;4803;24087;8881;16443;16525;32968
MG;3102704;Cachoeira de Pajeú;1577;2647;1558;2741;3135;5388;4224;4299;8523
MG;3102803;Andrelândia;4915;1195;4642;1558;9557;2753;6110;6200;12310
MG;3102852;Angelândia;1676;2080;1550;2162;3226;4242;3756;3712;7468
MG;3102902;Antônio Carlos;3076;2377;2855;2562;5931;4939;5453;5417;10870
MG;3103009;Antônio Dias;2276;2649;2174;2945;4450;5594;4925;5119;10044
MG;3103108;Antônio Prado de Minas;493;376;484;441;977;817;869;925;1794
MG;3103207;Araçaí;918;167;843;217;1761;384;1085;1060;2145
MG;3103306;Aracitaba;716;289;738;343;1454;632;1005;1081;2086
MG;3103405;Araçuaí;10653;7335;9808;7917;20461;15252;17988;17725;35713
MG;3103504;Araguari;47160;4048;45588;5178;92748;9226;51208;50766;101974
MG;3103603;Arantina;1343;108;1319;136;2662;244;1451;1455;2906
MG;3103702;Araponga;1270;2557;1271;2818;2541;5375;3827;4089;7916
MG;3103751;Araporã;2356;235;2465;253;4821;488;2591;2718;5309
MG;3103801;Arapuá;847;476;869;552;1716;1028;1323;1421;2744
MG;3103900;Araújos;2489;513;2591;624;5080;1137;3002;3215;6217
MG;3104007;Araxá;39690;531;38053;723;77743;1254;40221;38776;78997
MG;3104106;Arceburgo;3191;733;3291;820;6482;1553;3924;4111;8035
MG;3104205;Arcos;14735;1580;14608;1764;29343;3344;16315;16372;32687
MG;3104304;Areado;4864;1116;4926;1322;9790;2438;5980;6248;12228
MG;3104403;Argirita;1095;479;1057;542;2152;1021;1574;1599;3173
MG;3104452;Aricanduva;544;1491;516;1704;1060;3195;2035;2220;4255
MG;3104502;Arinos;5082;3351;5055;4221;10137;7572;8433;9276;17709
MG;3104601;Astolfo Dutra;5185;679;5157;784;10342;1463;5864;5941;11805
MG;3104700;Ataléia;3896;4444;3665;4742;7561;9186;8340;8407;16747
MG;3104809;Augusto de Lima;1201;1284;1258;1416;2459;2700;2485;2674;5159
MG;3104908;Baependi;6144;2604;5843;2932;11987;5536;8748;8775;17523
MG;3105004;Baldim;2498;1586;2320;1751;4818;3337;4084;4071;8155
MG;3105103;Bambuí;9224;1810;8448;2215;17672;4025;11034;10663;21697
MG;3105202;Bandeira;1142;1388;1199;1589;2341;2977;2530;2788;5318
MG;3105301;Bandeira do Sul;1956;366;2168;409;4124;775;2322;2577;4899
MG;3105400;Barão de Cocais;10883;1008;10424;1076;21307;2084;11891;11500;23391
MG;3105509;Barão de Monte Alto;2004;1066;2023;1139;4027;2205;3070;3162;6232
MG;3105608;Barbacena;54447;4982;49222;5475;103669;10457;59429;54697;114126
MG;3105707;Barra Longa;1152;2580;1092;2730;2244;5310;3732;3822;7554
MG;3105905;Barroso;8968;303;8763;325;17731;628;9271;9088;18359
MG;3106002;Bela Vista de Minas;4744;315;4496;291;9240;606;5059;4787;9846
MG;3106101;Belmiro Braga;506;1187;444;1290;950;2477;1693;1734;3427
MG;3106200;Belo Horizonte;1181263;;1057263;;2238526;;1181263;1057263;2238526
MG;3106309;Belo Oriente;8078;1587;8139;1712;16217;3299;9665;9851;19516
MG;3106408;Belo Vale;1607;2060;1529;2233;3136;4293;3667;3762;7429
MG;3106507;Berilo;1519;4841;1512;5107;3031;9948;6360;6619;12979
MG;3106606;Bertópolis;1196;867;1248;1125;2444;1992;2063;2373;4436
MG;3106655;Berizal;1036;927;1031;976;2067;1903;1963;2007;3970
MG;3106705;Betim;149827;3968;148431;4449;298258;8417;153795;152880;306675
MG;3106804;Bias Fortes;846;1256;795;1495;1641;2751;2102;2290;4392
MG;3106903;Bicas;5947;622;5551;673;11498;1295;6569;6224;12793
MG;3107000;Biquinhas;829;540;815;637;1644;1177;1369;1452;2821
MG;3107109;Boa Esperança;15434;3060;14958;3622;30392;6682;18494;18580;37074
MG;3107208;Bocaina de Minas;1079;1265;1126;1513;2205;2778;2344;2639;4983
MG;3107307;Bocaiúva;16483;4758;15963;5602;32446;10360;21241;21565;42806
MG;3107406;Bom Despacho;18868;1202;18353;1520;37221;2722;20070;19873;39943
MG;3107505;Bom Jardim de Minas;2849;428;2838;528;5687;956;3277;3366;6643
MG;3107604;Bom Jesus da Penha;1115;563;1178;667;2293;1230;1678;1845;3523
MG;3107703;Bom Jesus do Amparo;1058;1376;967;1416;2025;2792;2434;2383;4817
MG;3107802;Bom Jesus do Galho;4670;3198;4624;3681;9294;6879;7868;8305;16173
MG;3107901;Bom Repouso;2646;2396;2718;2754;5364;5150;5042;5472;10514
MG;3108008;Bom Sucesso;6974;1508;6685;1897;13659;3405;8482;8582;17064
MG;3108107;Bonfim;1305;2092;1251;2218;2556;4310;3397;3469;6866
MG;3108206;Bonfinópolis de Minas;2085;1002;2117;1239;4202;2241;3087;3356;6443
MG;3108255;Bonito de Minas;699;3108;721;3335;1420;6443;3807;4056;7863
MG;3108305;Borda da Mata;5552;1500;5650;1737;11202;3237;7052;7387;14439
MG;3108404;Botelhos;5324;2135;5220;2422;10544;4557;7459;7642;15101
MG;3108503;Botumirim;1644;1640;1662;1888;3306;3528;3284;3550;6834
MG;3108552;Brasilândia de Minas;4560;1035;4652;1226;9212;2261;5595;5878;11473
MG;3108602;Brasília de Minas;8966;5959;8614;6727;17580;12686;14925;15341;30266
MG;3108701;Brás Pires;923;1576;882;1726;1805;3302;2499;2608;5107
MG;3108800;Braúnas;654;2027;622;2105;1276;4132;2681;2727;5408
MG;3108909;Brasópolis;3979;3498;3715;3973;7694;7471;7477;7688;15165
MG;3109006;Brumadinho;9797;3458;9576;3783;19373;7241;13255;13359;26614
MG;3109105;Bueno Brandão;2662;2578;2579;3113;5241;5691;5240;5692;10932
MG;3109204;Buenópolis;3799;1310;3641;1618;7440;2928;5109;5259;10368
MG;3109253;Bugre;634;1298;664;1353;1298;2651;1932;2017;3949
MG;3109303;Buritis;6955;2935;6913;3593;13868;6528;9890;10506;20396
MG;3109402;Buritizeiro;10944;1767;10860;2333;21804;4100;12711;13193;25904
MG;3109451;Cabeceira Grande;2216;582;2363;759;4579;1341;2798;3122;5920
MG;3109501;Cabo Verde;3225;3321;3295;3886;6520;7207;6546;7181;13727
MG;3109600;Cachoeira da Prata;1871;111;1678;120;3549;231;1982;1798;3780
MG;3109709;Cachoeira de Minas;2911;2210;2884;2550;5795;4760;5121;5434;10555
MG;3109808;Cachoeira Dourada;969;130;1024;182;1993;312;1099;1206;2305
MG;3109907;Caetanópolis;3745;544;3655;627;7400;1171;4289;4282;8571
MG;3110004;Caeté;16472;2149;15184;2494;31656;4643;18621;17678;36299
MG;3110103;Caiana;883;1202;868;1414;1751;2616;2085;2282;4367
MG;3110202;Cajuri;1143;906;1144;997;2287;1903;2049;2141;4190
MG;3110301;Caldas;3659;2512;3573;3022;7232;5534;6171;6595;12766
MG;3110400;Camacho;651;1033;651;1198;1302;2231;1684;1849;3533
MG;3110509;Camanducaia;6939;2864;7323;3411;14262;6275;9803;10734;20537
MG;3110608;Cambuí;8853;2378;8830;2908;17683;5286;11231;11738;22969
MG;3110707;Cambuquira;5110;1168;4913;1347;10023;2515;6278;6260;12538
MG;3110806;Campanário;1264;454;1162;539;2426;993;1718;1701;3419
MG;3110905;Campanha;6029;1097;5706;1266;11735;2363;7126;6972;14098
MG;3111002;Campestre;5116;4679;5256;5502;10372;10181;9795;10758;20553
MG;3111101;Campina Verde;6822;2567;6589;3122;13411;5689;9389;9711;19100
MG;3111150;Campo Azul;683;1059;639;1193;1322;2252;1742;1832;3574
MG;3111200;Campo Belo;23334;1662;22258;1933;45592;3595;24996;24191;49187
MG;3111309;Campo do Meio;4928;611;5111;786;10039;1397;5539;5897;11436
MG;3111408;Campo Florido;1497;1017;1643;1171;3140;2188;2514;2814;5328
MG;3111507;Campos Altos;5889;494;5730;706;11619;1200;6383;6436;12819
MG;3111606;Campos Gerais;8856;4015;8883;4787;17739;8802;12871;13670;26541
MG;3111705;Canaã;694;1614;725;1756;1419;3370;2308;2481;4789
MG;3111804;Canápolis;4416;716;4594;907;9010;1623;5132;5501;10633
MG;3111903;Cana Verde;1590;1179;1601;1294;3191;2473;2769;2895;5664
MG;3112000;Candeias;4636;2412;4536;2877;9172;5289;7048;7413;14461
MG;3112059;Cantagalo;1002;894;977;965;1979;1859;1896;1942;3838
MG;3112109;Caparaó;897;1513;909;1681;1806;3194;2410;2590;5000
MG;3112208;Capela Nova;1048;1409;1018;1489;2066;2898;2457;2507;4964
MG;3112307;Capelinha;10394;5309;9672;5856;20066;11165;15703;15528;31231
MG;3112406;Capetinga;2877;684;3032;831;5909;1515;3561;3863;7424
MG;3112505;Capim Branco;3590;339;3556;415;7146;754;3929;3971;7900
MG;3112604;Capinópolis;6475;586;6665;677;13140;1263;7061;7342;14403
MG;3112653;Capitão Andrade;1354;796;1270;886;2624;1682;2150;2156;4306
MG;3112703;Capitão Enéas;5078;1485;4889;1661;9967;3146;6563;6550;13113
MG;3112802;Capitólio;2801;908;2857;1171;5658;2079;3709;4028;7737
MG;3112901;Caputira;1741;2614;1693;2786;3434;5400;4355;4479;8834
MG;3113008;Caraí;3420;6973;3281;7307;6701;14280;10393;10588;20981
MG;3113107;Caranaíba;564;1107;612;1195;1176;2302;1671;1807;3478
MG;3113206;Carandaí;7917;2588;7864;2688;15781;5276;10505;10552;21057
MG;3113305;Carangola;12956;3314;11784;3867;24740;7181;16270;15651;31921
MG;3113404;Caratinga;32199;7251;30139;8200;62338;15451;39450;38339;77789
MG;3113503;Carbonita;2830;1521;2732;1884;5562;3405;4351;4616;8967
MG;3113602;Careaçu;2081;694;2167;868;4248;1562;2775;3035;5810
MG;3113701;Carlos Chagas;7364;3548;6826;4256;14190;7804;10912;11082;21994
MG;3113800;Carmésia;591;538;564;553;1155;1091;1129;1117;2246
MG;3113909;Carmo da Cachoeira;3773;1882;3754;2191;7527;4073;5655;5945;11600
MG;3114006;Carmo da Mata;3903;1289;3765;1443;7668;2732;5192;5208;10400
MG;3114105;Carmo de Minas;3898;2286;3832;2529;7730;4815;6184;6361;12545
MG;3114204;Carmo do Cajuru;7087;1378;7035;1657;14122;3035;8465;8692;17157
MG;3114303;Carmo do Paranaíba;12131;2352;12145;2832;24276;5184;14483;14977;29460
MG;3114402;Carmo do Rio Claro;6732;2934;6588;3478;13320;6412;9666;10066;19732
MG;3114501;Carmópolis de Minas;4528;2452;4547;2821;9075;5273;6980;7368;14348
MG;3114550;Carneirinho;2716;1551;2799;1844;5515;3395;4267;4643;8910
MG;3114600;Carrancas;1170;727;1093;897;2263;1624;1897;1990;3887
MG;3114709;Carvalhópolis;1046;426;1091;526;2137;952;1472;1617;3089
MG;3114808;Carvalhos;1280;998;1252;1203;2532;2201;2278;2455;4733
MG;3114907;Casa Grande;507;585;506;666;1013;1251;1092;1172;2264
MG;3115003;Cascalho Rico;585;643;597;797;1182;1440;1228;1394;2622
MG;3115102;Cássia;7009;1524;6833;1912;13842;3436;8533;8745;17278
MG;3115201;Conceição da Barra de Minas;1296;637;1378;710;2674;1347;1933;2088;4021
MG;3115300;Cataguases;30946;1628;29536;1870;60482;3498;32574;31406;63980
MG;3115359;Catas Altas;1488;626;1482;645;2970;1271;2114;2127;4241
MG;3115409;Catas Altas da Noruega;574;1026;556;1132;1130;2158;1600;1688;3288
MG;3115458;Catuji;807;2784;767;2974;1574;5758;3591;3741;7332
MG;3115474;Catuti;1457;1177;1443;1260;2900;2437;2634;2703;5337
MG;3115508;Caxambu;11153;215;10537;224;21690;439;11368;10761;22129
MG;3115607;Cedro do Abaeté;551;69;589;80;1140;149;620;669;1289
MG;3115706;Central de Minas;2713;624;2517;694;5230;1318;3337;3211;6548
MG;3115805;Centralina;4489;409;4857;481;9346;890;4898;5338;10236
MG;3115904;Chácara;829;342;822;377;1651;719;1171;1199;2370
MG;3116001;Chalé;1264;1513;1247;1639;2511;3152;2777;2886;5663
MG;3116100;Chapada do Norte;2528;5318;2335;5044;4863;10362;7846;7379;15225
MG;3116159;Chapada Gaúcha;1490;1967;1590;2223;3080;4190;3457;3813;7270
MG;3116209;Chiador;720;745;690;803;1410;1548;1465;1493;2958
MG;3116308;Cipotânea;1215;1885;1203;2042;2418;3927;3100;3245;6345
MG;3116407;Claraval;1002;962;1059;1219;2061;2181;1964;2278;4242
MG;3116506;Claro dos Poções;2538;1432;2519;1704;5057;3136;3970;4223;8193
MG;3116605;Cláudio;8630;2488;8559;2845;17189;5333;11118;11404;22522
MG;3116704;Coimbra;1811;1449;1677;1586;3488;3035;3260;3263;6523
MG;3116803;Coluna;1790;2962;1589;3028;3379;5990;4752;4617;9369
MG;3116902;Comendador Gomes;540;765;634;903;1174;1668;1305;1537;2842
MG;3117009;Comercinho;1733;3261;1607;3603;3340;6864;4994;5210;10204
MG;3117108;Conceição da Aparecida;2780;1741;2828;2023;5608;3764;4521;4851;9372
MG;3117207;Conceição das Pedras;543;711;597;863;1140;1574;1254;1460;2714
MG;3117306;Conceição das Alagoas;7102;1245;7308;1501;14410;2746;8347;8809;17156
MG;3117405;Conceição de Ipanema;750;1425;671;1531;1421;2956;2175;2202;4377
MG;3117504;Conceição do Mato Dentro;5577;3743;5059;4258;10636;8001;9320;9317;18637
MG;3117603;Conceição do Pará;867;1434;855;1637;1722;3071;2301;2492;4793
MG;3117702;Conceição do Rio Verde;5274;767;5320;912;10594;1679;6041;6232;12273
MG;3117801;Conceição dos Ouros;3195;1125;3282;1327;6477;2452;4320;4609;8929
MG;3117836;Cônego Marinho;382;2772;382;2941;764;5713;3154;3323;6477
MG;3117876;Confins;1601;887;1525;867;3126;1754;2488;2392;4880
MG;3117900;Congonhal;3063;1159;3059;1445;6122;2604;4222;4504;8726
MG;3118007;Congonhas;20023;873;19435;925;39458;1798;20896;20360;41256
MG;3118106;Congonhas do Norte;1165;1315;1060;1357;2225;2672;2480;2417;4897
MG;3118205;Conquista;2319;595;2428;759;4747;1354;2914;3187;6101
MG;3118304;Conselheiro Lafaiete;51382;1638;48133;1683;99515;3321;53020;49816;102836
MG;3118403;Conselheiro Pena;8721;2439;7890;2684;16611;5123;11160;10574;21734
MG;3118502;Consolação;426;394;424;455;850;849;820;879;1699
MG;3118601;Contagem;272313;2314;261017;2373;533330;4687;274627;263390;538017
MG;3118700;Coqueiral;3102;1652;3016;1842;6118;3494;4754;4858;9612
MG;3118809;Coração de Jesus;7123;5580;6825;6201;13948;11781;12703;13026;25729
MG;3118908;Cordisburgo;2889;1312;2799;1522;5688;2834;4201;4321;8522
MG;3119005;Cordislândia;1334;301;1370;354;2704;655;1635;1724;3359
MG;3119104;Corinto;11161;1421;10289;1675;21450;3096;12582;11964;24546
MG;3119203;Coroaci;2371;2868;2324;3239;4695;6107;5239;5563;10802
MG;3119302;Coromandel;10188;3167;10073;4024;20261;7191;13355;14097;27452
MG;3119401;Coronel Fabriciano;49466;579;46789;617;96255;1196;50045;47406;97451
MG;3119500;Coronel Murta;3243;1220;3234;1437;6477;2657;4463;4671;9134
MG;3119609;Coronel Pacheco;895;504;907;594;1802;1098;1399;1501;2900
MG;3119708;Coronel Xavier Chaves;804;757;796;828;1600;1585;1561;1624;3185
MG;3119807;Córrego Danta;1073;664;1088;849;2161;1513;1737;1937;3674
MG;3119906;Córrego do Bom Jesus;705;1100;683;1339;1388;2439;1805;2022;3827
MG;3119955;Córrego Fundo;1647;866;1706;960;3353;1826;2513;2666;5179
MG;3120003;Córrego Novo;1076;706;1066;790;2142;1496;1782;1856;3638
MG;3120102;Couto de Magalhães de Minas;1837;181;1784;205;3621;386;2018;1989;4007
MG;3120151;Crisólita;747;1794;731;2026;1478;3820;2541;2757;5298
MG;3120201;Cristais;3302;1320;3250;1646;6552;2966;4622;4896;9518
MG;3120300;Cristália;1380;1426;1215;1562;2595;2988;2806;2777;5583
MG;3120409;Cristiano Otoni;1801;613;1825;666;3626;1279;2414;2491;4905
MG;3120508;Cristina;2786;2241;2704;2608;5490;4849;5027;5312;10339
MG;3120607;Crucilândia;1144;1040;1107;1186;2251;2226;2184;2293;4477
MG;3120706;Cruzeiro da Fortaleza;1550;286;1586;298;3136;584;1836;1884;3720
MG;3120805;Cruzília;6124;737;6017;887;12141;1624;6861;6904;13765
MG;3120839;Cuparaque;1638;523;1614;592;3252;1115;2161;2206;4367
MG;3120870;Curral de Dentro;1776;1144;1790;1263;3566;2407;2920;3053;5973
MG;3120904;Curvelo;30761;3763;28436;4552;59197;8315;34524;32988;67512
MG;3121001;Datas;1348;1181;1274;1237;2622;2418;2529;2511;5040
MG;3121100;Delfim Moreira;1355;2496;1317;2864;2672;5360;3851;4181;8032
MG;3121209;Delfinópolis;2268;840;2400;1069;4668;1909;3108;3469;6577
MG;3121258;Delta;2256;178;2404;227;4660;405;2434;2631;5065
MG;3121308;Descoberto;1625;564;1626;716;3251;1280;2189;2342;4531
MG;3121407;Desterro de Entre Rios;1550;1782;1490;1985;3040;3767;3332;3475;6807
MG;3121506;Desterro do Melo;553;969;539;1150;1092;2119;1522;1689;3211
MG;3121605;Diamantina;19497;3085;18277;3400;37774;6485;22582;21677;44259
MG;3121704;Diogo de Vasconcelos;432;1507;409;1624;841;3131;1939;2033;3972
MG;3121803;Dionísio;2924;2292;2687;2288;5611;4580;5216;4975;10191
MG;3121902;Divinésia;764;797;730;897;1494;1694;1561;1627;3188
MG;3122009;Divino;4447;4656;4217;5100;8664;9756;9103;9317;18420
MG;3122108;Divino das Laranjeiras;1464;1017;1438;1046;2902;2063;2481;2484;4965
MG;3122207;Divinolândia de Minas;2574;697;2392;771;4966;1468;3271;3163;6434
MG;3122306;Divinópolis;91158;2826;86815;3163;177973;5989;93984;89978;183962
MG;3122355;Divisa Alegre;2403;70;2253;89;4656;159;2473;2342;4815
MG;3122405;Divisa Nova;2070;560;2268;641;4338;1201;2630;2909;5539
MG;3122454;Divisópolis;2453;696;2451;880;4904;1576;3149;3331;6480
MG;3122470;Dom Bosco;968;900;1051;1136;2019;2036;1868;2187;4055
MG;3122504;Dom Cavati;2406;339;2346;382;4752;721;2745;2728;5473
MG;3122603;Dom Joaquim;1450;940;1265;1043;2715;1983;2390;2308;4698
MG;3122702;Dom Silvério;2052;672;1783;721;3835;1393;2724;2504;5228
MG;3122801;Dom Viçoso;474;965;470;1125;944;2090;1439;1595;3034
MG;3122900;Dona Eusébia;2237;339;2379;407;4616;746;2576;2786;5362
MG;3123007;Dores de Campos;3659;537;3511;642;7170;1179;4196;4153;8349
MG;3123106;Dores de Guanhães;738;1935;705;2002;1443;3937;2673;2707;5380
MG;3123205;Dores do Indaiá;6920;446;6386;636;13306;1082;7366;7022;14388
MG;3123304;Dores do Turvo;927;1382;950;1540;1877;2922;2309;2490;4799
MG;3123403;Doresópolis;464;180;499;207;963;387;644;706;1350
MG;3123502;Douradoquara;545;287;588;365;1133;652;832;953;1785
MG;3123528;Durandé;1488;1961;1499;2057;2987;4018;3449;3556;7005
MG;3123601;Elói Mendes;8661;2275;8394;2617;17055;4892;10936;11011;21947
MG;3123700;Engenheiro Caldas;3764;957;3545;1081;7309;2038;4721;4626;9347
MG;3123809;Engenheiro Navarro;2353;1092;2361;1279;4714;2371;3445;3640;7085
MG;3123858;Entre Folhas;1723;740;1723;868;3446;1608;2463;2591;5054
MG;3123908;Entre Rios de Minas;4378;2252;4012;2472;8390;4724;6630;6484;13114
MG;3124005;Ervália;3910;4509;3650;4949;7560;9458;8419;8599;17018
MG;3124104;Esmeraldas;18910;4285;19271;4624;38181;8909;23195;23895;47090
MG;3124203;Espera Feliz;5794;4320;5467;4947;11261;9267;10114;10414;20528
MG;3124302;Espinosa;8667;6990;8144;7177;16811;14167;15657;15321;30978
MG;3124401;Espírito Santo do Dourado;705;1253;764;1440;1469;2693;1958;2204;4162
MG;3124500;Estiva;2191;2707;2237;3231;4428;5938;4898;5468;10366
MG;3124609;Estrela Dalva;909;427;892;446;1801;873;1336;1338;2674
MG;3124708;Estrela do Indaiá;1449;336;1403;409;2852;745;1785;1812;3597
MG;3124807;Estrela do Sul;2459;825;2581;1018;5040;1843;3284;3599;6883
MG;3124906;Eugenópolis;2911;1823;2751;2281;5662;4104;4734;5032;9766
MG;3125002;Ewbank da Câmara;1570;205;1598;235;3168;440;1775;1833;3608
MG;3125101;Extrema;6540;2901;6362;3416;12902;6317;9441;9778;19219
MG;3125200;Fama;718;423;724;488;1442;911;1141;1212;2353
MG;3125309;Faria Lemos;1141;604;1136;725;2277;1329;1745;1861;3606
MG;3125408;Felício dos Santos;1041;1855;953;1880;1994;3735;2896;2833;5729
MG;3125507;São Gonçalo do Rio Preto;910;593;814;646;1724;1239;1503;1460;2963
MG;3125606;Felisburgo;2306;765;2240;930;4546;1695;3071;3170;6241
MG;3125705;Felixlândia;4814;1538;4633;1799;9447;3337;6352;6432;12784
MG;3125804;Fernandes Tourinho;879;397;846;441;1725;838;1276;1287;2563
MG;3125903;Ferros;2330;3790;2298;3913;4628;7703;6120;6211;12331
MG;3125952;Fervedouro;1866;2809;1849;3147;3715;5956;4675;4996;9671
MG;3126000;Florestal;1968;816;1872;991;3840;1807;2784;2863;5647
MG;3126109;Formiga;28623;3303;26974;4007;55597;7310;31926;30981;62907
MG;3126208;Formoso;1700;1422;1709;1691;3409;3113;3122;3400;6522
MG;3126307;Fortaleza de Minas;1315;493;1337;614;2652;1107;1808;1951;3759
MG;3126406;Fortuna de Minas;768;403;747;519;1515;922;1171;1266;2437
MG;3126505;Francisco Badaró;1325;3750;1186;4048;2511;7798;5075;5234;10309
MG;3126604;Francisco Dumont;1284;833;1308;1063;2592;1896;2117;2371;4488
MG;3126703;Francisco Sá;6668;4831;6523;5540;13191;10371;11499;12063;23562
MG;3126752;Franciscópolis;1061;2063;988;2314;2049;4377;3124;3302;6426
MG;3126802;Frei Gaspar;892;2061;815;2207;1707;4268;2953;3022;5975
MG;3126901;Frei Inocêncio;3099;1065;2812;1200;5911;2265;4164;4012;8176
MG;3126950;Frei Lagonegro;198;1344;198;1451;396;2795;1542;1649;3191
MG;3127008;Fronteira;3423;994;3503;1104;6926;2098;4417;4607;9024
MG;3127057;Fronteira dos Vales;1446;955;1483;1018;2929;1973;2401;2501;4902
MG;3127073;Fruta de Leite;1043;2336;999;2399;2042;4735;3379;3398;6777
MG;3127107;Frutal;19877;3434;19135;4120;39012;7554;23311;23255;46566
MG;3127206;Funilândia;782;769;810;920;1592;1689;1551;1730;3281
MG;3127305;Galiléia;3009;706;2705;821;5714;1527;3715;3526;7241
MG;3127339;Gameleiras;411;2177;444;2231;855;4408;2588;2675;5263
MG;3127354;Glaucilândia;380;962;383;1042;763;2004;1342;1425;2767
MG;3127370;Goiabeira;1088;279;1028;320;2116;599;1367;1348;2715
MG;3127388;Goianá;1225;437;1187;474;2412;911;1662;1661;3323
MG;3127404;Gonçalves;516;1399;541;1667;1057;3066;1915;2208;4123
MG;3127503;Gonzaga;1375;1520;1317;1501;2692;3021;2895;2818;5713
MG;3127602;Gouveia;4075;1923;3665;2026;7740;3949;5998;5691;11689
MG;3127701;Governador Valadares;123849;5015;112249;6018;236098;11033;128864;118267;247131
MG;3127800;Grão Mogol;2449;4423;2382;4970;4831;9393;6872;7352;14224
MG;3127909;Grupiara;546;97;613;120;1159;217;643;733;1376
MG;3128006;Guanhães;10869;3312;10069;3578;20938;6890;14181;13647;27828
MG;3128105;Guapé;3140;3285;3147;4048;6287;7333;6425;7195;13620
MG;3128204;Guaraciaba;1423;3636;1326;3877;2749;7513;5059;5203;10262
MG;3128253;Guaraciama;1191;943;1215;1120;2406;2063;2134;2335;4469
MG;3128303;Guaranésia;7879;1295;7933;1521;15812;2816;9174;9454;18628
MG;3128402;Guarani;3145;1049;3060;1266;6205;2315;4194;4326;8520
MG;3128501;Guarará;1786;283;1766;331;3552;614;2069;2097;4166
MG;3128600;Guarda-Mor;1713;1362;1800;1781;3513;3143;3075;3581;6656
MG;3128709;Guaxupé;21728;1854;21277;2177;43005;4031;23582;23454;47036
MG;3128808;Guidoval;2687;1018;2617;1168;5304;2186;3705;3785;7490
MG;3128907;Guimarânia;2491;607;2522;764;5013;1371;3098;3286;6384
MG;3129004;Guiricema;2045;2525;1910;2779;3955;5304;4570;4689;9259
MG;3129103;Gurinhatã;1416;1844;1418;2205;2834;4049;3260;3623;6883
MG;3129202;Heliodora;2097;673;2121;766;4218;1439;2770;2887;5657
MG;3129301;Iapu;3238;1599;3157;1724;6395;3323;4837;4881;9718
MG;3129400;Ibertioga;1609;898;1566;1067;3175;1965;2507;2633;5140
MG;3129509;Ibiá;8776;1621;8577;2070;17353;3691;10397;10647;21044
MG;3129608;Ibiaí;2541;968;2600;1142;5141;2110;3509;3742;7251
MG;3129657;Ibiracatu;1394;1751;1462;1927;2856;3678;3145;3389;6534
MG;3129707;Ibiraci;3302;1620;3440;1867;6742;3487;4922;5307;10229
MG;3129806;Ibirité;66527;327;65808;382;132335;709;66854;66190;133044
MG;3129905;Ibitiúra de Minas;998;574;1051;678;2049;1252;1572;1729;3301
MG;3130002;Ibituruna;1012;365;975;403;1987;768;1377;1378;2755
MG;3130051;Icaraí de Minas;966;3566;976;3807;1942;7373;4532;4783;9315
MG;3130101;Igarapé;11361;869;11616;992;22977;1861;12230;12608;24838
MG;3130200;Igaratinga;2666;900;2750;1039;5416;1939;3566;3789;7355
MG;3130309;Iguatama;3466;667;3393;743;6859;1410;4133;4136;8269
MG;3130408;Ijaci;2017;446;2062;539;4079;985;2463;2601;5064
MG;3130507;Ilicínea;3801;1255;3836;1640;7637;2895;5056;5476;10532
MG;3130556;Imbé de Minas;854;1997;798;2262;1652;4259;2851;3060;5911
MG;3130606;Inconfidentes;1605;1472;1612;1790;3217;3262;3077;3402;6479
MG;3130655;Indaiabira;616;2978;617;3214;1233;6192;3594;3831;7425
MG;3130705;Indianópolis;1530;1004;1674;1179;3204;2183;2534;2853;5387
MG;3130804;Ingaí;717;463;752;562;1469;1025;1180;1314;2494
MG;3130903;Inhapim;6492;5866;6178;6359;12670;12225;12358;12537;24895
MG;3131000;Inhaúma;1710;811;1754;920;3464;1731;2521;2674;5195
MG;3131109;Inimutaba;2115;935;1965;1101;4080;2036;3050;3066;6116
MG;3131158;Ipaba;6452;675;6704;700;13156;1375;7127;7404;14531
MG;3131208;Ipanema;6439;1874;5821;2152;12260;4026;8313;7973;16286
MG;3131307;Ipatinga;107654;753;103241;848;210895;1601;108407;104089;212496
MG;3131406;Ipiaçu;1740;219;1771;296;3511;515;1959;2067;4026
MG;3131505;Ipuiúna;3227;1087;3362;1282;6589;2369;4314;4644;8958
MG;3131604;Iraí de Minas;2165;597;2435;706;4600;1303;2762;3141;5903
MG;3131703;Itabira;46537;4281;43166;4338;89703;8619;50818;47504;98322
MG;3131802;Itabirinha de Mantena;3352;1561;3163;1733;6515;3294;4913;4896;9809
MG;3131901;Itabirito;18078;1256;17167;1400;35245;2656;19334;18567;37901
MG;3132008;Itacambira;324;1821;332;2081;656;3902;2145;2413;4558
MG;3132107;Itacarambi;6640;1964;6664;2187;13304;4151;8604;8851;17455
MG;3132206;Itaguara;3976;1598;3829;1899;7805;3497;5574;5728;11302
MG;3132305;Itaipé;2087;3145;1992;3527;4079;6672;5232;5519;10751
MG;3132404;Itajubá;39491;3440;37495;3709;76986;7149;42931;41204;84135
MG;3132503;Itamarandiba;9169;5527;8548;6156;17717;11683;14696;14704;29400
MG;3132602;Itamarati de Minas;1388;463;1416;524;2804;987;1851;1940;3791
MG;3132701;Itambacuri;7455;4099;6537;4577;13992;8676;11554;11114;22668
MG;3132800;Itambé do Mato Dentro;386;861;370;965;756;1826;1247;1335;2582
MG;3132909;Itamogi;3710;1513;3710;1790;7420;3303;5223;5500;10723
MG;3133006;Itamonte;3378;2620;3307;2892;6685;5512;5998;6199;12197
MG;3133105;Itanhandu;5438;1158;5078;1241;10516;2399;6596;6319;12915
MG;3133204;Itanhomi;3851;2038;3522;2161;7373;4199;5889;5683;11572
MG;3133303;Itaobim;8247;2481;7829;2714;16076;5195;10728;10543;21271
MG;3133402;Itapagipe;3564;2239;3444;2585;7008;4824;5803;6029;11832
MG;3133501;Itapecerica;8389;2300;7831;2715;16220;5015;10689;10546;21235
MG;3133600;Itapeva;1876;1643;1905;1937;3781;3580;3519;3842;7361
MG;3133709;Itatiaiuçu;2538;1642;2501;1836;5039;3478;4180;4337;8517
MG;3133758;Itaú de Minas;6567;155;6746;223;13313;378;6722;6969;13691
MG;3133808;Itaúna;36370;2354;35400;2738;71770;5092;38724;38138;76862
MG;3133907;Itaverava;1207;1870;1211;2100;2418;3970;3077;3311;6388
MG;3134004;Itinga;2950;3864;2788;4292;5738;8156;6814;7080;13894
MG;3134103;Itueta;1297;1493;1198;1653;2495;3146;2790;2851;5641
MG;3134202;Ituiutaba;43107;2341;40746;2897;83853;5238;45448;43643;89091
MG;3134301;Itumirim;2328;823;2373;867;4701;1690;3151;3240;6391
MG;3134400;Iturama;13417;899;13412;1086;26829;1985;14316;14498;28814
MG;3134509;Itutinga;1336;619;1383;802;2719;1421;1955;2185;4140
MG;3134608;Jaboticatubas;3580;3014;3536;3400;7116;6414;6594;6936;13530
MG;3134707;Jacinto;4350;1447;4348;1942;8698;3389;5797;6290;12087
MG;3134806;Jacuí;1985;1544;1980;1880;3965;3424;3529;3860;7389
MG;3134905;Jacutinga;7293;2157;7023;2531;14316;4688;9450;9554;19004
MG;3135001;Jaguaraçu;1024;392;1016;423;2040;815;1416;1439;2855
MG;3135050;Jaíba;6613;6523;6535;7616;13148;14139;13136;14151;27287
MG;3135076;Jampruca;1564;744;1590;818;3154;1562;2308;2408;4716
MG;3135100;Janaúba;27363;3683;26528;4077;53891;7760;31046;30605;61651
MG;3135209;Januária;18564;13277;17359;14405;35923;27682;31841;31764;63605
MG;3135308;Japaraíba;990;722;940;821;1930;1543;1712;1761;3473
MG;3135357;Japonvar;1292;2626;1285;2918;2577;5544;3918;4203;8121
MG;3135407;Jeceaba;1424;1555;1407;1723;2831;3278;2979;3130;6109
MG;3135456;Jenipapo de Minas;1045;2169;977;2299;2022;4468;3214;3276;6490
MG;3135506;Jequeri;3304;3442;3146;3766;6450;7208;6746;6912;13658
MG;3135605;Jequitaí;3039;1218;2942;1551;5981;2769;4257;4493;8750
MG;3135704;Jequitibá;797;1659;838;1877;1635;3536;2456;2715;5171
MG;3135803;Jequitinhonha;8224;2977;7855;3846;16079;6823;11201;11701;22902
MG;3135902;Jesuânia;1398;921;1450;1054;2848;1975;2319;2504;4823
MG;3136009;Joaíma;5319;2024;4940;2272;10259;4296;7343;7212;14555
MG;3136108;Joanésia;1017;2225;1048;2327;2065;4552;3242;3375;6617
MG;3136207;João Monlevade;34572;173;31800;145;66372;318;34745;31945;66690
MG;3136306;João Pinheiro;16345;3934;16079;5010;32424;8944;20279;21089;41368
MG;3136405;Joaquim Felício;1194;709;1130;839;2324;1548;1903;1969;3872
MG;3136504;Jordânia;3521;1249;3537;1558;7058;2807;4770;5095;9865
MG;3136520;José Gonçalves de Minas;394;1921;389;1992;783;3913;2315;2381;4696
MG;3136553;José Raydan;440;1362;408;1437;848;2799;1802;1845;3647
MG;3136579;Josenópolis;1027;1052;993;1181;2020;2233;2079;2174;4253
MG;3136603;Nova União;745;1927;684;2071;1429;3998;2672;2755;5427
MG;3136652;Juatuba;7942;214;7987;246;15929;460;8156;8233;16389
MG;3136702;Juiz de Fora;237654;1731;215348;2063;453002;3794;239385;217411;456796
MG;3136801;Juramento;954;955;919;1073;1873;2028;1909;1992;3901
MG;3136900;Juruaia;1625;2078;1611;2366;3236;4444;3703;3977;7680
MG;3136959;Juvenília;2118;1370;2095;1565;4213;2935;3488;3660;7148
MG;3137007;Ladainha;2083;5919;1900;5930;3983;11849;8002;7830;15832
MG;3137106;Lagamar;2404;1311;2407;1588;4811;2899;3715;3995;7710
MG;3137205;Lagoa da Prata;19160;384;18751;463;37911;847;19544;19214;38758
MG;3137304;Lagoa dos Patos;1445;716;1457;836;2902;1552;2161;2293;4454
MG;3137403;Lagoa Dourada;2963;2505;3091;2927;6054;5432;5468;6018;11486
MG;3137502;Lagoa Formosa;5500;2565;5348;2880;10848;5445;8065;8228;16293
MG;3137536;Lagoa Grande;2628;954;2852;1176;5480;2130;3582;4028;7610
MG;3137601;Lagoa Santa;17908;1197;17488;1279;35396;2476;19105;18767;37872
MG;3137700;Lajinha;5689;3922;5529;4388;11218;8310;9611;9917;19528
MG;3137809;Lambari;7105;2101;6596;2447;13701;4548;9206;9043;18249
MG;3137908;Lamim;685;1045;677;1180;1362;2225;1730;1857;3587
MG;3138005;Laranjal;2151;886;2061;1028;4212;1914;3037;3089;6126
MG;3138104;Lassance;1689;1453;1586;1826;3275;3279;3142;3412;6554
MG;3138203;Lavras;38280;2129;36016;2347;74296;4476;40409;38363;78772
MG;3138302;Leandro Ferreira;969;571;969;718;1938;1289;1540;1687;3227
MG;3138351;Leme do Prado;767;1549;774;1646;1541;3195;2316;2420;4736
MG;3138401;Leopoldina;22803;3088;20690;3516;43493;6604;25891;24206;50097
MG;3138500;Liberdade;1964;913;1930;985;3894;1898;2877;2915;5792
MG;3138609;Lima Duarte;5710;2013;5599;2386;11309;4399;7723;7985;15708
MG;3138625;Limeira do Oeste;1835;1123;1846;1366;3681;2489;2958;3212;6170
MG;3138658;Lontra;2481;1217;2473;1469;4954;2686;3698;3942;7640
MG;3138674;Luisburgo;655;2332;684;2626;1339;4958;2987;3310;6297
MG;3138682;Luislândia;1128;1857;1080;2056;2208;3913;2985;3136;6121
MG;3138708;Luminárias;1863;763;1871;985;3734;1748;2626;2856;5482
MG;3138807;Luz;7373;1041;7177;1242;14550;2283;8414;8419;16833
MG;3138906;Machacalis;2896;445;2995;581;5891;1026;3341;3576;6917
MG;3139003;Machado;13623;3697;13318;4239;26941;7936;17320;17557;34877
MG;3139102;Madre de Deus de Minas;1751;588;1687;708;3438;1296;2339;2395;4734
MG;3139201;Malacacheta;5829;4007;5097;4317;10926;8324;9836;9414;19250
MG;3139250;Mamonas;907;2168;878;2185;1785;4353;3075;3063;6138
MG;3139300;Manga;7089;3797;6883;4190;13972;7987;10886;11073;21959
MG;3139409;Manhuaçu;26606;7118;25500;7899;52106;15017;33724;33399;67123
MG;3139508;Manhumirim;8104;2013;7619;2289;15723;4302;10117;9908;20025
MG;3139607;Mantena;10171;3521;9140;4040;19311;7561;13692;13180;26872
MG;3139706;Maravilhas;2101;1000;2001;1130;4102;2130;3101;3131;6232
MG;3139805;Mar de Espanha;4771;662;4352;782;9123;1444;5433;5134;10567
MG;3139904;Maria da Fé;3902;3228;3910;3567;7812;6795;7130;7477;14607
MG;3140001;Mariana;19970;3922;18709;4109;38679;8031;23892;22818;46710
MG;3140100;Marilac;1788;453;1667;516;3455;969;2241;2183;4424
MG;3140159;Mário Campos;3951;1243;4001;1340;7952;2583;5194;5341;10535
MG;3140209;Maripá de Minas;929;342;942;381;1871;723;1271;1323;2594
MG;3140308;Marliéria;453;1552;432;1607;885;3159;2005;2039;4044
MG;3140407;Marmelópolis;726;871;735;961;1461;1832;1597;1696;3293
MG;3140506;Martinho Campos;4639;1156;4661;1361;9300;2517;5795;6022;11817
MG;3140530;Martins Soares;1152;1573;1177;1783;2329;3356;2725;2960;5685
MG;3140555;Mata Verde;2749;613;2940;783;5689;1396;3362;3723;7085
MG;3140605;Materlândia;925;1455;927;1539;1852;2994;2380;2466;4846
MG;3140704;Mateus Leme;10305;1819;10089;1931;20394;3750;12124;12020;24144
MG;3140803;Matias Barbosa;5790;333;5793;407;11583;740;6123;6200;12323
MG;3140852;Matias Cardoso;1857;2305;1886;2552;3743;4857;4162;4438;8600
MG;3140902;Matipó;5951;2215;5728;2397;11679;4612;8166;8125;16291
MG;3141009;Mato Verde;4816;1834;4533;2002;9349;3836;6650;6535;13185
MG;3141108;Matozinhos;13972;1176;13692;1324;27664;2500;15148;15016;30164
MG;3141207;Matutina;1366;505;1393;574;2759;1079;1871;1967;3838
MG;3141306;Medeiros;766;660;802;810;1568;1470;1426;1612;3038
MG;3141405;Medina;7356;3319;7137;3829;14493;7148;10675;10966;21641
MG;3141504;Mendes Pimentel;1570;1609;1402;1705;2972;3314;3179;3107;6286
MG;3141603;Mercês;3144;1852;3011;2054;6155;3906;4996;5065;10061
MG;3141702;Mesquita;1773;1580;1734;1684;3507;3264;3353;3418;6771
MG;3141801;Minas Novas;4036;11446;3694;11470;7730;22916;15482;15164;30646
MG;3141900;Minduri;1695;231;1610;298;3305;529;1926;1908;3834
MG;3142007;Mirabela;4715;1444;4761;1632;9476;3076;6159;6393;12552
MG;3142106;Miradouro;2506;2289;2413;2562;4919;4851;4795;4975;9770
MG;3142205;Miraí;4831;1421;4611;1616;9442;3037;6252;6227;12479
MG;3142254;Miravânia;341;1741;346;1759;687;3500;2082;2105;4187
MG;3142304;Moeda;794;1439;775;1461;1569;2900;2233;2236;4469
MG;3142403;Moema;2873;318;2946;376;5819;694;3191;3322;6513
MG;3142502;Monjolos;731;521;685;642;1416;1163;1252;1327;2579
MG;3142601;Monsenhor Paulo;2613;1031;2755;1216;5368;2247;3644;3971;7615
MG;3142700;Montalvânia;4268;3638;4205;3920;8473;7558;7906;8125;16031
MG;3142809;Monte Alegre de Minas;6318;2407;6355;2926;12673;5333;8725;9281;18006
MG;3142908;Monte Azul;5892;6187;5586;6167;11478;12354;12079;11753;23832
MG;3143005;Monte Belo;3970;2273;4147;2752;8117;5025;6243;6899;13142
MG;3143104;Monte Carmelo;18981;2532;19250;3136;38231;5668;21513;22386;43899
MG;3143153;Monte Formoso;680;1448;699;1584;1379;3032;2128;2283;4411
MG;3143203;Monte Santo de Minas;7805;2592;7792;3023;15597;5615;10397;10815;21212
MG;3143302;Montes Claros;150186;8302;138997;9462;289183;17764;158488;148459;306947
MG;3143401;Monte Sião;6484;2495;6245;2971;12729;5466;8979;9216;18195
MG;3143450;Montezuma;1170;2103;1138;2162;2308;4265;3273;3300;6573
MG;3143500;Morada Nova de Minas;2821;848;2887;1050;5708;1898;3669;3937;7606
MG;3143609;Morro da Garça;830;600;793;737;1623;1337;1430;1530;2960
MG;3143708;Morro do Pilar;1329;554;1236;616;2565;1170;1883;1852;3735
MG;3143807;Munhoz;1746;1439;1778;1693;3524;3132;3185;3471;6656
MG;3143906;Muriaé;43652;3772;40271;4406;83923;8178;47424;44677;92101
MG;3144003;Mutum;6161;6982;5753;7797;11914;14779;13143;13550;26693
MG;3144102;Muzambinho;7304;2904;7059;3322;14363;6226;10208;10381;20589
MG;3144201;Nacip Raydan;1001;527;994;600;1995;1127;1528;1594;3122
MG;3144300;Nanuque;19475;1727;18306;2111;37781;3838;21202;20417;41619
MG;3144359;Naque;2644;164;2593;200;5237;364;2808;2793;5601
MG;3144375;Natalândia;1115;416;1245;517;2360;933;1531;1762;3293
MG;3144409;Natércia;1414;807;1400;1023;2814;1830;2221;2423;4644
MG;3144508;Nazareno;2895;681;2825;839;5720;1520;3576;3664;7240
MG;3144607;Nepomuceno;9308;3103;8808;3603;18116;6706;12411;12411;24822
MG;3144656;Ninheira;970;3541;972;3873;1942;7414;4511;4845;9356
MG;3144672;Nova Belém;472;1681;442;1900;914;3581;2153;2342;4495
MG;3144706;Nova Era;8015;1166;7310;1263;15325;2429;9181;8573;17754
MG;3144805;Nova Lima;32292;647;30743;705;63035;1352;32939;31448;64387
MG;3144904;Nova Módica;1106;900;1054;1040;2160;1940;2006;2094;4100
MG;3145000;Nova Ponte;3724;900;3817;1051;7541;1951;4624;4868;9492
MG;3145059;Nova Porteirinha;2079;1494;2103;1713;4182;3207;3573;3816;7389
MG;3145109;Nova Resende;3514;3128;3604;3641;7118;6769;6642;7245;13887
MG;3145208;Nova Serrana;17390;981;17931;1145;35321;2126;18371;19076;37447
MG;3145307;Novo Cruzeiro;4417;10831;3961;11244;8378;22075;15248;15205;30453
MG;3145356;Novo Oriente de Minas;1990;2955;1846;3183;3836;6138;4945;5029;9974
MG;3145372;Novorizonte;647;1638;595;1730;1242;3368;2285;2325;4610
MG;3145406;Olaria;409;636;435;824;844;1460;1045;1259;2304
MG;3145455;Olhos-d'Água;952;1074;938;1320;1890;2394;2026;2258;4284
MG;3145505;Olímpio Noronha;814;254;879;300;1693;554;1068;1179;2247
MG;3145604;Oliveira;16540;2319;15673;2718;32213;5037;18859;18391;37250
MG;3145703;Oliveira Fortes;549;509;521;566;1070;1075;1058;1087;2145
MG;3145802;Onça de Pitangui;448;948;474;1115;922;2063;1396;1589;2985
MG;3145851;Oratórios;1387;784;1342;846;2729;1630;2171;2188;4359
MG;3145877;Orizânia;840;2276;865;2476;1705;4752;3116;3341;6457
MG;3145901;Ouro Branco;13315;1946;12988;2134;26303;4080;15261;15122;30383
MG;3146008;Ouro Fino;10463;4160;9971;4822;20434;8982;14623;14793;29416
MG;3146107;Ouro Preto;28873;4838;27419;5147;56292;9985;33711;32566;66277
MG;3146206;Ouro Verde de Minas;1768;1338;1707;1410;3475;2748;3106;3117;6223
MG;3146255;Padre Carvalho;1540;1097;1430;1160;2970;2257;2637;2590;5227
MG;3146305;Padre Paraíso;5436;3242;5251;3546;10687;6788;8678;8797;17475
MG;3146404;Paineiras;1736;670;1684;805;3420;1475;2406;2489;4895
MG;3146503;Pains;2854;1016;2775;1153;5629;2169;3870;3928;7798
MG;3146552;Pai Pedro;783;2052;809;2188;1592;4240;2835;2997;5832
MG;3146602;Paiva;570;218;566;268;1136;486;788;834;1622
MG;3146701;Palma;2469;806;2396;890;4865;1696;3275;3286;6561
MG;3146750;Palmópolis;2271;2115;2199;2301;4470;4416;4386;4500;8886
MG;3146909;Papagaios;5071;1027;5136;1238;10207;2265;6098;6374;12472
MG;3147006;Paracatu;31662;5501;31352;6701;63014;12202;37163;38053;75216
MG;3147105;Pará de Minas;34780;2372;33213;2642;67993;5014;37152;35855;73007
MG;3147204;Paraguaçu;7364;2008;7190;2380;14554;4388;9372;9570;18942
MG;3147303;Paraisópolis;6605;2083;6385;2425;12990;4508;8688;8810;17498
MG;3147402;Paraopeba;8871;1413;8412;1687;17283;3100;10284;10099;20383
MG;3147501;Passabém;338;638;314;656;652;1294;976;970;1946
MG;3147600;Passa Quatro;5718;1695;5602;1840;11320;3535;7413;7442;14855
MG;3147709;Passa Tempo;3126;1084;3005;1265;6131;2349;4210;4270;8480
MG;3147808;Passa-Vinte;636;390;647;491;1283;881;1026;1138;2164
MG;3147907;Passos;45624;3354;44287;3946;89911;7300;48978;48233;97211
MG;3147956;Patis;974;1470;1060;1660;2034;3130;2444;2720;5164
MG;3148004;Patos de Minas;56898;5770;54435;6778;111333;12548;62668;61213;123881
MG;3148103;Patrocínio;31639;4568;31361;5562;63000;10130;36207;36923;73130
MG;3148202;Patrocínio do Muriaé;1722;687;1680;772;3402;1459;2409;2452;4861
MG;3148301;Paula Cândido;1965;2418;1921;2733;3886;5151;4383;4654;9037
MG;3148400;Paulistas;1118;1521;909;1565;2027;3086;2639;2474;5113
MG;3148509;Pavão;2685;1733;2492;2002;5177;3735;4418;4494;8912
MG;3148608;Peçanha;4167;4537;3767;4712;7934;9249;8704;8479;17183
MG;3148707;Pedra Azul;10342;1613;9748;1905;20090;3518;11955;11653;23608
MG;3148756;Pedra Bonita;649;2359;654;2575;1303;4934;3008;3229;6237
MG;3148806;Pedra do Anta;1059;865;1020;981;2079;1846;1924;2001;3925
MG;3148905;Pedra do Indaiá;899;930;919;1066;1818;1996;1829;1985;3814
MG;3149002;Pedra Dourada;565;307;556;394;1121;701;872;950;1822
MG;3149101;Pedralva;2698;3136;2620;3555;5318;6691;5834;6175;12009
MG;3149150;Pedras de Maria da Cruz;2421;1809;2562;2079;4983;3888;4230;4641;8871
MG;3149200;Pedrinópolis;1412;220;1451;278;2863;498;1632;1729;3361
MG;3149309;Pedro Leopoldo;22183;5235;21296;5243;43479;10478;27418;26539;53957
MG;3149408;Pedro Teixeira;360;477;406;544;766;1021;837;950;1787
MG;3149507;Pequeri;1344;162;1283;227;2627;389;1506;1510;3016
MG;3149606;Pequi;1298;532;1258;629;2556;1161;1830;1887;3717
MG;3149705;Perdigão;2217;565;2208;717;4425;1282;2782;2925;5707
MG;3149804;Perdizes;3590;2251;3557;2966;7147;5217;5841;6523;12364
MG;3149903;Perdões;8084;1391;7665;1596;15749;2987;9475;9261;18736
MG;3149952;Periquito;2777;1013;2667;988;5444;2001;3790;3655;7445
MG;3150000;Pescador;1537;452;1455;593;2992;1045;1989;2048;4037
MG;3150109;Piau;796;588;876;748;1672;1336;1384;1624;3008
MG;3150158;Piedade de Caratinga;1445;1128;1449;1325;2894;2453;2573;2774;5347
MG;3150208;Piedade de Ponte Nova;1371;667;1308;683;2679;1350;2038;1991;4029
MG;3150307;Piedade do Rio Grande;1415;1039;1424;1185;2839;2224;2454;2609;5063
MG;3150406;Piedade dos Gerais;763;1276;821;1414;1584;2690;2039;2235;4274
MG;3150505;Pimenta;3037;758;3097;932;6134;1690;3795;4029;7824
MG;3150539;Pingo-d'Água;1705;158;1765;192;3470;350;1863;1957;3820
MG;3150570;Pintópolis;1105;2178;1099;2567;2204;4745;3283;3666;6949
MG;3150604;Piracema;1439;1758;1325;1987;2764;3745;3197;3312;6509
MG;3150703;Pirajuba;1079;260;1076;326;2155;586;1339;1402;2741
MG;3150802;Piranga;2625;5826;2454;6105;5079;11931;8451;8559;17010
MG;3150901;Piranguçu;815;1552;877;1730;1692;3282;2367;2607;4974
MG;3151008;Piranguinho;2302;1315;2305;1477;4607;2792;3617;3782;7399
MG;3151107;Pirapetinga;4255;745;4158;876;8413;1621;5000;5034;10034
MG;3151206;Pirapora;25318;415;24059;508;49377;923;25733;24567;50300
MG;3151305;Piraúba;4240;1265;4262;1373;8502;2638;5505;5635;11140
MG;3151404;Pitangui;9521;1736;9108;1904;18629;3640;11257;11012;22269
MG;3151503;Piumhi;12921;1581;12304;1977;25225;3558;14502;14281;28783
MG;3151602;Planura;3781;187;4092;237;7873;424;3968;4329;8297
MG;3151701;Poço Fundo;4222;3057;4192;3677;8414;6734;7279;7869;15148
MG;3151800;Poços de Caldas;67185;2252;63641;2549;130826;4801;69437;66190;135627
MG;3151909;Pocrane;2632;2240;2515;2464;5147;4704;4872;4979;9851
MG;3152006;Pompéu;11212;1703;11074;2100;22286;3803;12915;13174;26089
MG;3152105;Ponte Nova;25718;3050;23279;3256;48997;6306;28768;26535;55303
MG;3152131;Ponto Chique;1057;701;1063;830;2120;1531;1758;1893;3651
MG;3152170;Ponto dos Volantes;1594;3608;1466;3861;3060;7469;5202;5327;10529
MG;3152204;Porteirinha;9298;9628;8842;10122;18140;19750;18926;18964;37890
MG;3152303;Porto Firme;1987;2650;1910;2927;3897;5577;4637;4837;9474
MG;3152402;Poté;4295;3200;3906;3379;8201;6579;7495;7285;14780
MG;3152501;Pouso Alegre;49881;4180;47875;4840;97756;9020;54061;52715;106776
MG;3152600;Pouso Alto;1802;1461;1649;1757;3451;3218;3263;3406;6669
MG;3152709;Prados;2511;1293;2477;1422;4988;2715;3804;3899;7703
MG;3152808;Prata;8627;2875;8496;3578;17123;6453;11502;12074;23576
MG;3152907;Pratápolis;3787;705;3871;854;7658;1559;4492;4725;9217
MG;3153004;Pratinha;826;551;812;694;1638;1245;1377;1506;2883
MG;3153103;Presidente Bernardes;714;2150;651;2332;1365;4482;2864;2983;5847
MG;3153202;Presidente Juscelino;856;1212;880;1371;1736;2583;2068;2251;4319
MG;3153301;Presidente Kubitschek;864;589;873;625;1737;1214;1453;1498;2951
MG;3153400;Presidente Olegário;5565;3072;5534;3610;11099;6682;8637;9144;17781
MG;3153509;Alto Jequitibá;2083;2086;1928;2361;4011;4447;4169;4289;8458
MG;3153608;Prudente de Morais;3960;174;3904;194;7864;368;4134;4098;8232
MG;3153707;Quartel Geral;1214;286;1160;362;2374;648;1500;1522;3022
MG;3153806;Queluzito;329;540;344;578;673;1118;869;922;1791
MG;3153905;Raposos;6910;403;6545;431;13455;834;7313;6976;14289
MG;3154002;Raul Soares;7502;4696;6797;5292;14299;9988;12198;12089;24287
MG;3154101;Recreio;4687;533;4370;598;9057;1131;5220;4968;10188
MG;3154150;Reduto;1462;1404;1468;1589;2930;2993;2866;3057;5923
MG;3154200;Resende Costa;3947;1261;3682;1446;7629;2707;5208;5128;10336
MG;3154309;Resplendor;6920;1728;6347;1980;13267;3708;8648;8327;16975
MG;3154408;Ressaquinha;1309;1032;1194;1022;2503;2054;2341;2216;4557
MG;3154457;Riachinho;1948;1848;1951;2226;3899;4074;3796;4177;7973
MG;3154507;Riacho dos Machados;1582;3034;1502;3240;3084;6274;4616;4742;9358
MG;3154606;Ribeirão das Neves;122997;318;122404;1127;245401;1445;123315;123531;246846
MG;3154705;Ribeirão Vermelho;1719;149;1593;160;3312;309;1868;1753;3621
MG;3154804;Rio Acima;3354;510;3222;572;6576;1082;3864;3794;7658
MG;3154903;Rio Casca;5972;1814;5505;1969;11477;3783;7786;7474;15260
MG;3155009;Rio Doce;722;456;650;490;1372;946;1178;1140;2318
MG;3155108;Rio do Prado;1465;1150;1427;1348;2892;2498;2615;2775;5390
MG;3155207;Rio Espera;1163;2246;1075;2458;2238;4704;3409;3533;6942
MG;3155306;Rio Manso;1394;812;1468;972;2862;1784;2206;2440;4646
MG;3155405;Rio Novo;3637;583;3627;703;7264;1286;4220;4330;8550
MG;3155504;Rio Paranaíba;3079;2313;3117;3019;6196;5332;5392;6136;11528
MG;3155603;Rio Pardo de Minas;5332;8078;5163;8664;10495;16742;13410;13827;27237
MG;3155702;Rio Piracicaba;5622;1573;5276;1667;10898;3240;7195;6943;14138
MG;3155801;Rio Pomba;6841;1395;6449;1674;13290;3069;8236;8123;16359
MG;3155900;Rio Preto;1950;547;1914;731;3864;1278;2497;2645;5142
MG;3156007;Rio Vermelho;2620;4785;2425;5075;5045;9860;7405;7500;14905
MG;3156106;Ritápolis;1778;918;1724;1003;3502;1921;2696;2727;5423
MG;3156205;Rochedo de Minas;846;90;857;114;1703;204;936;971;1907
MG;3156304;Rodeiro;2127;492;2182;574;4309;1066;2619;2756;5375
MG;3156403;Romaria;1260;483;1402;592;2662;1075;1743;1994;3737
MG;3156452;Rosário da Limeira;800;1037;849;1183;1649;2220;1837;2032;3869
MG;3156502;Rubelita;1304;3688;1217;3990;2521;7678;4992;5207;10199
MG;3156601;Rubim;3820;946;3714;1186;7534;2132;4766;4900;9666
MG;3156700;Sabará;57876;1237;54818;1421;112694;2658;59113;56239;115352
MG;3156809;Sabinópolis;5034;3108;4654;3473;9688;6581;8142;8127;16269
MG;3156908;Sacramento;8120;2425;7770;3019;15890;5444;10545;10789;21334
MG;3157005;Salinas;13553;4990;12725;5452;26278;10442;18543;18177;36720
MG;3157104;Salto da Divisa;2783;516;2788;692;5571;1208;3299;3480;6779
MG;3157203;Santa Bárbara;10947;1395;10347;1491;21294;2886;12342;11838;24180
MG;3157252;Santa Bárbara do Leste;1467;1995;1479;2267;2946;4262;3462;3746;7208
MG;3157278;Santa Bárbara do Monte Verde;624;502;618;622;1242;1124;1126;1240;2366
MG;3157302;Santa Bárbara do Tugúrio;910;1415;891;1611;1801;3026;2325;2502;4827
MG;3157336;Santa Cruz de Minas;3531;;3510;1;7041;1;3531;3511;7042
MG;3157377;Santa Cruz de Salinas;456;1921;455;1969;911;3890;2377;2424;4801
MG;3157401;Santa Cruz do Escalvado;842;1824;801;1911;1643;3735;2666;2712;5378
MG;3157500;Santa Efigênia de Minas;1281;1188;1205;1250;2486;2438;2469;2455;4924
MG;3157609;Santa Fé de Minas;959;987;1008;1238;1967;2225;1946;2246;4192
MG;3157658;Santa Helena de Minas;1361;1398;1401;1593;2762;2991;2759;2994;5753
MG;3157708;Santa Juliana;3273;671;3360;774;6633;1445;3944;4134;8078
MG;3157807;Santa Luzia;93844;319;90364;376;184208;695;94163;90740;184903
MG;3157906;Santa Margarida;3142;3507;3172;3892;6314;7399;6649;7064;13713
MG;3158003;Santa Maria de Itabira;3070;2085;2955;2236;6025;4321;5155;5191;10346
MG;3158102;Santa Maria do Salto;1805;773;1888;972;3693;1745;2578;2860;5438
MG;3158201;Santa Maria do Suaçuí;5135;2074;4772;2369;9907;4443;7209;7141;14350
MG;3158300;Santana da Vargem;2278;1302;2419;1522;4697;2824;3580;3941;7521
MG;3158409;Santana de Cataguases;1298;328;1315;419;2613;747;1626;1734;3360
MG;3158508;Santana de Pirapama;1479;2594;1415;3128;2894;5722;4073;4543;8616
MG;3158607;Santana do Deserto;629;1195;596;1354;1225;2549;1824;1950;3774
MG;3158706;Santana do Garambéu;611;327;642;402;1253;729;938;1044;1982
MG;3158805;Santana do Jacaré;2076;114;2087;131;4163;245;2190;2218;4408
MG;3158904;Santana do Manhuaçu;2076;2059;2120;2352;4196;4411;4135;4472;8607
MG;3158953;Santana do Paraíso;8560;436;8637;522;17197;958;8996;9159;18155
MG;3159001;Santana do Riacho;879;946;849;1065;1728;2011;1825;1914;3739
MG;3159100;Santana dos Montes;987;922;1024;1011;2011;1933;1909;2035;3944
MG;3159209;Santa Rita de Caldas;2752;1723;2737;2066;5489;3789;4475;4803;9278
MG;3159308;Santa Rita de Jacutinga;1836;698;1766;918;3602;1616;2534;2684;5218
MG;3159357;Santa Rita de Minas;2045;854;1943;953;3988;1807;2899;2896;5795
MG;3159407;Santa Rita de Ibitipoca;1075;793;1074;905;2149;1698;1868;1979;3847
MG;3159506;Santa Rita do Itueto;897;2040;893;2231;1790;4271;2937;3124;6061
MG;3159605;Santa Rita do Sapucaí;13124;2621;12395;3124;25519;5745;15745;15519;31264
MG;3159704;Santa Rosa da Serra;904;575;966;669;1870;1244;1479;1635;3114
MG;3159803;Santa Vitória;6154;1724;6390;2097;12544;3821;7878;8487;16365
MG;3159902;Santo Antônio do Amparo;7100;980;6952;1077;14052;2057;8080;8029;16109
MG;3160009;Santo Antônio do Aventureiro;1031;678;1006;799;2037;1477;1709;1805;3514
MG;3160108;Santo Antônio do Grama;1650;534;1588;605;3238;1139;2184;2193;4377
MG;3160207;Santo Antônio do Itambé;604;1623;567;1794;1171;3417;2227;2361;4588
MG;3160306;Santo Antônio do Jacinto;3089;2820;3015;3220;6104;6040;5909;6235;12144
MG;3160405;Santo Antônio do Monte;9474;1997;9568;2434;19042;4431;11471;12002;23473
MG;3160454;Santo Antônio do Retiro;649;2636;608;2762;1257;5398;3285;3370;6655
MG;3160504;Santo Antônio do Rio Abaixo;394;530;356;543;750;1073;924;899;1823
MG;3160603;Santo Hipólito;1090;633;1037;728;2127;1361;1723;1765;3488
MG;3160702;Santos Dumont;20987;2982;19415;3405;40402;6387;23969;22820;46789
MG;3160801;São Bento Abade;1678;133;1774;152;3452;285;1811;1926;3737
MG;3160900;São Brás do Suaçuí;1376;258;1342;306;2718;564;1634;1648;3282
MG;3160959;São Domingos das Dores;1069;1374;1163;1586;2232;2960;2443;2749;5192
MG;3161007;São Domingos do Prata;4785;4264;4337;4256;9122;8520;9049;8593;17642
MG;3161056;São Félix de Minas;741;906;751;1056;1492;1962;1647;1807;3454
MG;3161106;São Francisco;14144;11125;13691;12537;27835;23662;25269;26228;51497
MG;3161205;São Francisco de Paula;2068;1100;2084;1281;4152;2381;3168;3365;6533
MG;3161304;São Francisco de Sales;1694;826;1737;1017;3431;1843;2520;2754;5274
MG;3161403;São Francisco do Glória;1549;1193;1552;1402;3101;2595;2742;2954;5696
MG;3161502;São Geraldo;2732;1146;2612;1226;5344;2372;3878;3838;7716
MG;3161601;São Geraldo da Piedade;618;1948;508;1941;1126;3889;2566;2449;5015
MG;3161650;São Geraldo do Baixio;778;643;744;699;1522;1342;1421;1443;2864
MG;3161700;São Gonçalo do Abaeté;1934;662;1961;875;3895;1537;2596;2836;5432
MG;3161809;São Gonçalo do Pará;3184;842;3029;914;6213;1756;4026;3943;7969
MG;3161908;São Gonçalo do Rio Abaixo;1907;2348;1852;2355;3759;4703;4255;4207;8462
MG;3162005;São Gonçalo do Sapucaí;9200;1917;8932;2259;18132;4176;11117;11191;22308
MG;3162104;São Gotardo;12552;906;12971;1202;25523;2108;13458;14173;27631
MG;3162203;São João Batista do Glória;2361;598;2458;854;4819;1452;2959;3312;6271
MG;3162252;São João da Lagoa;973;1090;955;1382;1928;2472;2063;2337;4400
MG;3162302;São João da Mata;785;526;825;616;1610;1142;1311;1441;2752
MG;3162401;São João da Ponte;3845;8581;4017;9585;7862;18166;12426;13602;26028
MG;3162450;São João das Missões;1025;3977;1064;4164;2089;8141;5002;5228;10230
MG;3162500;São João del Rei;38380;2206;35405;2625;73785;4831;40586;38030;78616
MG;3162559;São João do Manhuaçu;1865;2432;1816;2603;3681;5035;4297;4419;8716
MG;3162575;São João do Manteninha;1033;1162;1007;1204;2040;2366;2195;2211;4406
MG;3162609;São João do Oriente;3238;956;3265;1033;6503;1989;4194;4298;8492
MG;3162658;São João do Pacuí;777;950;748;1189;1525;2139;1727;1937;3664
MG;3162708;São João do Paraíso;4255;6426;3976;6353;8231;12779;10681;10329;21010
MG;3162807;São João Evangelista;4900;3073;4382;3171;9282;6244;7973;7553;15526
MG;3162906;São João Nepomuceno;11546;654;10786;800;22332;1454;12200;11586;23786
MG;3162922;São Joaquim de Bicas;6806;2168;6910;2268;13716;4436;8974;9178;18152
MG;3162948;São José da Barra;2102;781;2217;953;4319;1734;2883;3170;6053
MG;3162955;São José da Lapa;4492;2989;4412;3107;8904;6096;7481;7519;15000
MG;3163003;São José da Safira;1333;547;1359;655;2692;1202;1880;2014;3894
MG;3163102;São José da Varginha;745;800;796;884;1541;1684;1545;1680;3225
MG;3163201;São José do Alegre;1283;599;1273;647;2556;1246;1882;1920;3802
MG;3163300;São José do Divino;1337;673;1119;734;2456;1407;2010;1853;3863
MG;3163409;São José do Goiabal;1816;1275;1633;1285;3449;2560;3091;2918;6009
MG;3163508;São José do Jacuri;868;2384;846;2691;1714;5075;3252;3537;6789
MG;3163607;São José do Mantimento;635;512;650;582;1285;1094;1147;1232;2379
MG;3163706;São Lourenço;19178;;17749;;36927;;19178;17749;36927
MG;3163805;São Miguel do Anta;1670;1576;1661;1734;3331;3310;3246;3395;6641
MG;3163904;São Pedro da União;1338;1348;1402;1530;2740;2878;2686;2932;5618
MG;3164001;São Pedro dos Ferros;3573;1062;3463;1141;7036;2203;4635;4604;9239
MG;3164100;São Pedro do Suaçuí;1183;1936;1032;1930;2215;3866;3119;2962;6081
MG;3164209;São Romão;2669;1218;2500;1396;5169;2614;3887;3896;7783
MG;3164308;São Roque de Minas;1865;1128;1863;1469;3728;2597;2993;3332;6325
MG;3164407;São Sebastião da Bela Vista;1157;875;1207;1072;2364;1947;2032;2279;4311
MG;3164431;São Sebastião da Vargem Alegre;603;641;620;709;1223;1350;1244;1329;2573
MG;3164472;São Sebastião do Anta;1418;866;1469;1026;2887;1892;2284;2495;4779
MG;3164506;São Sebastião do Maranhão;1617;4046;1481;4460;3098;8506;5663;5941;11604
MG;3164605;São Sebastião do Oeste;843;1390;781;1634;1624;3024;2233;2415;4648
MG;3164704;São Sebastião do Paraíso;26362;2872;25600;3501;51962;6373;29234;29101;58335
MG;3164803;São Sebastião do Rio Preto;314;564;276;625;590;1189;878;901;1779
MG;3164902;São Sebastião do Rio Verde;520;457;502;497;1022;954;977;999;1976
MG;3165008;São Tiago;3794;1296;3669;1486;7463;2782;5090;5155;10245
MG;3165107;São Tomás de Aquino;2671;871;2697;1064;5368;1935;3542;3761;7303
MG;3165206;São Thomé das Letras;1538;1377;1674;1615;3212;2992;2915;3289;6204
MG;3165305;São Vicente de Minas;2783;333;2670;377;5453;710;3116;3047;6163
MG;3165404;Sapucaí-Mirim;1299;1303;1355;1498;2654;2801;2602;2853;5455
MG;3165503;Sardoá;789;1552;780;1654;1569;3206;2341;2434;4775
MG;3165537;Sarzedo;7357;1228;7381;1308;14738;2536;8585;8689;17274
MG;3165552;Setubinha;749;3973;683;3886;1432;7859;4722;4569;9291
MG;3165560;Sem-Peixe;610;992;557;1011;1167;2003;1602;1568;3170
MG;3165578;Senador Amaral;1421;977;1559;1171;2980;2148;2398;2730;5128
MG;3165602;Senador Cortes;577;421;514;488;1091;909;998;1002;2000
MG;3165701;Senador Firmino;2011;1204;1987;1396;3998;2600;3215;3383;6598
MG;3165800;Senador José Bento;410;681;444;836;854;1517;1091;1280;2371
MG;3165909;Senador Modestino Gonçalves;736;1773;718;1963;1454;3736;2509;2681;5190
MG;3166006;Senhora de Oliveira;1371;1408;1351;1513;2722;2921;2779;2864;5643
MG;3166105;Senhora do Porto;677;1065;640;1138;1317;2203;1742;1778;3520
MG;3166204;Senhora dos Remédios;1425;3436;1425;3738;2850;7174;4861;5163;10024
MG;3166303;Sericita;1510;1877;1509;2094;3019;3971;3387;3603;6990
MG;3166402;Seritinga;699;184;640;215;1339;399;883;855;1738
MG;3166501;Serra Azul de Minas;822;1199;839;1337;1661;2536;2021;2176;4197
MG;3166600;Serra da Saudade;263;151;270;189;533;340;414;459;873
MG;3166709;Serra dos Aimorés;3340;807;3158;877;6498;1684;4147;4035;8182
MG;3166808;Serra do Salitre;3228;1222;3376;1564;6604;2786;4450;4940;9390
MG;3166907;Serrania;3067;571;3159;707;6226;1278;3638;3866;7504
MG;3166956;Serranópolis de Minas;805;1188;762;1283;1567;2471;1993;2045;4038
MG;3167004;Serranos;801;231;794;245;1595;476;1032;1039;2071
MG;3167103;Serro;6023;4463;5768;4758;11791;9221;10486;10526;21012
MG;3167202;Sete Lagoas;93029;1917;87756;2169;180785;4086;94946;89925;184871
MG;3167301;Silveirânia;509;497;512;620;1021;1117;1006;1132;2138
MG;3167400;Silvianópolis;1542;1274;1504;1535;3046;2809;2816;3039;5855
MG;3167509;Simão Pereira;670;545;664;600;1334;1145;1215;1264;2479
MG;3167608;Simonésia;3277;4900;3207;5491;6484;10391;8177;8698;16875
MG;3167707;Sobrália;2012;1148;1888;1236;3900;2384;3160;3124;6284
MG;3167806;Soledade de Minas;1734;827;1578;1016;3312;1843;2561;2594;5155
MG;3167905;Tabuleiro;1327;950;1268;1027;2595;1977;2277;2295;4572
MG;3168002;Taiobeiras;11293;2688;10502;2864;21795;5552;13981;13366;27347
MG;3168051;Taparuba;667;881;688;989;1355;1870;1548;1677;3225
MG;3168101;Tapira;1060;481;1156;630;2216;1111;1541;1786;3327
MG;3168200;Tapiraí;550;330;583;437;1133;767;880;1020;1900
MG;3168309;Taquaraçu de Minas;655;948;723;1165;1378;2113;1603;1888;3491
MG;3168408;Tarumirim;3156;4152;2849;4331;6005;8483;7308;7180;14488
MG;3168507;Teixeiras;3596;1994;3353;2206;6949;4200;5590;5559;11149
MG;3168606;Teófilo Otoni;54471;12776;48341;13836;102812;26612;67247;62177;129424
MG;3168705;Timóteo;36684;84;34626;84;71310;168;36768;34710;71478
MG;3168804;Tiradentes;2147;758;2020;834;4167;1592;2905;2854;5759
MG;3168903;Tiros;2418;1143;2411;1599;4829;2742;3561;4010;7571
MG;3169000;Tocantins;5738;1682;5609;1976;11347;3658;7420;7585;15005
MG;3169059;Tocos do Moji;381;1396;437;1607;818;3003;1777;2044;3821
MG;3169109;Toledo;930;1507;1022;1763;1952;3270;2437;2785;5222
MG;3169208;Tombos;4222;1498;4095;1837;8317;3335;5720;5932;11652
MG;3169307;Três Corações;29622;3166;28797;3706;58419;6872;32788;32503;65291
MG;3169356;Três Marias;11486;441;11029;612;22515;1053;11927;11641;23568
MG;3169406;Três Pontas;20581;4788;20089;5566;40670;10354;25369;25655;51024
MG;3169505;Tumiritinga;1958;917;1917;1039;3875;1956;2875;2956;5831
MG;3169604;Tupaciguara;10413;1097;10208;1399;20621;2496;11510;11607;23117
MG;3169703;Turmalina;5035;2583;5123;2914;10158;5497;7618;8037;15655
MG;3169802;Turvolândia;1048;953;1108;1134;2156;2087;2001;2242;4243
MG;3169901;Ubá;38952;3949;37735;4429;76687;8378;42901;42164;85065
MG;3170008;Ubaí;2310;2926;2311;3227;4621;6153;5236;5538;10774
MG;3170057;Ubaporanga;2780;2940;2798;3164;5578;6104;5720;5962;11682
MG;3170107;Uberaba;126241;3457;117930;4423;244171;7880;129698;122353;252051
MG;3170206;Uberlândia;249981;5532;239001;6700;488982;12232;255513;245701;501214
MG;3170305;Umburatiba;773;566;830;703;1603;1269;1339;1533;2872
MG;3170404;Unaí;27886;6259;27663;8225;55549;14484;34145;35888;70033
MG;3170438;União de Minas;1088;1065;1184;1301;2272;2366;2153;2485;4638
MG;3170479;Uruana de Minas;861;709;890;803;1751;1512;1570;1693;3263
MG;3170503;Urucânia;3634;1586;3435;1720;7069;3306;5220;5155;10375
MG;3170529;Urucuia;2133;2419;2186;2877;4319;5296;4552;5063;9615
MG;3170578;Vargem Alegre;2402;791;2422;929;4824;1720;3193;3351;6544
MG;3170602;Vargem Bonita;567;461;613;571;1180;1032;1028;1184;2212
MG;3170651;Vargem Grande do Rio Pardo;980;1222;997;1258;1977;2480;2202;2255;4457
MG;3170701;Varginha;52995;2238;51170;2595;104165;4833;55233;53765;108998
MG;3170750;Varjão de Minas;1667;575;1822;637;3489;1212;2242;2459;4701
MG;3170800;Várzea da Palma;13890;1850;13742;2159;27632;4009;15740;15901;31641
MG;3170909;Varzelândia;4253;5142;4278;5496;8531;10638;9395;9774;19169
MG;3171006;Vazante;7510;1844;7418;2156;14928;4000;9354;9574;18928
MG;3171030;Verdelândia;1807;1659;1880;1833;3687;3492;3466;3713;7179
MG;3171071;Veredinha;1561;995;1559;1142;3120;2137;2556;2701;5257
MG;3171105;Veríssimo;718;627;757;772;1475;1399;1345;1529;2874
MG;3171154;Vermelho Novo;773;1413;761;1625;1534;3038;2186;2386;4572
MG;3171204;Vespasiano;38073;593;37140;616;75213;1209;38666;37756;76422
MG;3171303;Viçosa;30776;2333;29016;2729;59792;5062;33109;31745;64854
MG;3171402;Vieiras;895;1038;890;1129;1785;2167;1933;2019;3952
MG;3171501;Mathias Lobato;1651;163;1632;196;3283;359;1814;1828;3642
MG;3171600;Virgem da Lapa;3127;3778;2756;4011;5883;7789;6905;6767;13672
MG;3171709;Virgínia;1751;2542;1620;2786;3371;5328;4293;4406;8699
MG;3171808;Virginópolis;2943;2530;2691;2663;5634;5193;5473;5354;10827
MG;3171907;Virgolândia;1655;1406;1525;1526;3180;2932;3061;3051;6112
MG;3172004;Visconde do Rio Branco;13364;3249;12525;3460;25889;6709;16613;15985;32598
MG;3172103;Volta Grande;1783;678;1694;764;3477;1442;2461;2458;4919
MG;3172202;Wenceslau Braz;613;658;573;752;1186;1410;1271;1325;2596
MS;5000203;Água Clara;3244;1889;3441;2441;6685;4330;5133;5882;11015
MS;5000252;Alcinópolis;1112;593;1196;778;2308;1371;1705;1974;3679
MS;5000609;Amambaí;9568;5095;9250;5571;18818;10666;14663;14821;29484
MS;5000708;Anastácio;8656;2423;8610;2788;17266;5211;11079;11398;22477
MS;5000807;Anaurilândia;2215;1621;2205;1914;4420;3535;3836;4119;7955
MS;5000856;Angélica;2834;784;2858;880;5692;1664;3618;3738;7356
MS;5000906;Antônio João;3157;489;3140;622;6297;1111;3646;3762;7408
MS;5001003;Aparecida do Taboado;7997;1246;7647;1512;15644;2758;9243;9159;18402
MS;5001102;Aquidauana;17232;4434;16584;5190;33816;9624;21666;21774;43440
MS;5001243;Aral Moreira;1640;2283;1631;2501;3271;4784;3923;4132;8055
MS;5001508;Bandeirantes;2203;810;2330;1082;4533;1892;3013;3412;6425
MS;5001904;Bataguassu;5284;2537;5473;2903;10757;5440;7821;8376;16197
MS;5002001;Batayporã;3621;1564;3636;1804;7257;3368;5185;5440;10625
MS;5002100;Bela Vista;9023;1630;9000;2111;18023;3741;10653;11111;21764
MS;5002159;Bodoquena;2569;1370;2654;1774;5223;3144;3939;4428;8367
MS;5002209;Bonito;6425;1777;6503;2251;12928;4028;8202;8754;16956
MS;5002308;Brasilândia;3589;2113;3698;2556;7287;4669;5702;6254;11956
MS;5002407;Caarapó;7359;2995;7297;3055;14656;6050;10354;10352;20706
MS;5002605;Camapuã;5196;2614;5417;3219;10613;5833;7810;8636;16446
MS;5002704;Campo Grande;337502;3416;318412;4291;655914;7707;340918;322703;663621
MS;5002803;Caracol;1334;825;1426;1007;2760;1832;2159;2433;4592
MS;5002902;Cassilândia;8979;1037;8887;1184;17866;2221;10016;10071;20087
MS;5002951;Chapadão do Sul;4288;1228;4532;1610;8820;2838;5516;6142;11658
MS;5003108;Corguinho;708;949;781;1154;1489;2103;1657;1935;3592
MS;5003157;Coronel Sapucaia;4718;1599;4754;1739;9472;3338;6317;6493;12810
MS;5003207;Corumbá;43569;4072;42575;5485;86144;9557;47641;48060;95701
MS;5003256;Costa Rica;5589;1816;5894;2189;11483;4005;7405;8083;15488
MS;5003306;Coxim;13601;1579;13818;1868;27419;3447;15180;15686;30866
MS;5003454;Deodápolis;4234;1377;4202;1537;8436;2914;5611;5739;11350
MS;5003488;Dois Irmãos do Buriti;2137;2286;2226;2686;4363;4972;4423;4912;9335
MS;5003504;Douradina;1339;976;1364;1053;2703;2029;2315;2417;4732
MS;5003702;Dourados;76652;7282;73276;7739;149928;15021;83934;81015;164949
MS;5003751;Eldorado;4161;1319;4157;1422;8318;2741;5480;5579;11059
MS;5003801;Fátima do Sul;8284;1366;7996;1465;16280;2831;9650;9461;19111
MS;5003900;Figueirão;;;;;;;;;
MS;5004007;Glória de Dourados;3695;1351;3513;1476;7208;2827;5046;4989;10035
MS;5004106;Guia Lopes da Laguna;4534;906;4527;1148;9061;2054;5440;5675;11115
MS;5004304;Iguatemi;4682;2061;4577;2297;9259;4358;6743;6874;13617
MS;5004403;Inocência;2273;1447;2314;1838;4587;3285;3720;4152;7872
MS;5004502;Itaporã;5856;2490;5875;2824;11731;5314;8346;8699;17045
MS;5004601;Itaquiraí;3094;4384;3187;5105;6281;9489;7478;8292;15770
MS;5004700;Ivinhema;7567;3090;7521;3465;15088;6555;10657;10986;21643
MS;5004809;Japorã;584;2347;621;2588;1205;4935;2931;3209;6140
MS;5004908;Jaraguari;701;1743;714;2231;1415;3974;2444;2945;5389
MS;5005004;Jardim;10562;691;10391;898;20953;1589;11253;11289;22542
MS;5005103;Jateí;660;1272;643;1479;1303;2751;1932;2122;4054
MS;5005152;Juti;1680;789;1685;827;3365;1616;2469;2512;4981
MS;5005202;Ladário;6718;805;6762;1028;13480;1833;7523;7790;15313
MS;5005251;Laguna Carapã;1100;1582;1100;1749;2200;3331;2682;2849;5531
MS;5005400;Maracaju;10601;2330;10589;2699;21190;5029;12931;13288;26219
MS;5005608;Miranda;5972;5084;6087;5864;12059;10948;11056;11951;23007
MS;5005681;Mundo Novo;6947;995;6665;1062;13612;2057;7942;7727;15669
MS;5005707;Naviraí;16424;1887;16238;2113;32662;4000;18311;18351;36662
MS;5005806;Nioaque;3034;4074;3047;4931;6081;9005;7108;7978;15086
MS;5006002;Nova Alvorada do Sul;3281;1518;3401;1756;6682;3274;4799;5157;9956
MS;5006200;Nova Andradina;15193;2540;14689;2959;29882;5499;17733;17648;35381
MS;5006259;Novo Horizonte do Sul;1170;1872;1156;2217;2326;4089;3042;3373;6415
MS;5006275;Paraíso das Águas;;;;;;;;;
MS;5006309;Paranaíba;16153;2894;15874;3485;32027;6379;19047;19359;38406
MS;5006358;Paranhos;2860;2113;2935;2307;5795;4420;4973;5242;10215
MS;5006408;Pedro Gomes;3204;889;3317;1125;6521;2014;4093;4442;8535
MS;5006606;Ponta Porã;27681;3028;26702;3505;54383;6533;30709;30207;60916
MS;5006903;Porto Murtinho;4109;2124;4230;2853;8339;4977;6233;7083;13316
MS;5007109;Ribas do Rio Pardo;4663;2998;4822;4238;9485;7236;7661;9060;16721
MS;5007208;Rio Brilhante;8311;2745;8366;3218;16677;5963;11056;11584;22640
MS;5007307;Rio Negro;1813;753;1926;940;3739;1693;2566;2866;5432
MS;5007406;Rio Verde de Mato Grosso;7694;1170;7722;1552;15416;2722;8864;9274;18138
MS;5007505;Rochedo;1203;811;1294;1050;2497;1861;2014;2344;4358
MS;5007554;Santa Rita do Pardo;1611;1517;1628;1884;3239;3401;3128;3512;6640
MS;5007695;São Gabriel do Oeste;6726;1435;6905;1755;13631;3190;8161;8660;16821
MS;5007703;Sete Quedas;4455;883;4544;1054;8999;1937;5338;5598;10936
MS;5007802;Selvíria;2247;708;2293;837;4540;1545;2955;3130;6085
MS;5007901;Sidrolândia;7839;3482;8023;4139;15862;7621;11321;12162;23483
MS;5007935;Sonora;3872;691;4202;778;8074;1469;4563;4980;9543
MS;5007950;Tacuru;2120;2039;2260;2298;4380;4337;4159;4558;8717
MS;5007976;Taquarussu;992;654;1096;751;2088;1405;1646;1847;3493
MS;5008008;Terenos;2806;2715;2876;3265;5682;5980;5521;6141;11662
MS;5008305;Três Lagoas;37653;2471;36016;2919;73669;5390;40124;38935;79059
MS;5008404;Vicentina;1778;1068;1766;1167;3544;2235;2846;2933;5779
MT;5100102;Acorizal;1339;1308;1434;1736;2773;3044;2647;3170;5817
MT;5100201;Água Boa;5840;2226;5955;2716;11795;4942;8066;8671;16737
MT;5100250;Alta Floresta;18297;4394;18990;5301;37287;9695;22691;24291;46982
MT;5100300;Alto Araguaia;4558;946;4514;1392;9072;2338;5504;5906;11410
MT;5100359;Alto Boa Vista;978;1952;983;2293;1961;4245;2930;3276;6206
MT;5100409;Alto Garças;3594;438;3653;650;7247;1088;4032;4303;8335
MT;5100508;Alto Paraguai;3147;922;3375;1161;6522;2083;4069;4536;8605
MT;5100607;Alto Taquari;1757;372;1913;434;3670;806;2129;2347;4476
MT;5100805;Apiacás;2135;753;2330;1447;4465;2200;2888;3777;6665
MT;5101001;Araguaiana;1141;501;1126;658;2267;1159;1642;1784;3426
MT;5101209;Araguainha;540;89;603;120;1143;209;629;723;1352
MT;5101258;Araputanga;5477;1322;5333;1543;10810;2865;6799;6876;13675
MT;5101308;Arenápolis;5221;389;5478;517;10699;906;5610;5995;11605
MT;5101407;Aripuanã;6769;5622;8103;7066;14872;12688;12391;15169;27560
MT;5101605;Barão de Melgaço;1751;1816;1885;2230;3636;4046;3567;4115;7682
MT;5101704;Barra do Bugres;10375;2855;10767;3463;21142;6318;13230;14230;27460
MT;5101803;Barra do Garças;24056;1972;23787;2277;47843;4249;26028;26064;52092
MT;5101852;Bom Jesus do Araguaia;;;;;;;;;
MT;5101902;Brasnorte;2950;1583;3310;1972;6260;3555;4533;5282;9815
MT;5102504;Cáceres;33442;8582;33015;10818;66457;19400;42024;43833;85857
MT;5102603;Campinápolis;2679;3181;3038;3521;5717;6702;5860;6559;12419
MT;5102637;Campo Novo do Parecis;7011;1017;7702;1908;14713;2925;8028;9610;17638
MT;5102678;Campo Verde;6336;1894;6729;2262;13065;4156;8230;8991;17221
MT;5102686;Campos de Júlio;920;405;1043;527;1963;932;1325;1570;2895
MT;5102694;Canabrava do Norte;867;1381;968;1773;1835;3154;2248;2741;4989
MT;5102702;Canarana;5723;1758;5934;1993;11657;3751;7481;7927;15408
MT;5102793;Carlinda;1483;4153;1591;5069;3074;9222;5636;6660;12296
MT;5102850;Castanheira;1818;1833;1862;2277;3680;4110;3651;4139;7790
MT;5103007;Chapada dos Guimarães;4719;2815;4733;3488;9452;6303;7534;8221;15755
MT;5103056;Cláudia;3731;1077;4121;1320;7852;2397;4808;5441;10249
MT;5103106;Cocalinho;1770;834;1819;1081;3589;1915;2604;2900;5504
MT;5103205;Colíder;9706;3914;9717;4714;19423;8628;13620;14431;28051
MT;5103254;Colniza;;;;;;;;;
MT;5103304;Comodoro;4314;2812;4551;3369;8865;6181;7126;7920;15046
MT;5103353;Confresa;2991;5072;3218;6560;6209;11632;8063;9778;17841
MT;5103361;Conquista D'Oeste;;;;;;;;;
MT;5103379;Cotriguaçu;1702;2061;2005;2706;3707;4767;3763;4711;8474
MT;5103403;Cuiabá;244766;3012;231766;3802;476532;6814;247778;235568;483346
MT;5103437;Curvelândia;;;;;;;;;
MT;5103452;Denise;3191;423;3362;487;6553;910;3614;3849;7463
MT;5103502;Diamantino;7115;1878;7201;2386;14316;4264;8993;9587;18580
MT;5103601;Dom Aquino;3175;906;3227;1110;6402;2016;4081;4337;8418
MT;5103700;Feliz Natal;2371;679;2752;967;5123;1646;3050;3719;6769
MT;5103809;Figueirópolis D'Oeste;904;1160;857;1394;1761;2554;2064;2251;4315
MT;5103858;Gaúcha do Norte;659;1424;808;1714;1467;3138;2083;2522;4605
MT;5103908;General Carneiro;1187;890;1242;1030;2429;1920;2077;2272;4349
MT;5103957;Glória D'Oeste;1024;566;1087;684;2111;1250;1590;1771;3361
MT;5104104;Guarantã do Norte;9502;3870;9863;4965;19365;8835;13372;14828;28200
MT;5104203;Guiratinga;5717;508;5797;623;11514;1131;6225;6420;12645
MT;5104500;Indiavaí;614;375;645;422;1259;797;989;1067;2056
MT;5104526;Ipiranga do Norte;;;;;;;;;
MT;5104542;Itanhangá;;;;;;;;;
MT;5104559;Itaúba;2367;1635;2509;2054;4876;3689;4002;4563;8565
MT;5104609;Itiquira;1468;2840;1563;3329;3031;6169;4308;4892;9200
MT;5104807;Jaciara;10338;1063;10405;1990;20743;3053;11401;12395;23796
MT;5104906;Jangada;1355;2035;1407;2337;2762;4372;3390;3744;7134
MT;5105002;Jauru;3073;3153;3052;3486;6125;6639;6226;6538;12764
MT;5105101;Juara;11090;3528;11997;4133;23087;7661;14618;16130;30748
MT;5105150;Juína;14711;3239;15759;4308;30470;7547;17950;20067;38017
MT;5105176;Juruena;1803;753;1942;950;3745;1703;2556;2892;5448
MT;5105200;Juscimeira;3885;1836;4036;2306;7921;4142;5721;6342;12063
MT;5105234;Lambari D'Oeste;849;1352;923;1566;1772;2918;2201;2489;4690
MT;5105259;Lucas do Rio Verde;7710;1430;8435;1741;16145;3171;9140;10176;19316
MT;5105309;Luciára;941;255;980;318;1921;573;1196;1298;2494
MT;5105507;Vila Bela da Santíssima Trindade;1368;4472;1419;5406;2787;9878;5840;6825;12665
MT;5105580;Marcelândia;4301;2360;4860;2927;9161;5287;6661;7787;14448
MT;5105606;Matupá;4228;1090;4558;1413;8786;2503;5318;5971;11289
MT;5105622;Mirassol d'Oeste;9540;1875;9445;2137;18985;4012;11415;11582;22997
MT;5105903;Nobres;5896;1334;6064;1689;11960;3023;7230;7753;14983
MT;5106000;Nortelândia;3197;311;3358;380;6555;691;3508;3738;7246
MT;5106109;Nossa Senhora do Livramento;1915;3643;1983;4600;3898;8243;5558;6583;12141
MT;5106158;Nova Bandeirantes;915;2079;957;3000;1872;5079;2994;3957;6951
MT;5106174;Nova Nazaré;;;;;;;;;
MT;5106182;Nova Lacerda;899;896;935;1315;1834;2211;1795;2250;4045
MT;5106190;Nova Santa Helena;;;;;;;;;
MT;5106208;Nova Brasilândia;1929;751;2145;961;4074;1712;2680;3106;5786
MT;5106216;Nova Canaã do Norte;2296;2973;2607;3640;4903;6613;5269;6247;11516
MT;5106224;Nova Mutum;5011;1972;5365;2470;10376;4442;6983;7835;14818
MT;5106232;Nova Olímpia;6194;619;6527;846;12721;1465;6813;7373;14186
MT;5106240;Nova Ubiratã;730;1637;905;2382;1635;4019;2367;3287;5654
MT;5106257;Nova Xavantina;7217;1434;7289;1892;14506;3326;8651;9181;17832
MT;5106265;Novo Mundo;889;1240;1020;1848;1909;3088;2129;2868;4997
MT;5106273;Novo Horizonte do Norte;725;942;764;1080;1489;2022;1667;1844;3511
MT;5106281;Novo São Joaquim;1996;2317;2153;2998;4149;5315;4313;5151;9464
MT;5106299;Paranaíta;2645;2081;2860;2668;5505;4749;4726;5528;10254
MT;5106307;Paranatinga;5302;1812;5779;2449;11081;4261;7114;8228;15342
MT;5106315;Novo Santo Antônio;;;;;;;;;
MT;5106372;Pedra Preta;5057;1457;5316;1781;10373;3238;6514;7097;13611
MT;5106422;Peixoto de Azevedo;9951;2516;10229;3460;20180;5976;12467;13689;26156
MT;5106455;Planalto da Serra;815;531;867;668;1682;1199;1346;1535;2881
MT;5106505;Poconé;10853;3774;11473;4673;22326;8447;14627;16146;30773
MT;5106653;Pontal do Araguaia;1553;285;1537;361;3090;646;1838;1898;3736
MT;5106703;Ponte Branca;848;134;924;181;1772;315;982;1105;2087
MT;5106752;Pontes e Lacerda;14432;6326;14644;7610;29076;13936;20758;22254;43012
MT;5106778;Porto Alegre do Norte;2245;1838;2371;2169;4616;4007;4083;4540;8623
MT;5106802;Porto dos Gaúchos;1595;1092;1769;1209;3364;2301;2687;2978;5665
MT;5106828;Porto Esperidião;1691;2923;1790;3592;3481;6515;4614;5382;9996
MT;5106851;Porto Estrela;1123;1111;1216;1257;2339;2368;2234;2473;4707
MT;5107008;Poxoréo;6686;2574;7360;3410;14046;5984;9260;10770;20030
MT;5107040;Primavera do Leste;17914;1399;18625;1919;36539;3318;19313;20544;39857
MT;5107065;Querência;1825;1488;2095;1866;3920;3354;3313;3961;7274
MT;5107107;São José dos Quatro Marcos;6988;2701;6910;3094;13898;5795;9689;10004;19693
MT;5107156;Reserva do Cabaçal;761;403;796;458;1557;861;1164;1254;2418
MT;5107180;Ribeirão Cascalheira;2337;1803;2444;2282;4781;4085;4140;4726;8866
MT;5107198;Ribeirãozinho;676;293;675;336;1351;629;969;1011;1980
MT;5107206;Rio Branco;1739;774;1738;841;3477;1615;2513;2579;5092
MT;5107248;Santa Carmem;998;641;1150;810;2148;1451;1639;1960;3599
MT;5107263;Santo Afonso;711;716;772;899;1483;1615;1427;1671;3098
MT;5107297;São José do Povo;734;673;774;875;1508;1548;1407;1649;3056
MT;5107305;São José do Rio Claro;5294;756;5651;1039;10945;1795;6050;6690;12740
MT;5107354;São José do Xingu;1521;1042;1724;1657;3245;2699;2563;3381;5944
MT;5107404;São Pedro da Cipa;1422;239;1547;287;2969;526;1661;1834;3495
MT;5107578;Rondolândia;;;;;;;;;
MT;5107602;Rondonópolis;71259;3681;70579;4708;141838;8389;74940;75287;150227
MT;5107701;Rosário Oeste;5267;3468;5604;4416;10871;7884;8735;10020;18755
MT;5107743;Santa Cruz do Xingu;;;;;;;;;
MT;5107750;Salto do Céu;1201;1033;1207;1234;2408;2267;2234;2441;4675
MT;5107768;Santa Rita do Trivelato;;;;;;;;;
MT;5107776;Santa Terezinha;1640;1341;1718;1571;3358;2912;2981;3289;6270
MT;5107792;Santo Antônio do Leste;;;;;;;;;
MT;5107800;Santo Antônio do Leverger;2638;4451;2878;5468;5516;9919;7089;8346;15435
MT;5107859;São Félix do Araguaia;2985;2083;2931;2688;5916;4771;5068;5619;10687
MT;5107875;Sapezal;2553;924;2940;1449;5493;2373;3477;4389;7866
MT;5107883;Serra Nova Dourada;;;;;;;;;
MT;5107909;Sinop;32890;3309;34816;3816;67706;7125;36199;38632;74831
MT;5107925;Sorriso;15241;1831;16288;2245;31529;4076;17072;18533;35605
MT;5107941;Tabaporã;3006;2052;3208;2576;6214;4628;5058;5784;10842
MT;5107958;Tangará da Serra;25649;3378;25846;3967;51495;7345;29027;29813;58840
MT;5108006;Tapurah;2024;3176;2174;4187;4198;7363;5200;6361;11561
MT;5108055;Terra Nova do Norte;2908;3565;2915;4306;5823;7871;6473;7221;13694
MT;5108105;Tesouro;1215;231;1323;361;2538;592;1446;1684;3130
MT;5108204;Torixoréu;1729;552;1852;699;3581;1251;2281;2551;4832
MT;5108303;União do Sul;1278;623;1493;802;2771;1425;1901;2295;4196
MT;5108352;Vale de São Domingos;;;;;;;;;
MT;5108402;Várzea Grande;105827;1830;105476;2165;211303;3995;107657;107641;215298
MT;5108501;Vera;3976;328;4318;433;8294;761;4304;4751;9055
MT;5108600;Vila Rica;4800;2361;5230;3192;10030;5553;7161;8422;15583
MT;5108808;Nova Guarita;942;1704;1018;1987;1960;3691;2646;3005;5651
MT;5108857;Nova Marilândia;713;375;846;420;1559;795;1088;1266;2354
MT;5108907;Nova Maringá;1200;551;1424;775;2624;1326;1751;2199;3950
MT;5108956;Nova Monte verde;1040;2038;1157;2592;2197;4630;3078;3749;6827
MT;5199919;São Gonçalo;;;;;;;;;
PA;1500107;Abaetetuba;35642;22915;35201;25394;70843;48309;58557;60595;119152
PA;1500131;Abel Figueiredo;2414;452;2483;608;4897;1060;2866;3091;5957
PA;1500206;Acará;4873;20189;4872;22192;9745;42381;25062;27064;52126
PA;1500305;Afuá;3372;10589;3410;12134;6782;22723;13961;15544;29505
PA;1500347;Água Azul do Norte;1370;8561;1457;10696;2827;19257;9931;12153;22084
PA;1500404;Alenquer;12732;7522;12428;9102;25160;16624;20254;21530;41784
PA;1500503;Almeirim;9300;6755;9616;8286;18916;15041;16055;17902;33957
PA;1500602;Altamira;31484;6575;30801;8579;62285;15154;38059;39380;77439
PA;1500701;Anajás;2320;6333;2293;7376;4613;13709;8653;9669;18322
PA;1500800;Ananindeua;202807;455;189820;487;392627;942;203262;190307;393569
PA;1500859;Anapu;1531;2848;1552;3476;3083;6324;4379;5028;9407
PA;1500909;Augusto Corrêa;6526;9178;6830;10477;13356;19655;15704;17307;33011
PA;1500958;Aurora do Pará;2516;6823;2506;7883;5022;14706;9339;10389;19728
PA;1501006;Aveiro;1433;5937;1547;6601;2980;12538;7370;8148;15518
PA;1501105;Bagre;2151;4385;2244;4928;4395;9313;6536;7172;13708
PA;1501204;Baião;5359;4756;5506;5498;10865;10254;10115;11004;21119
PA;1501253;Bannach;563;1194;626;1397;1189;2591;1757;2023;3780
PA;1501303;Barcarena;14025;17165;13742;18336;27767;35501;31190;32078;63268
PA;1501402;Belém;668339;4022;604015;4238;1272354;8260;672361;608253;1280614
PA;1501451;Belterra;2487;4325;2639;5143;5126;9468;6812;7782;14594
PA;1501501;Benevides;10516;7240;10396;7394;20912;14634;17756;17790;35546
PA;1501576;Bom Jesus do Tocantins;3086;3169;3094;3757;6180;6926;6255;6851;13106
PA;1501600;Bonito;1244;3341;1338;3891;2582;7232;4585;5229;9814
PA;1501709;Bragança;28725;17282;27847;19925;56572;37207;46007;47772;93779
PA;1501725;Brasil Novo;2175;5790;2196;7032;4371;12822;7965;9228;17193
PA;1501758;Brejo Grande do Araguaia;2137;1485;2118;1724;4255;3209;3622;3842;7464
PA;1501782;Breu Branco;7763;7429;8189;9065;15952;16494;15192;17254;32446
PA;1501808;Breves;20202;18733;20083;21140;40285;39873;38935;41223;80158
PA;1501907;Bujaru;3509;6709;3374;7440;6883;14149;10218;10814;21032
PA;1501956;Cachoeira do Piriá;1163;5947;1230;7097;2393;13044;7110;8327;15437
PA;1502004;Cachoeira do Arari;2942;4683;2890;5268;5832;9951;7625;8158;15783
PA;1502103;Cametá;20354;27126;20063;30081;40417;57207;47480;50144;97624
PA;1502152;Canaã dos Carajás;1963;3088;1961;3910;3924;6998;5051;5871;10922
PA;1502202;Capanema;23765;4981;22564;5809;46329;10790;28746;28373;57119
PA;1502301;Capitão Poço;10560;13373;10561;15275;21121;28648;23933;25836;49769
PA;1502400;Castanhal;62325;6269;58924;6978;121249;13247;68594;65902;134496
PA;1502509;Chaves;588;7472;645;8645;1233;16117;8060;9290;17350
PA;1502608;Colares;1599;3539;1639;3855;3238;7394;5138;5494;10632
PA;1502707;Conceição do Araguaia;14911;6229;14459;7787;29370;14016;21140;22246;43386
PA;1502756;Concórdia do Pará;5479;4728;5369;5380;10848;10108;10207;10749;20956
PA;1502764;Cumaru do Norte;648;1952;726;2652;1374;4604;2600;3378;5978
PA;1502772;Curionópolis;6631;2619;6619;3617;13250;6236;9250;10236;19486
PA;1502806;Curralinho;2650;6828;2750;7788;5400;14616;9478;10538;20016
PA;1502855;Curuá;1407;2855;1526;3436;2933;6291;4262;4962;9224
PA;1502905;Curuçá;4869;7695;5074;8522;9943;16217;12564;13596;26160
PA;1502939;Dom Eliseu;11843;7405;11958;8323;23801;15728;19248;20281;39529
PA;1502954;Eldorado dos Carajás;6943;7002;7169;8494;14112;15496;13945;15663;29608
PA;1503002;Faro;2426;2357;2492;2762;4918;5119;4783;5254;10037
PA;1503044;Floresta do Araguaia;2372;4239;2502;5171;4874;9410;6611;7673;14284
PA;1503077;Garrafão do Norte;3473;7930;3545;9273;7018;17203;11403;12818;24221
PA;1503093;Goianésia do Pará;7311;3461;7567;4346;14878;7807;10772;11913;22685
PA;1503101;Gurupá;3294;7602;3299;8903;6593;16505;10896;12202;23098
PA;1503200;Igarapé-Açu;9824;6029;9665;6882;19489;12911;15853;16547;32400
PA;1503309;Igarapé-Miri;12610;12979;12373;14642;24983;27621;25589;27015;52604
PA;1503408;Inhangapi;1014;2639;1022;3006;2036;5645;3653;4028;7681
PA;1503457;Ipixuna do Pará;2474;9361;2517;10786;4991;20147;11835;13303;25138
PA;1503507;Irituia;2992;11589;2834;13103;5826;24692;14581;15937;30518
PA;1503606;Itaituba;32752;13337;31734;16927;64486;30264;46089;48661;94750
PA;1503705;Itupiranga;7392;16159;7362;18742;14754;34901;23551;26104;49655
PA;1503754;Jacareacanga;2780;7725;2890;10629;5670;18354;10505;13519;24024
PA;1503804;Jacundá;17011;2712;17507;3316;34518;6028;19723;20823;40546
PA;1503903;Juruti;5340;9440;5440;10978;10780;20418;14780;16418;31198
PA;1504000;Limoeiro do Ajuru;1854;7462;1916;8332;3770;15794;9316;10248;19564
PA;1504059;Mãe do Rio;9472;3147;9266;3466;18738;6613;12619;12732;25351
PA;1504109;Magalhães Barata;1955;1759;2023;1956;3978;3715;3714;3979;7693
PA;1504208;Marabá;67943;15368;66430;18279;134373;33647;83311;84709;168020
PA;1504307;Maracanã;5871;7296;5841;8563;11712;15859;13167;14404;27571
PA;1504406;Marapanim;4627;7016;4863;8212;9490;15228;11643;13075;24718
PA;1504422;Marituba;32734;4872;32150;4673;64884;9545;37606;36823;74429
PA;1504455;Medicilândia;3331;6508;3428;8112;6759;14620;9839;11540;21379
PA;1504505;Melgaço;1582;8462;1598;9422;3180;17884;10044;11020;21064
PA;1504604;Mocajuba;7266;2782;7295;3199;14561;5981;10048;10494;20542
PA;1504703;Moju;8829;16332;8797;18983;17626;35315;25161;27780;52941
PA;1504752;Mojuí dos Campos;;;;;;;;;
PA;1504802;Monte Alegre;10647;18566;10274;21847;20921;40413;29213;32121;61334
PA;1504901;Muaná;3762;8341;3875;9489;7637;17830;12103;13364;25467
PA;1504950;Nova Esperança do Piriá;2543;6312;2712;7326;5255;13638;8855;10038;18893
PA;1504976;Nova Ipixuna;2505;2924;2702;3735;5207;6659;5429;6437;11866
PA;1505007;Nova Timboteua;2499;2979;2486;3442;4985;6421;5478;5928;11406
PA;1505031;Novo Progresso;4549;5353;5079;9967;9628;15320;9902;15046;24948
PA;1505064;Novo Repartimento;7660;12025;7864;14268;15524;26293;19685;22132;41817
PA;1505106;Óbidos;11634;10722;11344;12790;22978;23512;22356;24134;46490
PA;1505205;Oeiras do Pará;3973;7109;4007;8166;7980;15275;11082;12173;23255
PA;1505304;Oriximiná;14724;8941;14457;10210;29181;19151;23665;24667;48332
PA;1505403;Ourém;3250;3694;3266;4187;6516;7881;6944;7453;14397
PA;1505437;Ourilândia do Norte;4767;4605;4922;5177;9689;9782;9372;10099;19471
PA;1505486;Pacajá;3743;9767;3861;11517;7604;21284;13510;15378;28888
PA;1505494;Palestina do Pará;1873;1668;1967;2036;3840;3704;3541;4003;7544
PA;1505502;Paragominas;29286;8357;28954;9853;58240;18210;37643;38807;76450
PA;1505536;Parauapebas;29526;5773;29734;6535;59260;12308;35299;36269;71568
PA;1505551;Pau D'Arco;1548;1747;1664;2165;3212;3912;3295;3829;7124
PA;1505601;Peixe-Boi;1931;1755;1970;2104;3901;3859;3686;4074;7760
PA;1505635;Piçarra;1374;4446;1381;5470;2755;9916;5820;6851;12671
PA;1505650;Placas;1744;4564;1790;5296;3534;9860;6308;7086;13394
PA;1505700;Ponta de Pedras;4363;4644;4278;5409;8641;10053;9007;9687;18694
PA;1505809;Portel;8576;9664;8749;11054;17325;20718;18240;19803;38043
PA;1505908;Porto de Moz;5023;6247;5207;7068;10230;13315;11270;12275;23545
PA;1506005;Prainha;3518;9406;3631;10746;7149;20152;12924;14377;27301
PA;1506104;Primavera;3092;1548;3277;1801;6369;3349;4640;5078;9718
PA;1506112;Quatipuru;2120;3083;2219;3483;4339;6566;5203;5702;10905
PA;1506138;Redenção;29619;1657;29994;1981;59613;3638;31276;31975;63251
PA;1506161;Rio Maria;6396;2022;6444;2636;12840;4658;8418;9080;17498
PA;1506187;Rondon do Pará;15061;4492;15000;5317;30061;9809;19553;20317;39870
PA;1506195;Rurópolis;4219;7383;4200;8858;8419;16241;11602;13058;24660
PA;1506203;Salinópolis;14921;1419;15496;1613;30417;3032;16340;17109;33449
PA;1506302;Salvaterra;4278;3048;4373;3419;8651;6467;7326;7792;15118
PA;1506351;Santa Bárbara do Pará;2052;3545;1957;3824;4009;7369;5597;5781;11378
PA;1506401;Santa Cruz do Arari;1127;1420;1118;1590;2245;3010;2547;2708;5255
PA;1506500;Santa Isabel do Pará;16754;4331;16324;5818;33078;10149;21085;22142;43227
PA;1506559;Santa Luzia do Pará;4231;5140;4211;5818;8442;10958;9371;10029;19400
PA;1506583;Santa Maria das Barreiras;722;4104;735;5394;1457;9498;4826;6129;10955
PA;1506609;Santa Maria do Pará;6010;4319;5699;4822;11709;9141;10329;10521;20850
PA;1506708;Santana do Araguaia;8390;6186;8936;7706;17326;13892;14576;16642;31218
PA;1506807;Santarém;96357;35779;89940;40462;186297;76241;132136;130402;262538
PA;1506906;Santarém Novo;682;1832;806;2114;1488;3946;2514;2920;5434
PA;1507003;Santo Antônio do Tauá;5243;4475;5145;4972;10388;9447;9718;10117;19835
PA;1507102;São Caetano de Odivelas;3158;4235;3392;4810;6550;9045;7393;8202;15595
PA;1507151;São Domingos do Araguaia;5370;4264;5508;4863;10878;9127;9634;10371;20005
PA;1507201;São Domingos do Capim;2972;10055;2905;11473;5877;21528;13027;14378;27405
PA;1507300;São Félix do Xingu;5987;9547;6543;12544;12530;22091;15534;19087;34621
PA;1507409;São Francisco do Pará;2436;4267;2471;5071;4907;9338;6703;7542;14245
PA;1507458;São Geraldo do Araguaia;5952;7311;5981;8402;11933;15713;13263;14383;27646
PA;1507466;São João da Ponta;527;1331;524;1653;1051;2984;1858;2177;4035
PA;1507474;São João de Pirabas;4786;3588;5046;4064;9832;7652;8374;9110;17484
PA;1507508;São João do Araguaia;1173;4631;1240;5203;2413;9834;5804;6443;12247
PA;1507607;São Miguel do Guamá;12419;8004;12038;8905;24457;16909;20423;20943;41366
PA;1507706;São Sebastião da Boa Vista;3538;4916;3642;5568;7180;10484;8454;9210;17664
PA;1507755;Sapucaia;1294;514;1388;600;2682;1114;1808;1988;3796
PA;1507805;Senador José Porfírio;2592;4767;2739;5623;5331;10390;7359;8362;15721
PA;1507904;Soure;8714;1238;8589;1417;17303;2655;9952;10006;19958
PA;1507953;Tailândia;13622;4696;14506;5611;28128;10307;18318;20117;38435
PA;1507961;Terra Alta;1793;2148;1899;2421;3692;4569;3941;4320;8261
PA;1507979;Terra Santa;5348;1652;5617;1975;10965;3627;7000;7592;14592
PA;1508001;Tomé-Açu;13459;9207;13855;10752;27314;19959;22666;24607;47273
PA;1508035;Tracuateua;2263;8524;2414;9542;4677;18066;10787;11956;22743
PA;1508050;Trairão;1423;5066;1585;5968;3008;11034;6489;7553;14042
PA;1508084;Tucumã;8080;3924;8416;4889;16496;8813;12004;13305;25309
PA;1508100;Tucuruí;30376;6153;30542;6727;60918;12880;36529;37269;73798
PA;1508126;Ulianópolis;5746;3273;6163;4072;11909;7345;9019;10235;19254
PA;1508159;Uruará;6397;14752;6769;17283;13166;32035;21149;24052;45201
PA;1508209;Vigia;13841;5699;14165;6471;28006;12170;19540;20636;40176
PA;1508308;Viseu;8059;16147;8419;18465;16478;34612;24206;26884;51090
PA;1508357;Vitória do Xingu;1925;3277;2007;3933;3932;7210;5202;5940;11142
PA;1508407;Xinguara;13146;3992;13118;4964;26264;8956;17138;18082;35220
PA;1599919;Monsarás;;;;;;;;;
PA;1599939;Vila Franca;;;;;;;;;
PB;2500106;Água Branca;1680;2599;1490;2608;3170;5207;4279;4098;8377
PB;2500205;Aguiar;1157;1732;1044;1705;2201;3437;2889;2749;5638
PB;2500304;Alagoa Grande;8919;6055;7928;6267;16847;12322;14974;14195;29169
PB;2500403;Alagoa Nova;4297;5120;4004;5154;8301;10274;9417;9158;18575
PB;2500502;Alagoinha;3997;2016;3792;2028;7789;4044;6013;5820;11833
PB;2500536;Alcantil;867;1625;804;1662;1671;3287;2492;2466;4958
PB;2500577;Algodão de Jandaíra;445;649;421;694;866;1343;1094;1115;2209
PB;2500601;Alhandra;4523;3354;4420;3617;8943;6971;7877;8037;15914
PB;2500700;São João do Rio do Peixe;3204;5796;2862;5799;6066;11595;9000;8661;17661
PB;2500734;Amparo;326;600;293;667;619;1267;926;960;1886
PB;2500775;Aparecida;1559;1433;1404;1498;2963;2931;2992;2902;5894
PB;2500809;Araçagi;3018;6000;2903;6174;5921;12174;9018;9077;18095
PB;2500908;Arara;3998;1945;3589;1998;7587;3943;5943;5587;11530
PB;2501005;Araruna;3767;4537;3582;4719;7349;9256;8304;8301;16605
PB;2501104;Areia;7022;6206;6449;6454;13471;12660;13228;12903;26131
PB;2501153;Areia de Baraúnas;441;616;424;623;865;1239;1057;1047;2104
PB;2501203;Areial;1981;1176;1734;1148;3715;2324;3157;2882;6039
PB;2501302;Aroeiras;3497;6486;3082;6455;6579;12941;9983;9537;19520
PB;2501351;Assunção;1082;397;1060;421;2142;818;1479;1481;2960
PB;2501401;Baía da Traição;1509;1701;1463;1810;2972;3511;3210;3273;6483
PB;2501500;Bananeiras;4007;6990;3583;7230;7590;14220;10997;10813;21810
PB;2501534;Baraúna;973;613;963;620;1936;1233;1586;1583;3169
PB;2501575;Barra de Santana;300;3819;302;3890;602;7709;4119;4192;8311
PB;2501609;Barra de Santa Rosa;3493;3027;3293;3314;6786;6341;6520;6607;13127
PB;2501708;Barra de São Miguel;1065;1499;1015;1583;2080;3082;2564;2598;5162
PB;2501807;Bayeux;45295;51;42142;73;87437;124;45346;42215;87561
PB;2501906;Belém;6870;1630;6330;1775;13200;3405;8500;8105;16605
PB;2502003;Belém do Brejo do Cruz;2308;1143;2176;1384;4484;2527;3451;3560;7011
PB;2502052;Bernardino Batista;189;1133;150;1087;339;2220;1322;1237;2559
PB;2502102;Boa Ventura;1848;1478;1654;1608;3502;3086;3326;3262;6588
PB;2502151;Boa Vista;1175;1319;1097;1392;2272;2711;2494;2489;4983
PB;2502201;Bom Jesus;404;646;415;728;819;1374;1050;1143;2193
PB;2502300;Bom Sucesso;837;1841;721;1886;1558;3727;2678;2607;5285
PB;2502409;Bonito de Santa Fé;2601;2110;2349;2170;4950;4280;4711;4519;9230
PB;2502508;Boqueirão;5774;2282;5367;2444;11141;4726;8056;7811;15867
PB;2502607;Igaracy;1867;1343;1672;1425;3539;2768;3210;3097;6307
PB;2502706;Borborema;1557;840;1480;853;3037;1693;2397;2333;4730
PB;2502805;Brejo do Cruz;4186;1760;3876;2046;8062;3806;5946;5922;11868
PB;2502904;Brejo dos Santos;2046;876;2010;1016;4056;1892;2922;3026;5948
PB;2503001;Caaporã;6026;3128;5910;3377;11936;6505;9154;9287;18441
PB;2503100;Cabaceiras;947;1238;813;1292;1760;2530;2185;2105;4290
PB;2503209;Cabedelo;22176;;20656;;42832;;22176;20656;42832
PB;2503308;Cachoeira dos Índios;1355;2505;1316;2658;2671;5163;3860;3974;7834
PB;2503407;Cacimba de Areia;661;1107;628;1181;1289;2288;1768;1809;3577
PB;2503506;Cacimba de Dentro;3960;4619;3593;4645;7553;9264;8579;8238;16817
PB;2503555;Cacimbas;778;2799;721;2681;1499;5480;3577;3402;6979
PB;2503605;Caiçara;2379;1312;2290;1344;4669;2656;3691;3634;7325
PB;2503704;Cajazeiras;22435;6254;19529;6497;41964;12751;28689;26026;54715
PB;2503753;Cajazeirinhas;359;1041;378;1070;737;2111;1400;1448;2848
PB;2503803;Caldas Brandão;1393;1229;1302;1231;2695;2460;2622;2533;5155
PB;2503902;Camalaú;1235;1539;1122;1620;2357;3159;2774;2742;5516
PB;2504009;Campina Grande;178166;8929;159318;8918;337484;17847;187095;168236;355331
PB;2504033;Capim;1770;261;1886;263;3656;524;2031;2149;4180
PB;2504074;Caraúbas;544;1149;530;1178;1074;2327;1693;1708;3401
PB;2504108;Carrapateira;704;314;762;380;1466;694;1018;1142;2160
PB;2504157;Casserengue;1326;1956;1240;2046;2566;4002;3282;3286;6568
PB;2504207;Catingueira;1315;1098;1224;1111;2539;2209;2413;2335;4748
PB;2504306;Catolé do Rocha;9644;4033;8692;4272;18336;8305;13677;12964;26641
PB;2504355;Caturité;413;1682;385;1703;798;3385;2095;2088;4183
PB;2504405;Conceição;5338;3720;4934;3939;10272;7659;9058;8873;17931
PB;2504504;Condado;2142;1168;1984;1201;4126;2369;3310;3185;6495
PB;2504603;Conde;5094;3016;5172;3131;10266;6147;8110;8303;16413
PB;2504702;Congo;1108;1154;1068;1272;2176;2426;2262;2340;4602
PB;2504801;Coremas;5584;2220;4987;2339;10571;4559;7804;7326;15130
PB;2504850;Coxixola;295;394;294;439;589;833;689;733;1422
PB;2504900;Cruz do Espírito Santo;2987;3968;2903;4223;5890;8191;6955;7126;14081
PB;2505006;Cubati;2061;1156;1969;1202;4030;2358;3217;3171;6388
PB;2505105;Cuité;6384;3789;5687;4086;12071;7875;10173;9773;19946
PB;2505204;Cuitegi;2882;727;2796;849;5678;1576;3609;3645;7254
PB;2505238;Cuité de Mamanguape;767;2249;752;2356;1519;4605;3016;3108;6124
PB;2505279;Curral de Cima;245;2381;199;2498;444;4879;2626;2697;5323
PB;2505303;Curral Velho;667;561;678;652;1345;1213;1228;1330;2558
PB;2505352;Damião;713;1060;719;1153;1432;2213;1773;1872;3645
PB;2505402;Desterro;2169;1750;1985;1797;4154;3547;3919;3782;7701
PB;2505501;Vista Serrana;606;944;614;957;1220;1901;1550;1571;3121
PB;2505600;Diamante;1833;1624;1736;1727;3569;3351;3457;3463;6920
PB;2505709;Dona Inês;2035;3044;1948;3200;3983;6244;5079;5148;10227
PB;2505808;Duas Estradas;1422;520;1344;532;2766;1052;1942;1876;3818
PB;2505907;Emas;783;740;741;797;1524;1537;1523;1538;3061
PB;2506004;Esperança;9721;4701;8799;4945;18520;9646;14422;13744;28166
PB;2506103;Fagundes;2606;3521;2352;3413;4958;6934;6127;5765;11892
PB;2506202;Frei Martinho;760;706;686;771;1446;1477;1466;1457;2923
PB;2506251;Gado Bravo;337;3922;314;3948;651;7870;4259;4262;8521
PB;2506301;Guarabira;22968;3754;21100;3660;44068;7414;26722;24760;51482
PB;2506400;Gurinhém;2860;3729;2683;3910;5543;7639;6589;6593;13182
PB;2506509;Gurjão;884;540;800;565;1684;1105;1424;1365;2789
PB;2506608;Ibiara;1837;1374;1712;1460;3549;2834;3211;3172;6383
PB;2506707;Imaculada;2170;3639;2020;3748;4190;7387;5809;5768;11577
PB;2506806;Ingá;5443;3417;5193;3420;10636;6837;8860;8613;17473
PB;2506905;Itabaiana;10445;2701;9356;2705;19801;5406;13146;12061;25207
PB;2507002;Itaporanga;7688;3066;7001;3368;14689;6434;10754;10369;21123
PB;2507101;Itapororoca;4247;3035;3959;3392;8206;6427;7282;7351;14633
PB;2507200;Itatuba;2570;2211;2415;2178;4985;4389;4781;4593;9374
PB;2507309;Jacaraú;3687;3326;3426;3678;7113;7004;7013;7104;14117
PB;2507408;Jericó;2200;1557;1998;1661;4198;3218;3757;3659;7416
PB;2507507;João Pessoa;318458;;279476;;597934;;318458;279476;597934
PB;2507606;Juarez Távora;2734;912;2493;942;5227;1854;3646;3435;7081
PB;2507705;Juazeirinho;3927;3526;3722;3698;7649;7224;7453;7420;14873
PB;2507804;Junco do Seridó;1767;1213;1712;1276;3479;2489;2980;2988;5968
PB;2507903;Juripiranga;4350;483;4307;507;8657;990;4833;4814;9647
PB;2508000;Juru;1968;3087;1898;3092;3866;6179;5055;4990;10045
PB;2508109;Lagoa;927;1545;815;1557;1742;3102;2472;2372;4844
PB;2508208;Lagoa de Dentro;1741;1850;1606;1889;3347;3739;3591;3495;7086
PB;2508307;Lagoa Seca;4272;7977;3840;8065;8112;16042;12249;11905;24154
PB;2508406;Lastro;542;991;540;1045;1082;2036;1533;1585;3118
PB;2508505;Livramento;1722;2145;1539;2199;3261;4344;3867;3738;7605
PB;2508554;Logradouro;797;944;731;917;1528;1861;1741;1648;3389
PB;2508604;Lucena;4035;784;3992;944;8027;1728;4819;4936;9755
PB;2508703;Mãe d'Água;690;1108;612;1049;1302;2157;1798;1661;3459
PB;2508802;Malta;2445;462;2274;511;4719;973;2907;2785;5692
PB;2508901;Mamanguape;15796;3785;14958;4233;30754;8018;19581;19191;38772
PB;2509008;Manaíra;2472;2755;2334;2912;4806;5667;5227;5246;10473
PB;2509057;Marcação;1475;1539;1473;1716;2948;3255;3014;3189;6203
PB;2509107;Mari;8967;1578;8453;1665;17420;3243;10545;10118;20663
PB;2509156;Marizópolis;2473;363;2393;389;4866;752;2836;2782;5618
PB;2509206;Massaranduba;1891;4189;1620;3997;3511;8186;6080;5617;11697
PB;2509305;Mataraca;2360;334;2458;348;4818;682;2694;2806;5500
PB;2509339;Matinhas;313;1707;296;1770;609;3477;2020;2066;4086
PB;2509370;Mato Grosso;445;782;434;766;879;1548;1227;1200;2427
PB;2509396;Maturéia;1311;1277;1149;1295;2460;2572;2588;2444;5032
PB;2509404;Mogeiro;2346;4318;2180;4387;4526;8705;6664;6567;13231
PB;2509503;Montadas;1016;963;950;1040;1966;2003;1979;1990;3969
PB;2509602;Monte Horebe;1114;938;1042;1018;2156;1956;2052;2060;4112
PB;2509701;Monteiro;8770;5318;7914;5685;16684;11003;14088;13599;27687
PB;2509800;Mulungu;2184;2534;1953;2518;4137;5052;4718;4471;9189
PB;2509909;Natuba;1658;3727;1488;3689;3146;7416;5385;5177;10562
PB;2510006;Nazarezinho;1413;2206;1314;2339;2727;4545;3619;3653;7272
PB;2510105;Nova Floresta;4359;498;4017;547;8376;1045;4857;4564;9421
PB;2510204;Nova Olinda;1645;1666;1524;1622;3169;3288;3311;3146;6457
PB;2510303;Nova Palmeira;1072;703;980;818;2052;1521;1775;1798;3573
PB;2510402;Olho d'Água;1836;2176;1659;2160;3495;4336;4012;3819;7831
PB;2510501;Olivedos;687;886;673;948;1360;1834;1573;1621;3194
PB;2510600;Ouro Velho;978;415;927;503;1905;918;1393;1430;2823
PB;2510659;Parari;178;527;161;571;339;1098;705;732;1437
PB;2510709;Passagem;411;558;418;592;829;1150;969;1010;1979
PB;2510808;Patos;46453;1809;41496;2003;87949;3812;48262;43499;91761
PB;2510907;Paulista;2350;3327;2092;3497;4442;6824;5677;5589;11266
PB;2511004;Pedra Branca;1035;836;945;876;1980;1712;1871;1821;3692
PB;2511103;Pedra Lavrada;1251;2013;1195;2158;2446;4171;3264;3353;6617
PB;2511202;Pedras de Fogo;7066;5762;6844;6189;13910;11951;12828;13033;25861
PB;2511301;Piancó;5460;2361;4592;2459;10052;4820;7821;7051;14872
PB;2511400;Picuí;5616;3495;5057;3728;10673;7223;9111;8785;17896
PB;2511509;Pilar;3580;1652;3395;1647;6975;3299;5232;5042;10274
PB;2511608;Pilões;1429;2394;1364;2613;2793;5007;3823;3977;7800
PB;2511707;Pilõezinhos;1213;1530;1085;1602;2298;3132;2743;2687;5430
PB;2511806;Pirpirituba;3934;1318;3584;1362;7518;2680;5252;4946;10198
PB;2511905;Pitimbu;3976;2821;3935;3195;7911;6016;6797;7130;13927
PB;2512002;Pocinhos;3906;3529;3651;3794;7557;7323;7435;7445;14880
PB;2512036;Poço Dantas;335;1563;382;1548;717;3111;1898;1930;3828
PB;2512077;Poço de José de Moura;538;1231;456;1304;994;2535;1769;1760;3529
PB;2512101;Pombal;12583;4071;11031;4269;23614;8340;16654;15300;31954
PB;2512200;Prata;1114;569;1104;638;2218;1207;1683;1742;3425
PB;2512309;Princesa Isabel;6073;3367;5328;3463;11401;6830;9440;8791;18231
PB;2512408;Puxinanã;1650;4370;1510;4451;3160;8821;6020;5961;11981
PB;2512507;Queimadas;8866;9606;8180;9380;17046;18986;18472;17560;36032
PB;2512606;Quixabá;248;381;257;422;505;803;629;679;1308
PB;2512705;Remígio;5480;2353;4716;2365;10196;4718;7833;7081;14914
PB;2512721;Pedro Régis;693;1749;681;1760;1374;3509;2442;2441;4883
PB;2512747;Riachão;854;554;836;549;1690;1103;1408;1385;2793
PB;2512754;Riachão do Bacamarte;1230;761;1224;733;2454;1494;1991;1957;3948
PB;2512762;Riachão do Poço;455;1409;404;1426;859;2835;1864;1830;3694
PB;2512788;Riacho de Santo Antônio;404;242;424;264;828;506;646;688;1334
PB;2512804;Riacho dos Cavalos;1388;2562;1445;2669;2833;5231;3950;4114;8064
PB;2512903;Rio Tinto;6947;4364;6337;4663;13284;9027;11311;11000;22311
PB;2513000;Salgadinho;266;1130;239;1188;505;2318;1396;1427;2823
PB;2513109;Salgado de São Félix;2582;3558;2345;3561;4927;7119;6140;5906;12046
PB;2513158;Santa Cecília;610;2770;583;2899;1193;5669;3380;3482;6862
PB;2513208;Santa Cruz;1420;1806;1326;1919;2746;3725;3226;3245;6471
PB;2513307;Santa Helena;1378;1763;1276;1753;2654;3516;3141;3029;6170
PB;2513356;Santa Inês;550;1176;507;1315;1057;2491;1726;1822;3548
PB;2513406;Santa Luzia;6469;704;6000;839;12469;1543;7173;6839;14012
PB;2513505;Santana de Mangueira;950;1911;900;2012;1850;3923;2861;2912;5773
PB;2513604;Santana dos Garrotes;1999;2120;1673;2090;3672;4210;4119;3763;7882
PB;2513653;Santarém;331;977;307;953;638;1930;1308;1260;2568
PB;2513703;Santa Rita;52010;7428;48465;7941;100475;15369;59438;56406;115844
PB;2513802;Santa Teresinha;832;1497;775;1624;1607;3121;2329;2399;4728
PB;2513851;Santo André;321;1087;281;1111;602;2198;1408;1392;2800
PB;2513901;São Bento;10424;2923;9853;3025;20277;5948;13347;12878;26225
PB;2513927;São Bentinho;1150;655;1078;706;2228;1361;1805;1784;3589
PB;2513943;São Domingos do Cariri;415;686;365;723;780;1409;1101;1088;2189
PB;2513968;São Domingos de Pombal;456;803;454;785;910;1588;1259;1239;2498
PB;2513984;São Francisco;506;1208;541;1209;1047;2417;1714;1750;3464
PB;2514008;São João do Cariri;1059;1353;937;1354;1996;2707;2412;2291;4703
PB;2514107;São João do Tigre;643;1606;593;1639;1236;3245;2249;2232;4481
PB;2514206;São José da Lagoa Tapada;1580;2107;1398;2099;2978;4206;3687;3497;7184
PB;2514305;São José de Caiana;1088;1784;959;1906;2047;3690;2872;2865;5737
PB;2514404;São José de Espinharas;731;1678;744;1956;1475;3634;2409;2700;5109
PB;2514453;São José dos Ramos;789;1604;747;1760;1536;3364;2393;2507;4900
PB;2514503;São José de Piranhas;4208;4706;3903;5059;8111;9765;8914;8962;17876
PB;2514552;São José de Princesa;218;2244;231;2277;449;4521;2462;2508;4970
PB;2514602;São José do Bonfim;509;922;456;951;965;1873;1431;1407;2838
PB;2514651;São José do Brejo do Cruz;349;395;364;424;713;819;744;788;1532
PB;2514701;São José do Sabugi;1115;793;1097;898;2212;1691;1908;1995;3903
PB;2514800;São José dos Cordeiros;682;1392;625;1437;1307;2829;2074;2062;4136
PB;2514909;São Mamede;2891;1112;2676;1339;5567;2451;4003;4015;8018
PB;2515005;São Miguel de Taipu;1402;1589;1339;1756;2741;3345;2991;3095;6086
PB;2515104;São Sebastião de Lagoa de Roça;2022;3087;1754;3163;3776;6250;5109;4917;10026
PB;2515203;São Sebastião do Umbuzeiro;950;492;859;593;1809;1085;1442;1452;2894
PB;2515302;Sapé;18276;5684;17240;6153;35516;11837;23960;23393;47353
PB;2515401;Seridó;1731;2735;1730;2910;3461;5645;4466;4640;9106
PB;2515500;Serra Branca;4227;2030;3722;2296;7949;4326;6257;6018;12275
PB;2515609;Serra da Raiz;1106;606;1116;608;2222;1214;1712;1724;3436
PB;2515708;Serra Grande;756;656;708;735;1464;1391;1412;1443;2855
PB;2515807;Serra Redonda;1682;2095;1443;2087;3125;4182;3777;3530;7307
PB;2515906;Serraria;1658;1699;1507;1814;3165;3513;3357;3321;6678
PB;2515930;Sertãozinho;1086;661;1026;671;2112;1332;1747;1697;3444
PB;2515971;Sobrado;311;3113;272;3189;583;6302;3424;3461;6885
PB;2516003;Solânea;9501;6381;8333;6443;17834;12824;15882;14776;30658
PB;2516102;Soledade;4406;1758;4055;1842;8461;3600;6164;5897;12061
PB;2516151;Sossêgo;654;626;672;646;1326;1272;1280;1318;2598
PB;2516201;Sousa;24359;8160;21841;8275;46200;16435;32519;30116;62635
PB;2516300;Sumé;5668;1925;5209;2233;10877;4158;7593;7442;15035
PB;2516409;Campo de Santana;1913;2797;1793;2885;3706;5682;4710;4678;9388
PB;2516508;Taperoá;4278;2603;3656;2762;7934;5365;6881;6418;13299
PB;2516607;Tavares;2676;4267;2341;4300;5017;8567;6943;6641;13584
PB;2516706;Teixeira;4170;1991;3778;2014;7948;4005;6161;5792;11953
PB;2516755;Tenório;639;566;637;631;1276;1197;1205;1268;2473
PB;2516805;Triunfo;1964;2661;1769;2659;3733;5320;4625;4428;9053
PB;2516904;Uiraúna;4775;2325;4171;2410;8946;4735;7100;6581;13681
PB;2517001;Umbuzeiro;1896;2870;1686;2740;3582;5610;4766;4426;9192
PB;2517100;Várzea;729;280;674;368;1403;648;1009;1042;2051
PB;2517209;Vieirópolis;468;1882;446;1876;914;3758;2350;2322;4672
PB;2517407;Zabelê;590;318;596;349;1186;667;908;945;1853
PE;2600054;Abreu e Lima;40349;5585;37347;5758;77696;11343;45934;43105;89039
PE;2600104;Afogados da Ingazeira;12273;4790;10876;4983;23149;9773;17063;15859;32922
PE;2600203;Afrânio;2095;5376;1890;5653;3985;11029;7471;7543;15014
PE;2600302;Agrestina;6682;3600;6213;3541;12895;7141;10282;9754;20036
PE;2600401;Água Preta;7506;6602;7201;7222;14707;13824;14108;14423;28531
PE;2600500;Águas Belas;10539;8259;9398;8445;19937;16704;18798;17843;36641
PE;2600609;Alagoinha;3531;2769;3207;3028;6738;5797;6300;6235;12535
PE;2600708;Aliança;8739;9848;8352;10250;17091;20098;18587;18602;37189
PE;2600807;Altinho;5564;5504;4978;6085;10542;11589;11068;11063;22131
PE;2600906;Amaraji;7212;3250;7169;3678;14381;6928;10462;10847;21309
PE;2601003;Angelim;2433;2181;2110;2358;4543;4539;4614;4468;9082
PE;2601052;Araçoiaba;6270;1270;6177;1391;12447;2661;7540;7568;15108
PE;2601102;Araripina;18199;17953;16452;18294;34651;36247;36152;34746;70898
PE;2601201;Arcoverde;29521;3050;25780;3249;55301;6299;32571;29029;61600
PE;2601300;Barra de Guabiraba;4678;768;4582;911;9260;1679;5446;5493;10939
PE;2601409;Barreiros;15961;3815;15067;4296;31028;8111;19776;19363;39139
PE;2601508;Belém de Maria;3331;1932;3235;2128;6566;4060;5263;5363;10626
PE;2601607;Belém de São Francisco;6326;4100;5477;4305;11803;8405;10426;9782;20208
PE;2601706;Belo Jardim;26416;8980;23976;9326;50392;18306;35396;33302;68698
PE;2601805;Betânia;1532;4175;1389;4209;2921;8384;5707;5598;11305
PE;2601904;Bezerros;23610;6180;20956;6625;44566;12805;29790;27581;57371
PE;2602001;Bodocó;4884;10845;4418;11584;9302;22429;15729;16002;31731
PE;2602100;Bom Conselho;13495;8396;11727;8467;25222;16863;21891;20194;42085
PE;2602209;Bom Jardim;6910;12016;6123;11964;13033;23980;18926;18087;37013
PE;2602308;Bonito;11959;6936;11036;7819;22995;14755;18895;18855;37750
PE;2602407;Brejão;1702;2783;1515;2916;3217;5699;4485;4431;8916
PE;2602506;Brejinho;1271;2406;1118;2483;2389;4889;3677;3601;7278
PE;2602605;Brejo da Madre de Deus;12778;6458;11935;6938;24713;13396;19236;18873;38109
PE;2602704;Buenos Aires;3306;2752;3102;2847;6408;5599;6058;5949;12007
PE;2602803;Buíque;8079;14297;7393;14400;15472;28697;22376;21793;44169
PE;2602902;Cabo de Santo Agostinho;68891;8840;65595;9651;134486;18491;77731;75246;152977
PE;2603009;Cabrobó;8395;5313;7374;5659;15769;10972;13708;13033;26741
PE;2603108;Cachoeirinha;6315;2469;5769;2489;12084;4958;8784;8258;17042
PE;2603207;Caetés;2930;9445;2578;9184;5508;18629;12375;11762;24137
PE;2603306;Calçado;1707;4182;1558;4262;3265;8444;5889;5820;11709
PE;2603405;Calumbi;1006;2633;908;2532;1914;5165;3639;3440;7079
PE;2603454;Camaragibe;66123;;62579;;128702;;66123;62579;128702
PE;2603504;Camocim de São Félix;5844;1931;5333;2007;11177;3938;7775;7340;15115
PE;2603603;Camutanga;3038;890;2978;938;6016;1828;3928;3916;7844
PE;2603702;Canhotinho;6468;5970;5793;6689;12261;12659;12438;12482;24920
PE;2603801;Capoeiras;2568;7195;2275;7518;4843;14713;9763;9793;19556
PE;2603900;Carnaíba;3447;5496;3113;5640;6560;11136;8943;8753;17696
PE;2603926;Carnaubeira da Penha;579;4512;543;4770;1122;9282;5091;5313;10404
PE;2604007;Carpina;31769;1370;29237;1435;61006;2805;33139;30672;63811
PE;2604106;Caruaru;115314;18024;102093;18203;217407;36227;133338;120296;253634
PE;2604155;Casinhas;767;5998;658;5922;1425;11920;6765;6580;13345
PE;2604205;Catende;12290;3793;11161;4013;23451;7806;16083;15174;31257
PE;2604304;Cedro;2554;2217;2463;2317;5017;4534;4771;4780;9551
PE;2604403;Chã de Alegria;4114;1476;3968;1544;8082;3020;5590;5512;11102
PE;2604502;Chã Grande;5981;3190;5755;3481;11736;6671;9171;9236;18407
PE;2604601;Condado;9375;1556;9098;1768;18473;3324;10931;10866;21797
PE;2604700;Correntes;4678;4014;4166;4186;8844;8200;8692;8352;17044
PE;2604809;Cortês;4412;2022;4031;2216;8443;4238;6434;6247;12681
PE;2604908;Cumaru;3456;10231;3342;10460;6798;20691;13687;13802;27489
PE;2605004;Cupira;9584;2133;8501;2165;18085;4298;11717;10666;22383
PE;2605103;Custódia;8829;6492;7816;6832;16645;13324;15321;14648;29969
PE;2605152;Dormentes;1931;5098;1904;5478;3835;10576;7029;7382;14411
PE;2605202;Escada;23398;5621;22198;6124;45596;11745;29019;28322;57341
PE;2605301;Exu;6171;10173;5348;10731;11519;20904;16344;16079;32423
PE;2605400;Feira Nova;6363;3263;5793;3438;12156;6701;9626;9231;18857
PE;2605459;Fernando de Noronha;992;;1059;;2051;;992;1059;2051
PE;2605509;Ferreiros;3552;1808;3405;1962;6957;3770;5360;5367;10727
PE;2605608;Flores;4315;6245;3824;6439;8139;12684;10560;10263;20823
PE;2605707;Floresta;8352;4331;7195;4851;15547;9182;12683;12046;24729
PE;2605806;Frei Miguelinho;1227;5407;1137;5207;2364;10614;6634;6344;12978
PE;2605905;Gameleira;8438;3427;8225;3913;16663;7340;11865;12138;24003
PE;2606002;Garanhuns;55079;7016;48356;7298;103435;14314;62095;55654;117749
PE;2606101;Glória do Goitá;6560;7401;5982;7611;12542;15012;13961;13593;27554
PE;2606200;Goiana;22554;13567;20977;14079;43531;27646;36121;35056;71177
PE;2606309;Granito;849;2228;752;2281;1601;4509;3077;3033;6110
PE;2606408;Gravatá;29082;5584;26481;6126;55563;11710;34666;32607;67273
PE;2606507;Iati;3363;5454;3245;5629;6608;11083;8817;8874;17691
PE;2606606;Ibimirim;7027;5341;6469;5503;13496;10844;12368;11972;24340
PE;2606705;Ibirajuba;1276;2426;1152;2584;2428;5010;3702;3736;7438
PE;2606804;Igarassu;38918;3129;36821;3409;75739;6538;42047;40230;82277
PE;2606903;Iguaraci;2738;2955;2570;3223;5308;6178;5693;5793;11486
PE;2607000;Inajá;3407;3322;3072;3479;6479;6801;6729;6551;13280
PE;2607109;Ingazeira;1100;1191;1028;1248;2128;2439;2291;2276;4567
PE;2607208;Ipojuca;20627;9292;19683;9679;40310;18971;29919;29362;59281
PE;2607307;Ipubi;7017;4676;6422;4927;13439;9603;11693;11349;23042
PE;2607406;Itacuruba;1681;224;1552;212;3233;436;1905;1764;3669
PE;2607505;Itaíba;4577;8802;4158;9262;8735;18064;13379;13420;26799
PE;2607604;Itamaracá;6576;665;6354;2263;12930;2928;7241;8617;15858
PE;2607653;Itambé;13362;4179;12963;4478;26325;8657;17541;17441;34982
PE;2607703;Itapetim;3996;3491;3595;3684;7591;7175;7487;7279;14766
PE;2607752;Itapissuma;8377;1896;7953;1890;16330;3786;10273;9843;20116
PE;2607802;Itaquitinga;5445;1981;5334;2190;10779;4171;7426;7524;14950
PE;2607901;Jaboatão dos Guararapes;297017;6584;271457;6498;568474;13082;303601;277955;581556
PE;2607950;Jaqueira;3025;2755;2879;2994;5904;5749;5780;5873;11653
PE;2608008;Jataúba;3507;3886;3121;4139;6628;8025;7393;7260;14653
PE;2608057;Jatobá;2821;3883;2591;3853;5412;7736;6704;6444;13148
PE;2608107;João Alfredo;5461;8408;4835;8319;10296;16727;13869;13154;27023
PE;2608206;Joaquim Nabuco;4907;3021;4710;3287;9617;6308;7928;7997;15925
PE;2608255;Jucati;1150;3724;1127;3694;2277;7418;4874;4821;9695
PE;2608305;Jupi;3075;3255;2710;3289;5785;6544;6330;5999;12329
PE;2608404;Jurema;4031;2923;3603;3184;7634;6107;6954;6787;13741
PE;2608453;Lagoa do Carro;4137;2433;3950;2590;8087;5023;6570;6540;13110
PE;2608503;Lagoa do Itaenga;7734;2355;7611;2472;15345;4827;10089;10083;20172
PE;2608602;Lagoa do Ouro;2402;3158;2146;3271;4548;6429;5560;5417;10977
PE;2608701;Lagoa dos Gatos;3907;4182;3553;4458;7460;8640;8089;8011;16100
PE;2608750;Lagoa Grande;4429;5015;4222;5471;8651;10486;9444;9693;19137
PE;2608800;Lajedo;11993;4821;10538;4857;22531;9678;16814;15395;32209
PE;2608909;Limoeiro;22550;6974;19862;6936;42412;13910;29524;26798;56322
PE;2609006;Macaparana;7092;4457;6426;4519;13518;8976;11549;10945;22494
PE;2609105;Machados;2936;2102;2538;2250;5474;4352;5038;4788;9826
PE;2609154;Manari;1195;5403;1092;5338;2287;10741;6598;6430;13028
PE;2609204;Maraial;4025;2860;3912;3220;7937;6080;6885;7132;14017
PE;2609303;Mirandiba;3324;3273;3051;3474;6375;6747;6597;6525;13122
PE;2609402;Moreno;19791;5185;18503;5726;38294;10911;24976;24229;49205
PE;2609501;Nazaré da Mata;12838;2156;11866;2394;24704;4550;14994;14260;29254
PE;2609600;Olinda;191998;3653;168556;3695;360554;7348;195651;172251;367902
PE;2609709;Orobó;2885;8679;2702;8209;5587;16888;11564;10911;22475
PE;2609808;Orocó;1894;3519;1679;3733;3573;7252;5413;5412;10825
PE;2609907;Ouricuri;13909;14621;12699;15504;26608;30125;28530;28203;56733
PE;2610004;Palmares;23008;5894;20444;6444;43452;12338;28902;26888;55790
PE;2610103;Palmeirina;2477;2343;2313;2403;4790;4746;4820;4716;9536
PE;2610202;Panelas;5661;7352;5190;7671;10851;15023;13013;12861;25874
PE;2610301;Paranatama;829;4351;818;4350;1647;8701;5180;5168;10348
PE;2610400;Parnamirim;3855;5716;3468;6250;7323;11966;9571;9718;19289
PE;2610509;Passira;6441;8352;5885;8454;12326;16806;14793;14339;29132
PE;2610608;Paudalho;17424;5314;17008;5392;34432;10706;22738;22400;45138
PE;2610707;Paulista;137228;;125009;;262237;;137228;125009;262237
PE;2610806;Pedra;5291;4747;4976;5230;10267;9977;10038;10206;20244
PE;2610905;Pesqueira;21660;8215;19331;8515;40991;16730;29875;27846;57721
PE;2611002;Petrolândia;10109;3758;9490;3963;19599;7721;13867;13453;27320
PE;2611101;Petrolina;86840;25087;79439;27172;166279;52259;111927;106611;218538
PE;2611200;Poção;3489;2377;2870;2442;6359;4819;5866;5312;11178
PE;2611309;Pombos;7149;4515;6830;4857;13979;9372;11664;11687;23351
PE;2611408;Primavera;3363;2209;3278;2627;6641;4836;5572;5905;11477
PE;2611507;Quipapá;5676;5471;5209;5789;10885;11260;11147;10998;22145
PE;2611533;Quixaba;1035;2398;1003;2419;2038;4817;3433;3422;6855
PE;2611606;Recife;761215;;661690;;1422905;;761215;661690;1422905
PE;2611705;Riacho das Almas;3150;6009;2973;6010;6123;12019;9159;8983;18142
PE;2611804;Ribeirão;15445;5684;14201;6119;29646;11803;21129;20320;41449
PE;2611903;Rio Formoso;4318;5941;4031;6474;8349;12415;10259;10505;20764
PE;2612000;Sairé;2889;3919;2759;4082;5648;8001;6808;6841;13649
PE;2612109;Salgadinho;1179;2407;1072;2481;2251;4888;3586;3553;7139
PE;2612208;Salgueiro;21020;5622;18871;6058;39891;11680;26642;24929;51571
PE;2612307;Saloá;2751;4985;2390;4880;5141;9865;7736;7270;15006
PE;2612406;Sanharó;4015;4094;3598;4172;7613;8266;8109;7770;15879
PE;2612455;Santa Cruz;1493;4088;1368;4315;2861;8403;5581;5683;11264
PE;2612471;Santa Cruz da Baixa Verde;2193;3341;1954;3405;4147;6746;5534;5359;10893
PE;2612505;Santa Cruz do Capibaribe;29873;829;27353;993;57226;1822;30702;28346;59048
PE;2612554;Santa Filomena;843;5077;850;5345;1693;10422;5920;6195;12115
PE;2612604;Santa Maria da Boa Vista;7305;11011;6699;11899;14004;22910;18316;18598;36914
PE;2612703;Santa Maria do Cambucá;1180;4775;1081;4703;2261;9478;5955;5784;11739
PE;2612802;Santa Terezinha;3104;2176;2764;2207;5868;4383;5280;4971;10251
PE;2612901;São Benedito do Sul;2737;2482;2534;2724;5271;5206;5219;5258;10477
PE;2613008;São Bento do Una;12105;10637;11201;11417;23306;22054;22742;22618;45360
PE;2613107;São Caitano;11658;5409;10841;5518;22499;10927;17067;16359;33426
PE;2613206;São João;3767;6175;3377;6425;7144;12600;9942;9802;19744
PE;2613305;São Joaquim do Monte;5847;4117;5507;4371;11354;8488;9964;9878;19842
PE;2613404;São José da Coroa Grande;4851;2186;4665;2269;9516;4455;7037;6934;13971
PE;2613503;São José do Belmonte;7682;8294;7081;8595;14763;16889;15976;15676;31652
PE;2613602;São José do Egito;9373;5764;8322;6009;17695;11773;15137;14331;29468
PE;2613701;São Lourenço da Mata;42895;3201;40648;3658;83543;6859;46096;44306;90402
PE;2613800;São Vicente Ferrer;4589;3491;4317;3607;8906;7098;8080;7924;16004
PE;2613909;Serra Talhada;26762;10399;22843;10908;49605;21307;37161;33751;70912
PE;2614006;Serrita;2318;6621;2101;6808;4419;13429;8939;8909;17848
PE;2614105;Sertânia;9054;7163;7993;7447;17047;14610;16217;15440;31657
PE;2614204;Sirinhaém;6947;9406;6699;9994;13646;19400;16353;16693;33046
PE;2614303;Moreilândia;2870;2660;2716;2870;5586;5530;5530;5586;11116
PE;2614402;Solidão;683;2096;620;2133;1303;4229;2779;2753;5532
PE;2614501;Surubim;17575;8571;15570;8615;33145;17186;26146;24185;50331
PE;2614600;Tabira;8305;3946;7639;4175;15944;8121;12251;11814;24065
PE;2614709;Tacaimbó;3091;3470;2836;3532;5927;7002;6561;6368;12929
PE;2614808;Tacaratu;3707;4821;3535;5033;7242;9854;8528;8568;17096
PE;2614857;Tamandaré;5820;2622;5728;3111;11548;5733;8442;8839;17281
PE;2615003;Taquaritinga do Norte;6262;3739;5760;3996;12022;7735;10001;9756;19757
PE;2615102;Terezinha;1009;2242;871;2178;1880;4420;3251;3049;6300
PE;2615201;Terra Nova;2022;1725;1947;1824;3969;3549;3747;3771;7518
PE;2615300;Timbaúba;23056;6221;20979;6650;44035;12871;29277;27629;56906
PE;2615409;Toritama;10264;849;9863;824;20127;1673;11113;10687;21800
PE;2615508;Tracunhaém;4784;1421;4658;1531;9442;2952;6205;6189;12394
PE;2615607;Trindade;8858;2286;8337;2449;17195;4735;11144;10786;21930
PE;2615706;Triunfo;3587;4329;2974;4245;6561;8574;7916;7219;15135
PE;2615805;Tupanatinga;3348;7215;3072;7166;6420;14381;10563;10238;20801
PE;2615904;Tuparetama;3031;944;2775;1016;5806;1960;3975;3791;7766
PE;2616001;Venturosa;4238;2631;3812;2781;8050;5412;6869;6593;13462
PE;2616100;Verdejante;1174;3330;1126;3216;2300;6546;4504;4342;8846
PE;2616183;Vertente do Lério;788;3559;720;3469;1508;7028;4347;4189;8536
PE;2616209;Vertentes;3298;4324;3005;4330;6303;8654;7622;7335;14957
PE;2616308;Vicência;5505;8839;4997;9479;10502;18318;14344;14476;28820
PE;2616407;Vitória de Santo Antão;51933;8698;47409;9569;99342;18267;60631;56978;117609
PE;2616506;Xexéu;3988;2744;3869;2996;7857;5740;6732;6865;13597
PE;2699919;Muribeca;;;;;;;;;
PE;2699929;Nossa Senhora do Ó de Goyanna;;;;;;;;;
PE;2699939;Cimbres;;;;;;;;;
PI;2200053;Acauã;349;2131;326;2341;675;4472;2480;2667;5147
PI;2200103;Agricolândia;2050;695;1892;703;3942;1398;2745;2595;5340
PI;2200202;Água Branca;6845;715;6230;727;13075;1442;7560;6957;14517
PI;2200251;Alagoinha do Piauí;1057;2391;891;2529;1948;4920;3448;3420;6868
PI;2200277;Alegrete do Piauí;1373;953;1289;1098;2662;2051;2326;2387;4713
PI;2200301;Alto Longá;2861;2997;2743;3399;5604;6396;5858;6142;12000
PI;2200400;Altos;13675;6039;12524;6884;26199;12923;19714;19408;39122
PI;2200459;Alvorada do Gurguéia;693;1300;786;1432;1479;2732;1993;2218;4211
PI;2200509;Amarante;4754;3848;4162;4120;8916;7968;8602;8282;16884
PI;2200608;Angical do Piauí;2623;848;2442;875;5065;1723;3471;3317;6788
PI;2200707;Anísio de Abreu;1639;1858;1709;1960;3348;3818;3497;3669;7166
PI;2200806;Antônio Almeida;1001;425;915;510;1916;935;1426;1425;2851
PI;2200905;Aroazes;1575;1375;1596;1479;3171;2854;2950;3075;6025
PI;2200954;Aroeiras de Itaim;;;;;;;;;
PI;2201002;Arraial;1344;1148;1151;1266;2495;2414;2492;2417;4909
PI;2201051;Assunção do Piauí;1442;2000;1390;2101;2832;4101;3442;3491;6933
PI;2201101;Avelino Lopes;2611;2152;2507;2355;5118;4507;4763;4862;9625
PI;2201150;Baixa Grande do Ribeiro;1772;1992;1884;2131;3656;4123;3764;4015;7779
PI;2201176;Barra D'Alcântara;856;1267;759;1225;1615;2492;2123;1984;4107
PI;2201200;Barras;9760;10422;9049;11660;18809;22082;20182;20709;40891
PI;2201309;Barreiras do Piauí;798;681;784;835;1582;1516;1479;1619;3098
PI;2201408;Barro Duro;2565;848;2464;910;5029;1758;3413;3374;6787
PI;2201507;Batalha;4068;7784;3862;8413;7930;16197;11852;12275;24127
PI;2201556;Bela Vista do Piauí;377;1063;381;1142;758;2205;1440;1523;2963
PI;2201572;Belém do Piauí;439;747;440;803;879;1550;1186;1243;2429
PI;2201606;Beneditinos;2670;2124;2544;2374;5214;4498;4794;4918;9712
PI;2201705;Bertolínia;1791;742;1746;838;3537;1580;2533;2584;5117
PI;2201739;Betânia do Piauí;521;3740;508;3871;1029;7611;4261;4379;8640
PI;2201770;Boa Hora;510;2006;513;2141;1023;4147;2516;2654;5170
PI;2201804;Bocaina;781;1390;712;1325;1493;2715;2171;2037;4208
PI;2201903;Bom Jesus;5711;2381;5250;2582;10961;4963;8092;7832;15924
PI;2201919;Bom Princípio do Piauí;607;1597;609;1812;1216;3409;2204;2421;4625
PI;2201929;Bonfim do Piauí;562;1828;597;1894;1159;3722;2390;2491;4881
PI;2201945;Boqueirão do Piauí;986;1791;891;1899;1877;3690;2777;2790;5567
PI;2201960;Brasileira;1496;2112;1430;2328;2926;4440;3608;3758;7366
PI;2201988;Brejo do Piauí;616;1339;578;1453;1194;2792;1955;2031;3986
PI;2202000;Buriti dos Lopes;4773;4327;4559;4939;9332;9266;9100;9498;18598
PI;2202026;Buriti dos Montes;893;2629;952;2810;1845;5439;3522;3762;7284
PI;2202059;Cabeceiras do Piauí;711;3391;678;3718;1389;7109;4102;4396;8498
PI;2202075;Cajazeiras do Piauí;423;847;443;954;866;1801;1270;1397;2667
PI;2202083;Cajueiro da Praia;1044;1858;1157;2063;2201;3921;2902;3220;6122
PI;2202091;Caldeirão Grande do Piauí;705;2040;606;2130;1311;4170;2745;2736;5481
PI;2202109;Campinas do Piauí;816;1748;728;1849;1544;3597;2564;2577;5141
PI;2202117;Campo Alegre do Fidalgo;218;1963;192;2078;410;4041;2181;2270;4451
PI;2202133;Campo Grande do Piauí;576;1789;604;1913;1180;3702;2365;2517;4882
PI;2202174;Campo Largo do Piauí;506;2266;538;2433;1044;4699;2772;2971;5743
PI;2202208;Campo Maior;16798;5345;15130;5853;31928;11198;22143;20983;43126
PI;2202251;Canavieira;916;1043;938;1217;1854;2260;1959;2155;4114
PI;2202307;Canto do Buriti;5312;3904;4842;4313;10154;8217;9216;9155;18371
PI;2202406;Capitão de Campos;2938;2162;2703;2233;5641;4395;5100;4936;10036
PI;2202455;Capitão Gervásio Oliveira;169;1497;189;1578;358;3075;1666;1767;3433
PI;2202505;Caracol;1524;2409;1489;2618;3013;5027;3933;4107;8040
PI;2202539;Caraúbas do Piauí;314;1957;321;2217;635;4174;2271;2538;4809
PI;2202554;Caridade do Piauí;541;1388;550;1583;1091;2971;1929;2133;4062
PI;2202604;Castelo do Piauí;4908;4410;4334;4687;9242;9097;9318;9021;18339
PI;2202653;Caxingó;362;1522;396;1867;758;3389;1884;2263;4147
PI;2202703;Cocal;5450;6473;5197;7030;10647;13503;11923;12227;24150
PI;2202711;Cocal de Telha;1141;992;1093;1022;2234;2014;2133;2115;4248
PI;2202729;Cocal dos Alves;683;1832;651;1989;1334;3821;2515;2640;5155
PI;2202737;Coivaras;435;1242;440;1390;875;2632;1677;1830;3507
PI;2202752;Colônia do Gurguéia;1924;532;1962;594;3886;1126;2456;2556;5012
PI;2202778;Colônia do Piauí;1323;2256;1327;2345;2650;4601;3579;3672;7251
PI;2202802;Conceição do Canindé;1341;1138;1266;1181;2607;2319;2479;2447;4926
PI;2202851;Coronel José Dias;489;1583;524;1819;1013;3402;2072;2343;4415
PI;2202901;Corrente;6532;4887;6020;5787;12552;10674;11419;11807;23226
PI;2203008;Cristalândia do Piauí;1172;1923;1137;2261;2309;4184;3095;3398;6493
PI;2203107;Cristino Castro;3189;1434;2981;1665;6170;3099;4623;4646;9269
PI;2203206;Curimatá;2670;1961;2597;2290;5267;4251;4631;4887;9518
PI;2203230;Currais;343;1685;358;1846;701;3531;2028;2204;4232
PI;2203255;Curralinhos;402;1325;395;1519;797;2844;1727;1914;3641
PI;2203271;Curral Novo do Piauí;517;1524;533;1646;1050;3170;2041;2179;4220
PI;2203305;Demerval Lobão;5257;1068;4997;1167;10254;2235;6325;6164;12489
PI;2203354;Dirceu Arcoverde;950;1992;905;2219;1855;4211;2942;3124;6066
PI;2203404;Dom Expedito Lopes;1756;1319;1579;1300;3335;2619;3075;2879;5954
PI;2203420;Domingos Mourão;479;1597;471;1737;950;3334;2076;2208;4284
PI;2203453;Dom Inocêncio;431;3882;425;4171;856;8053;4313;4596;8909
PI;2203503;Elesbão Veloso;5369;2293;4764;2576;10133;4869;7662;7340;15002
PI;2203602;Eliseu Martins;1415;631;1386;756;2801;1387;2046;2142;4188
PI;2203701;Esperantina;10774;6312;9974;7034;20748;13346;17086;17008;34094
PI;2203750;Fartura do Piauí;459;1820;436;1970;895;3790;2279;2406;4685
PI;2203800;Flores do Piauí;892;1240;861;1379;1753;2619;2132;2240;4372
PI;2203859;Floresta do Piauí;288;904;298;926;586;1830;1192;1224;2416
PI;2203909;Floriano;25238;3621;21446;4286;46684;7907;28859;25732;54591
PI;2204006;Francinópolis;1644;1057;1478;1075;3122;2132;2701;2553;5254
PI;2204105;Francisco Ayres;1213;1364;1162;1497;2375;2861;2577;2659;5236
PI;2204154;Francisco Macedo;322;836;317;862;639;1698;1158;1179;2337
PI;2204204;Francisco Santos;1697;1784;1657;1905;3354;3689;3481;3562;7043
PI;2204303;Fronteiras;2979;2104;2767;2162;5746;4266;5083;4929;10012
PI;2204352;Geminiano;433;1967;406;1984;839;3951;2400;2390;4790
PI;2204402;Gilbués;2332;2691;2189;3017;4521;5708;5023;5206;10229
PI;2204501;Guadalupe;4940;338;4656;374;9596;712;5278;5030;10308
PI;2204550;Guaribas;447;1946;451;1970;898;3916;2393;2421;4814
PI;2204600;Hugo Napoleão;1504;365;1441;393;2945;758;1869;1834;3703
PI;2204659;Ilha Grande;3162;652;3343;733;6505;1385;3814;4076;7890
PI;2204709;Inhuma;3490;3815;3124;3997;6614;7812;7305;7121;14426
PI;2204808;Ipiranga do Piauí;2557;1703;2366;1802;4923;3505;4260;4168;8428
PI;2204907;Isaías Coelho;896;2927;797;3038;1693;5965;3823;3835;7658
PI;2205003;Itainópolis;1324;3893;1248;3916;2572;7809;5217;5164;10381
PI;2205102;Itaueira;2698;2427;2427;2795;5125;5222;5125;5222;10347
PI;2205151;Jacobina do Piauí;429;2361;422;2478;851;4839;2790;2900;5690
PI;2205201;Jaicós;3898;4216;3477;4268;7375;8484;8114;7745;15859
PI;2205250;Jardim do Mulato;594;1387;575;1434;1169;2821;1981;2009;3990
PI;2205276;Jatobá do Piauí;290;1739;367;1918;657;3657;2029;2285;4314
PI;2205300;Jerumenha;1294;917;1300;1004;2594;1921;2211;2304;4515
PI;2205359;João Costa;214;1195;239;1377;453;2572;1409;1616;3025
PI;2205409;Joaquim Pires;1822;4390;1848;5016;3670;9406;6212;6864;13076
PI;2205458;Joca Marques;548;1468;640;1693;1188;3161;2016;2333;4349
PI;2205508;José de Freitas;9292;7090;8818;7658;18110;14748;16382;16476;32858
PI;2205516;Juazeiro do Piauí;501;1726;469;1827;970;3553;2227;2296;4523
PI;2205524;Júlio Borges;472;1841;464;2089;936;3930;2313;2553;4866
PI;2205532;Jurema;232;1698;266;1851;498;3549;1930;2117;4047
PI;2205540;Lagoinha do Piauí;513;630;520;568;1033;1198;1143;1088;2231
PI;2205557;Lagoa Alegre;1135;2190;1202;2322;2337;4512;3325;3524;6849
PI;2205565;Lagoa do Barro do Piauí;422;1759;420;1849;842;3608;2181;2269;4450
PI;2205573;Lagoa de São Francisco;840;1957;844;2154;1684;4111;2797;2998;5795
PI;2205581;Lagoa do Piauí;467;1211;472;1338;939;2549;1678;1810;3488
PI;2205599;Lagoa do Sítio;788;1241;802;1307;1590;2548;2029;2109;4138
PI;2205607;Landri Sales;2066;787;1835;940;3901;1727;2853;2775;5628
PI;2205706;Luís Correia;5143;6638;5154;7318;10297;13956;11781;12472;24253
PI;2205805;Luzilândia;6933;5034;6520;5555;13453;10589;11967;12075;24042
PI;2205854;Madeiro;1253;2014;1291;2213;2544;4227;3267;3504;6771
PI;2205904;Manoel Emídio;1296;1215;1270;1370;2566;2585;2511;2640;5151
PI;2205953;Marcolândia;2435;683;2313;747;4748;1430;3118;3060;6178
PI;2206001;Marcos Parente;1570;578;1484;647;3054;1225;2148;2131;4279
PI;2206050;Massapê do Piauí;381;2554;390;2663;771;5217;2935;3053;5988
PI;2206100;Matias Olímpio;2167;2622;2043;2895;4210;5517;4789;4938;9727
PI;2206209;Miguel Alves;4895;9629;4714;10611;9609;20240;14524;15325;29849
PI;2206308;Miguel Leão;380;282;369;339;749;621;662;708;1370
PI;2206357;Milton Brandão;793;2544;816;2747;1609;5291;3337;3563;6900
PI;2206407;Monsenhor Gil;2519;2624;2358;2808;4877;5432;5143;5166;10309
PI;2206506;Monsenhor Hipólito;1393;1946;1237;2188;2630;4134;3339;3425;6764
PI;2206605;Monte Alegre do Piauí;1384;3620;1288;3938;2672;7558;5004;5226;10230
PI;2206654;Morro Cabeça no Tempo;337;1833;367;1889;704;3722;2170;2256;4426
PI;2206670;Morro do Chapéu do Piauí;871;2011;858;2266;1729;4277;2882;3124;6006
PI;2206696;Murici dos Portelas;485;2487;517;2886;1002;5373;2972;3403;6375
PI;2206704;Nazaré do Piauí;1740;2143;1591;2331;3331;4474;3883;3922;7805
PI;2206720;Nazária;;;;;;;;;
PI;2206753;Nossa Senhora de Nazaré;552;1347;530;1436;1082;2783;1899;1966;3865
PI;2206803;Nossa Senhora dos Remédios;1431;2178;1274;2331;2705;4509;3609;3605;7214
PI;2206902;Novo Oriente do Piauí;1746;1683;1587;1744;3333;3427;3429;3331;6760
PI;2206951;Novo Santo Antônio;155;1376;152;1472;307;2848;1531;1624;3155
PI;2207009;Oeiras;10629;6910;9000;7371;19629;14281;17539;16371;33910
PI;2207108;Olho D'Água do Piauí;476;615;467;725;943;1340;1091;1192;2283
PI;2207207;Padre Marcos;1347;2264;1206;2361;2553;4625;3611;3567;7178
PI;2207306;Paes Landim;1237;864;1087;996;2324;1860;2101;2083;4184
PI;2207355;Pajeú do Piauí;559;786;626;923;1185;1709;1345;1549;2894
PI;2207405;Palmeira do Piauí;718;1809;696;1976;1414;3785;2527;2672;5199
PI;2207504;Palmeirais;2291;3723;2090;4050;4381;7773;6014;6140;12154
PI;2207553;Paquetá;237;1878;261;2010;498;3888;2115;2271;4386
PI;2207603;Parnaguá;1980;2436;2072;2857;4052;5293;4416;4929;9345
PI;2207702;Parnaíba;65958;3511;59030;3783;124988;7294;69469;62813;132282
PI;2207751;Passagem Franca do Piauí;1182;892;1132;989;2314;1881;2074;2121;4195
PI;2207777;Patos do Piauí;639;2131;561;2303;1200;4434;2770;2864;5634
PI;2207793;Pau D'Arco do Piauí;;;;;;;;;
PI;2207801;Paulistana;4705;3775;4234;3815;8939;7590;8480;8049;16529
PI;2207850;Pavussu;774;1058;860;1281;1634;2339;1832;2141;3973
PI;2207900;Pedro II;10958;7429;9959;7855;20917;15284;18387;17814;36201
PI;2207934;Pedro Laurentino;230;746;218;808;448;1554;976;1026;2002
PI;2207959;Nova Santa Rita;196;1767;206;1981;402;3748;1963;2187;4150
PI;2208007;Picos;27673;8109;24874;8318;52547;16427;35782;33192;68974
PI;2208106;Pimenteiras;2137;3398;2015;3756;4152;7154;5535;5771;11306
PI;2208205;Pio IX;2317;6024;1961;6203;4278;12227;8341;8164;16505
PI;2208304;Piracuruca;9233;3252;8648;3653;17881;6905;12485;12301;24786
PI;2208403;Piripiri;22878;8021;20659;8596;43537;16617;30899;29255;60154
PI;2208502;Porto;3387;1816;3308;2062;6695;3878;5203;5370;10573
PI;2208551;Porto Alegre do Piauí;586;557;615;663;1201;1220;1143;1278;2421
PI;2208601;Prata do Piauí;1220;336;1170;391;2390;727;1556;1561;3117
PI;2208650;Queimada Nova;360;3812;369;3791;729;7603;4172;4160;8332
PI;2208700;Redenção do Gurguéia;2364;1510;2315;1592;4679;3102;3874;3907;7781
PI;2208809;Regeneração;6941;2031;6300;2199;13241;4230;8972;8499;17471
PI;2208858;Riacho Frio;814;1236;812;1459;1626;2695;2050;2271;4321
PI;2208874;Ribeira do Piauí;261;1613;262;1743;523;3356;1874;2005;3879
PI;2208908;Ribeiro Gonçalves;1494;1287;1496;1445;2990;2732;2781;2941;5722
PI;2209005;Rio Grande do Piauí;2044;1007;1923;1157;3967;2164;3051;3080;6131
PI;2209104;Santa Cruz do Piauí;2019;890;1835;1032;3854;1922;2909;2867;5776
PI;2209153;Santa Cruz dos Milagres;917;776;820;821;1737;1597;1693;1641;3334
PI;2209203;Santa Filomena;1261;1640;1260;1870;2521;3510;2901;3130;6031
PI;2209302;Santa Luz;1253;1026;1328;1173;2581;2199;2279;2501;4780
PI;2209351;Santana do Piauí;877;1435;876;1407;1753;2842;2312;2283;4595
PI;2209377;Santa Rosa do Piauí;1745;854;1707;917;3452;1771;2599;2624;5223
PI;2209401;Santo Antônio de Lisboa;1728;859;1636;931;3364;1790;2587;2567;5154
PI;2209450;Santo Antônio dos Milagres;314;618;308;636;622;1254;932;944;1876
PI;2209500;Santo Inácio do Piauí;983;708;921;835;1904;1543;1691;1756;3447
PI;2209559;São Braz do Piauí;460;1572;475;1685;935;3257;2032;2160;4192
PI;2209609;São Félix do Piauí;920;795;842;840;1762;1635;1715;1682;3397
PI;2209658;São Francisco de Assis do Piauí;372;1501;333;1600;705;3101;1873;1933;3806
PI;2209708;São Francisco do Piauí;924;2171;863;2398;1787;4569;3095;3261;6356
PI;2209757;São Gonçalo do Gurguéia;436;666;437;783;873;1449;1102;1220;2322
PI;2209807;São Gonçalo do Piauí;1670;471;1596;512;3266;983;2141;2108;4249
PI;2209856;São João da Canabrava;673;1529;572;1466;1245;2995;2202;2038;4240
PI;2209872;São João da Fronteira;819;1592;794;1681;1613;3273;2411;2475;4886
PI;2209906;São João da Serra;1624;1679;1539;1833;3163;3512;3303;3372;6675
PI;2209955;São João da Varjota;537;1638;518;1682;1055;3320;2175;2200;4375
PI;2209971;São João do Arraial;1207;1677;1117;1733;2324;3410;2884;2850;5734
PI;2210003;São João do Piauí;5979;3034;5374;3283;11353;6317;9013;8657;17670
PI;2210052;São José do Divino;1106;1216;1089;1470;2195;2686;2322;2559;4881
PI;2210102;São José do Peixe;978;907;913;1027;1891;1934;1885;1940;3825
PI;2210201;São José do Piauí;965;2349;933;2459;1898;4808;3314;3392;6706
PI;2210300;São Julião;1148;1726;986;1840;2134;3566;2874;2826;5700
PI;2210359;São Lourenço do Piauí;354;1852;337;1731;691;3583;2206;2068;4274
PI;2210375;São Luis do Piauí;298;960;296;934;594;1894;1258;1230;2488
PI;2210383;São Miguel da Baixa Grande;620;374;627;409;1247;783;994;1036;2030
PI;2210391;São Miguel do Fidalgo;466;935;467;1123;933;2058;1401;1590;2991
PI;2210409;São Miguel do Tapuio;3443;5817;3152;6396;6595;12213;9260;9548;18808
PI;2210508;São Pedro do Piauí;3644;2665;3459;2742;7103;5407;6309;6201;12510
PI;2210607;São Raimundo Nonato;9019;4718;8183;4970;17202;9688;13737;13153;26890
PI;2210623;Sebastião Barros;226;1914;239;2145;465;4059;2140;2384;4524
PI;2210631;Sebastião Leal;675;1122;733;1305;1408;2427;1797;2038;3835
PI;2210656;Sigefredo Pacheco;1155;3221;1151;3519;2306;6740;4376;4670;9046
PI;2210706;Simões;2398;4421;2144;4658;4542;9079;6819;6802;13621
PI;2210805;Simplício Mendes;3429;2030;3244;2263;6673;4293;5459;5507;10966
PI;2210904;Socorro do Piauí;777;1507;740;1651;1517;3158;2284;2391;4675
PI;2210938;Sussuapara;590;1967;601;1884;1191;3851;2557;2485;5042
PI;2210953;Tamboril do Piauí;527;664;507;715;1034;1379;1191;1222;2413
PI;2210979;Tanque do Piauí;547;635;540;596;1087;1231;1182;1136;2318
PI;2211001;Teresina;361603;18506;315867;19384;677470;37890;380109;335251;715360
PI;2211100;União;8338;11440;7751;12272;16089;23712;19778;20023;39801
PI;2211209;Uruçuí;5768;2762;5344;3137;11112;5899;8530;8481;17011
PI;2211308;Valença do Piauí;7586;2816;6524;2961;14110;5777;10402;9485;19887
PI;2211357;Várzea Branca;491;2050;458;2204;949;4254;2541;2662;5203
PI;2211407;Várzea Grande;1406;921;1241;907;2647;1828;2327;2148;4475
PI;2211506;Vera Mendes;300;1143;286;1178;586;2321;1443;1464;2907
PI;2211605;Vila Nova do Piauí;261;1139;239;1267;500;2406;1400;1506;2906
PI;2211704;Wall Ferraz;497;1458;482;1561;979;3019;1955;2043;3998
PR;4100103;Abatiá;2737;1376;2619;1527;5356;2903;4113;4146;8259
PR;4100202;Adrianópolis;851;2545;762;2849;1613;5394;3396;3611;7007
PR;4100301;Agudos do Sul;726;2695;740;3060;1466;5755;3421;3800;7221
PR;4100400;Almirante Tamandaré;42454;1711;42301;1811;84755;3522;44165;44112;88277
PR;4100459;Altamira do Paraná;1095;2293;1024;2587;2119;4880;3388;3611;6999
PR;4100509;Altônia;6030;3557;5674;3969;11704;7526;9587;9643;19230
PR;4100608;Alto Paraná;5103;1200;5011;1403;10114;2603;6303;6414;12717
PR;4100707;Alto Piquiri;4252;1119;4153;1237;8405;2356;5371;5390;10761
PR;4100806;Alvorada do Sul;3570;1033;3445;1205;7015;2238;4603;4650;9253
PR;4100905;Amaporã;1778;493;1809;575;3587;1068;2271;2384;4655
PR;4101002;Ampére;5360;2501;5043;2719;10403;5220;7861;7762;15623
PR;4101051;Anahy;820;654;820;717;1640;1371;1474;1537;3011
PR;4101101;Andirá;10124;843;9803;893;19927;1736;10967;10696;21663
PR;4101150;Ângulo;1081;331;1069;359;2150;690;1412;1428;2840
PR;4101200;Antonina;7977;1568;7860;1769;15837;3337;9545;9629;19174
PR;4101309;Antônio Olinto;294;3220;318;3575;612;6795;3514;3893;7407
PR;4101408;Apucarana;51489;3513;48760;4065;100249;7578;55002;52825;107827
PR;4101507;Arapongas;41502;1708;40288;1930;81790;3638;43210;42218;85428
PR;4101606;Arapoti;8779;3024;8708;3373;17487;6397;11803;12081;23884
PR;4101655;Arapuã;619;1411;590;1552;1209;2963;2030;2142;4172
PR;4101705;Araruna;4512;1851;4622;2096;9134;3947;6363;6718;13081
PR;4101804;Araucária;42821;3933;43290;4214;86111;8147;46754;47504;94258
PR;4101853;Ariranha do Ivaí;346;1016;351;1170;697;2186;1362;1521;2883
PR;4101903;Assaí;6989;2171;6528;2357;13517;4528;9160;8885;18045
PR;4102000;Assis Chateaubriand;13874;3063;13178;3202;27052;6265;16937;16380;33317
PR;4102109;Astorga;10418;1521;10058;1640;20476;3161;11939;11698;23637
PR;4102208;Atalaia;1645;303;1682;385;3327;688;1948;2067;4015
PR;4102307;Balsa Nova;1584;3385;1602;3582;3186;6967;4969;5184;10153
PR;4102406;Bandeirantes;14150;2900;13570;3112;27720;6012;17050;16682;33732
PR;4102505;Barbosa Ferraz;4972;2042;4763;2333;9735;4375;7014;7096;14110
PR;4102604;Barracão;3061;1653;2764;1793;5825;3446;4714;4557;9271
PR;4102703;Barra do Jacaré;849;486;844;544;1693;1030;1335;1388;2723
PR;4102752;Bela Vista da Caroba;378;1747;379;1999;757;3746;2125;2378;4503
PR;4102802;Bela Vista do Paraíso;7070;560;6790;611;13860;1171;7630;7401;15031
PR;4102901;Bituruna;3754;3841;3752;4386;7506;8227;7595;8138;15733
PR;4103008;Boa Esperança;1280;1242;1299;1341;2579;2583;2522;2640;5162
PR;4103024;Boa Esperança do Iguaçu;286;1202;278;1341;564;2543;1488;1619;3107
PR;4103040;Boa Ventura de São Roque;559;2685;521;3015;1080;5700;3244;3536;6780
PR;4103057;Boa Vista da Aparecida;2316;1808;2249;2050;4565;3858;4124;4299;8423
PR;4103107;Bocaiúva do Sul;1764;2520;1798;2968;3562;5488;4284;4766;9050
PR;4103156;Bom Jesus do Sul;196;1814;186;1958;382;3772;2010;2144;4154
PR;4103206;Bom Sucesso;2382;709;2342;740;4724;1449;3091;3082;6173
PR;4103222;Bom Sucesso do Sul;693;1012;614;1073;1307;2085;1705;1687;3392
PR;4103305;Borrazópolis;3301;1401;3131;1620;6432;3021;4702;4751;9453
PR;4103354;Braganey;1379;1609;1401;1802;2780;3411;2988;3203;6191
PR;4103370;Brasilândia do Sul;1173;709;1194;813;2367;1522;1882;2007;3889
PR;4103404;Cafeara;865;325;916;379;1781;704;1190;1295;2485
PR;4103453;Cafelândia;4310;1250;4241;1342;8551;2592;5560;5583;11143
PR;4103479;Cafezal do Sul;1525;730;1544;849;3069;1579;2255;2393;4648
PR;4103503;Califórnia;2868;948;2796;1066;5664;2014;3816;3862;7678
PR;4103602;Cambará;10316;1285;9706;1433;20022;2718;11601;11139;22740
PR;4103701;Cambé;41626;2957;40316;3287;81942;6244;44583;43603;88186
PR;4103800;Cambira;2095;1159;2099;1335;4194;2494;3254;3434;6688
PR;4103909;Campina da Lagoa;6484;2017;6208;2309;12692;4326;8501;8517;17018
PR;4103958;Campina do Simão;619;1423;642;1681;1261;3104;2042;2323;4365
PR;4104006;Campina Grande do Sul;12903;4093;13070;4500;25973;8593;16996;17570;34566
PR;4104055;Campo Bonito;1130;1349;1130;1519;2260;2868;2479;2649;5128
PR;4104105;Campo do Tenente;1662;1375;1789;1509;3451;2884;3037;3298;6335
PR;4104204;Campo Largo;38768;7548;38455;8011;77223;15559;46316;46466;92782
PR;4104253;Campo Magro;1228;8805;1273;9103;2501;17908;10033;10376;20409
PR;4104303;Campo Mourão;38919;2688;35835;3034;74754;5722;41607;38869;80476
PR;4104402;Cândido de Abreu;2352;6603;2332;7508;4684;14111;8955;9840;18795
PR;4104428;Candói;2626;4305;2532;4722;5158;9027;6931;7254;14185
PR;4104451;Cantagalo;3682;2594;3630;2904;7312;5498;6276;6534;12810
PR;4104501;Capanema;4831;4233;4480;4695;9311;8928;9064;9175;18239
PR;4104600;Capitão Leônidas Marques;4857;2216;4896;2408;9753;4624;7073;7304;14377
PR;4104659;Carambeí;5225;2109;5269;2257;10494;4366;7334;7526;14860
PR;4104709;Carlópolis;4185;2291;4162;2667;8347;4958;6476;6829;13305
PR;4104808;Cascavel;117757;7978;110916;8718;228673;16696;125735;119634;245369
PR;4104907;Castro;22117;9577;21133;10754;43250;20331;31694;31887;63581
PR;4105003;Catanduvas;2510;2616;2434;2861;4944;5477;5126;5295;10421
PR;4105102;Centenário do Sul;4675;1238;4562;1342;9237;2580;5913;5904;11817
PR;4105201;Cerro Azul;1984;5885;1932;6551;3916;12436;7869;8483;16352
PR;4105300;Céu Azul;3713;1595;3484;1653;7197;3248;5308;5137;10445
PR;4105409;Chopinzinho;5436;4774;5093;5240;10529;10014;10210;10333;20543
PR;4105508;Cianorte;25491;3715;24153;4042;49644;7757;29206;28195;57401
PR;4105607;Cidade Gaúcha;3906;854;3775;996;7681;1850;4760;4771;9531
PR;4105706;Clevelândia;7698;1653;7116;1871;14814;3524;9351;8987;18338
PR;4105805;Colombo;88025;4068;86937;4299;174962;8367;92093;91236;183329
PR;4105904;Colorado;9566;1031;9206;1154;18772;2185;10597;10360;20957
PR;4106001;Congonhinhas;2367;1445;2337;1702;4704;3147;3812;4039;7851
PR;4106100;Conselheiro Mairinck;1194;476;1212;581;2406;1057;1670;1793;3463
PR;4106209;Contenda;3187;3356;3133;3565;6320;6921;6543;6698;13241
PR;4106308;Corbélia;6381;1575;6161;1686;12542;3261;7956;7847;15803
PR;4106407;Cornélio Procópio;22015;1965;20668;2213;42683;4178;23980;22881;46861
PR;4106456;Coronel Domingos Soares;402;2968;395;3239;797;6207;3370;3634;7004
PR;4106506;Coronel Vivida;7597;4127;7135;4447;14732;8574;11724;11582;23306
PR;4106555;Corumbataí do Sul;982;1304;1016;1644;1998;2948;2286;2660;4946
PR;4106571;Cruzeiro do Iguaçu;1108;1053;1106;1127;2214;2180;2161;2233;4394
PR;4106605;Cruzeiro do Oeste;8292;1965;7764;2201;16056;4166;10257;9965;20222
PR;4106704;Cruzeiro do Sul;1416;894;1418;1031;2834;1925;2310;2449;4759
PR;4106803;Cruz Machado;1787;6688;1672;7520;3459;14208;8475;9192;17667
PR;4106852;Cruzmaltina;582;1036;599;1242;1181;2278;1618;1841;3459
PR;4106902;Curitiba;826467;;760848;;1587315;;826467;760848;1587315
PR;4107009;Curiúva;3522;2718;3504;3160;7026;5878;6240;6664;12904
PR;4107108;Diamante do Norte;2346;699;2266;788;4612;1487;3045;3054;6099
PR;4107124;Diamante do Sul;517;1192;598;1352;1115;2544;1709;1950;3659
PR;4107157;Diamante D'Oeste;1237;1124;1243;1274;2480;2398;2361;2517;4878
PR;4107207;Dois Vizinhos;11532;4601;10850;5003;22382;9604;16133;15853;31986
PR;4107256;Douradina;1883;1175;1834;1268;3717;2443;3058;3102;6160
PR;4107306;Doutor Camargo;2403;528;2276;570;4679;1098;2931;2846;5777
PR;4107405;Enéas Marques;657;2424;593;2708;1250;5132;3081;3301;6382
PR;4107504;Engenheiro Beltrão;5705;1409;5424;1544;11129;2953;7114;6968;14082
PR;4107520;Esperança Nova;384;776;369;779;753;1555;1160;1148;2308
PR;4107538;Entre Rios do Oeste;1031;649;960;688;1991;1337;1680;1648;3328
PR;4107546;Espigão Alto do Iguaçu;801;1817;771;1999;1572;3816;2618;2770;5388
PR;4107553;Farol;964;944;980;1075;1944;2019;1908;2055;3963
PR;4107603;Faxinal;6483;1423;6073;1629;12556;3052;7906;7702;15608
PR;4107652;Fazenda Rio Grande;29313;1779;29883;1902;59196;3681;31092;31785;62877
PR;4107702;Fênix;1960;529;1876;577;3836;1106;2489;2453;4942
PR;4107736;Fernandes Pinheiro;951;2111;1014;2292;1965;4403;3062;3306;6368
PR;4107751;Figueira;3800;649;3842;747;7642;1396;4449;4589;9038
PR;4107801;Floraí;2309;361;2202;413;4511;774;2670;2615;5285
PR;4107850;Flor da Serra do Sul;316;2172;274;2297;590;4469;2488;2571;5059
PR;4107900;Floresta;2172;355;2214;381;4386;736;2527;2595;5122
PR;4108007;Florestópolis;5036;882;5202;1070;10238;1952;5918;6272;12190
PR;4108106;Flórida;1082;119;1099;134;2181;253;1201;1233;2434
PR;4108205;Formosa do Oeste;2575;1762;2455;1963;5030;3725;4337;4418;8755
PR;4108304;Foz do Iguaçu;129873;931;126651;1088;256524;2019;130804;127739;258543
PR;4108320;Francisco Alves;2093;1366;2017;1480;4110;2846;3459;3497;6956
PR;4108403;Francisco Beltrão;28351;5868;26480;6433;54831;12301;34219;32913;67132
PR;4108452;Foz do Jordão;2128;991;2184;1075;4312;2066;3119;3259;6378
PR;4108502;General Carneiro;4392;2333;4511;2663;8903;4996;6725;7174;13899
PR;4108551;Godoy Moreira;739;1106;729;1262;1468;2368;1845;1991;3836
PR;4108601;Goioerê;12673;2501;11861;2715;24534;5216;15174;14576;29750
PR;4108650;Goioxim;886;2968;946;3286;1832;6254;3854;4232;8086
PR;4108700;Grandes Rios;1887;1869;1913;2199;3800;4068;3756;4112;7868
PR;4108809;Guaíra;12690;1770;12188;2011;24878;3781;14460;14199;28659
PR;4108908;Guairaçá;2092;838;2006;962;4098;1800;2930;2968;5898
PR;4108957;Guamiranga;781;2653;847;2853;1628;5506;3434;3700;7134
PR;4109005;Guapirama;1456;542;1461;609;2917;1151;1998;2070;4068
PR;4109104;Guaporema;496;611;474;663;970;1274;1107;1137;2244
PR;4109203;Guaraci;1931;502;1878;608;3809;1110;2433;2486;4919
PR;4109302;Guaraniaçu;4170;4296;3956;4779;8126;9075;8466;8735;17201
PR;4109401;Guarapuava;72617;6339;69077;7128;141694;13467;78956;76205;155161
PR;4109500;Guaraqueçaba;1268;2605;1314;3101;2582;5706;3873;4415;8288
PR;4109609;Guaratuba;11513;1876;11643;2225;23156;4101;13389;13868;27257
PR;4109658;Honório Serpa;692;2567;751;2886;1443;5453;3259;3637;6896
PR;4109708;Ibaiti;9968;3091;9739;3650;19707;6741;13059;13389;26448
PR;4109757;Ibema;2237;662;2201;772;4438;1434;2899;2973;5872
PR;4109807;Ibiporã;20045;1408;19096;1604;39141;3012;21453;20700;42153
PR;4109906;Icaraíma;3283;1640;3236;1889;6519;3529;4923;5125;10048
PR;4110003;Iguaraçu;1422;357;1392;427;2814;784;1779;1819;3598
PR;4110052;Iguatu;622;469;605;559;1227;1028;1091;1164;2255
PR;4110078;Imbaú;2692;1846;2791;2145;5483;3991;4538;4936;9474
PR;4110102;Imbituva;7263;4686;7518;5029;14781;9715;11949;12547;24496
PR;4110201;Inácio Martins;2041;3264;2037;3621;4078;6885;5305;5658;10963
PR;4110300;Inajá;1110;293;1195;317;2305;610;1403;1512;2915
PR;4110409;Indianópolis;1228;855;1207;922;2435;1777;2083;2129;4212
PR;4110508;Ipiranga;2049;4353;1947;4959;3996;9312;6402;6906;13308
PR;4110607;Iporã;5867;2364;5641;2573;11508;4937;8231;8214;16445
PR;4110656;Iracema do Oeste;1048;372;1083;448;2131;820;1420;1531;2951
PR;4110706;Irati;20182;6198;19124;6848;39306;13046;26380;25972;52352
PR;4110805;Iretama;3101;2428;3055;2751;6156;5179;5529;5806;11335
PR;4110904;Itaguajé;1846;576;1740;609;3586;1185;2422;2349;4771
PR;4110953;Itaipulândia;1882;1417;1875;1662;3757;3079;3299;3537;6836
PR;4111001;Itambaracá;2618;858;2685;929;5303;1787;3476;3614;7090
PR;4111100;Itambé;2737;274;2641;304;5378;578;3011;2945;5956
PR;4111209;Itapejara d'Oeste;2532;2019;2429;2182;4961;4201;4551;4611;9162
PR;4111258;Itaperuçu;8083;1492;8151;1618;16234;3110;9575;9769;19344
PR;4111308;Itaúna do Sul;1394;779;1396;878;2790;1657;2173;2274;4447
PR;4111407;Ivaí;1857;3848;1851;4343;3708;8191;5705;6194;11899
PR;4111506;Ivaiporã;13320;3029;12569;3352;25889;6381;16349;15921;32270
PR;4111555;Ivaté;2009;1415;1962;1539;3971;2954;3424;3501;6925
PR;4111605;Ivatuba;1010;439;916;431;1926;870;1449;1347;2796
PR;4111704;Jaboti;1315;916;1326;1033;2641;1949;2231;2359;4590
PR;4111803;Jacarezinho;17215;2920;16300;3190;33515;6110;20135;19490;39625
PR;4111902;Jaguapitã;4399;1038;4334;1161;8733;2199;5437;5495;10932
PR;4112009;Jaguariaíva;12995;2440;12626;2719;25621;5159;15435;15345;30780
PR;4112108;Jandaia do Sul;8817;1224;8262;1373;17079;2597;10041;9635;19676
PR;4112207;Janiópolis;2210;1764;2158;1952;4368;3716;3974;4110;8084
PR;4112306;Japira;1137;1215;1190;1359;2327;2574;2352;2549;4901
PR;4112405;Japurá;3041;748;3059;907;6100;1655;3789;3966;7755
PR;4112504;Jardim Alegre;3631;3005;3503;3534;7134;6539;6636;7037;13673
PR;4112603;Jardim Olinda;497;272;499;255;996;527;769;754;1523
PR;4112702;Jataizinho;5204;474;5113;536;10317;1010;5678;5649;11327
PR;4112751;Jesuítas;2720;2094;2688;2330;5408;4424;4814;5018;9832
PR;4112801;Joaquim Távora;3581;1285;3391;1404;6972;2689;4866;4795;9661
PR;4112900;Jundiaí do Sul;1156;654;1110;739;2266;1393;1810;1849;3659
PR;4112959;Juranda;2862;1103;2902;1267;5764;2370;3965;4169;8134
PR;4113007;Jussara;2647;498;2609;545;5256;1043;3145;3154;6299
PR;4113106;Kaloré;1516;934;1539;1055;3055;1989;2450;2594;5044
PR;4113205;Lapa;12250;8408;11820;9360;24070;17768;20658;21180;41838
PR;4113254;Laranjal;737;2643;773;2968;1510;5611;3380;3741;7121
PR;4113304;Laranjeiras do Sul;12195;3104;11367;3359;23562;6463;15299;14726;30025
PR;4113403;Leópolis;1234;980;1161;1065;2395;2045;2214;2226;4440
PR;4113429;Lidianópolis;944;1411;897;1531;1841;2942;2355;2428;4783
PR;4113452;Lindoeste;1153;1742;1229;2100;2382;3842;2895;3329;6224
PR;4113502;Loanda;8696;1232;8252;1369;16948;2601;9928;9621;19549
PR;4113601;Lobato;1646;334;1720;364;3366;698;1980;2084;4064
PR;4113700;Londrina;224768;6481;208601;7215;433369;13696;231249;215816;447065
PR;4113734;Luiziana;2047;1592;2091;1810;4138;3402;3639;3901;7540
PR;4113759;Lunardelli;1329;1395;1375;1569;2704;2964;2724;2944;5668
PR;4113809;Lupionópolis;1831;361;1724;407;3555;768;2192;2131;4323
PR;4113908;Mallet;3459;2611;3403;3129;6862;5740;6070;6532;12602
PR;4114005;Mamborê;4529;2931;4485;3211;9014;6142;7460;7696;15156
PR;4114104;Mandaguaçu;7132;1287;6981;1428;14113;2715;8419;8409;16828
PR;4114203;Mandaguari;14438;1428;13843;1686;28281;3114;15866;15529;31395
PR;4114302;Mandirituba;3091;5440;3177;5832;6268;11272;8531;9009;17540
PR;4114351;Manfrinópolis;211;1561;237;1793;448;3354;1772;2030;3802
PR;4114401;Mangueirinha;3337;5470;3113;5840;6450;11310;8807;8953;17760
PR;4114500;Manoel Ribas;3326;3164;3214;3362;6540;6526;6490;6576;13066
PR;4114609;Marechal Cândido Rondon;16020;4710;15226;5051;31246;9761;20730;20277;41007
PR;4114708;Maria Helena;1388;1759;1331;1906;2719;3665;3147;3237;6384
PR;4114807;Marialva;11223;3080;10890;3509;22113;6589;14303;14399;28702
PR;4114906;Marilândia do Sul;3035;1414;3054;1568;6089;2982;4449;4622;9071
PR;4115002;Marilena;2024;1229;2023;1480;4047;2709;3253;3503;6756
PR;4115101;Mariluz;4170;941;4085;1100;8255;2041;5111;5185;10296
PR;4115200;Maringá;147871;2268;136107;2407;283978;4675;150139;138514;288653
PR;4115309;Mariópolis;1961;1104;1810;1142;3771;2246;3065;2952;6017
PR;4115358;Maripá;1544;1408;1457;1480;3001;2888;2952;2937;5889
PR;4115408;Marmeleiro;3692;3103;3476;3394;7168;6497;6795;6870;13665
PR;4115457;Marquinho;292;2420;276;2671;568;5091;2712;2947;5659
PR;4115507;Marumbi;1673;583;1707;649;3380;1232;2256;2356;4612
PR;4115606;Matelândia;5186;2026;4965;2167;10151;4193;7212;7132;14344
PR;4115705;Matinhos;11948;77;12052;107;24000;184;12025;12159;24184
PR;4115739;Mato Rico;328;1764;324;2080;652;3844;2092;2404;4496
PR;4115754;Mauá da Serra;2598;548;2746;579;5344;1127;3146;3325;6471
PR;4115804;Medianeira;16937;2247;16309;2334;33246;4581;19184;18643;37827
PR;4115853;Mercedes;782;1514;714;1598;1496;3112;2296;2312;4608
PR;4115903;Mirador;800;444;776;480;1576;924;1244;1256;2500
PR;4116000;Miraselva;664;329;642;326;1306;655;993;968;1961
PR;4116059;Missal;2519;2603;2453;2858;4972;5461;5122;5311;10433
PR;4116109;Moreira Sales;4721;1920;4662;2092;9383;4012;6641;6754;13395
PR;4116208;Morretes;3583;3838;3570;4284;7153;8122;7421;7854;15275
PR;4116307;Munhoz de Melo;1260;418;1267;456;2527;874;1678;1723;3401
PR;4116406;Nossa Senhora das Graças;1412;463;1436;522;2848;985;1875;1958;3833
PR;4116505;Nova Aliança do Ivaí;449;206;455;228;904;434;655;683;1338
PR;4116604;Nova América da Colina;1196;539;1205;645;2401;1184;1735;1850;3585
PR;4116703;Nova Aurora;4611;2226;4450;2354;9061;4580;6837;6804;13641
PR;4116802;Nova Cantu;2001;2816;1915;3182;3916;5998;4817;5097;9914
PR;4116901;Nova Esperança;11199;1849;10586;2095;21785;3944;13048;12681;25729
PR;4116950;Nova Esperança do Sudoeste;606;1904;618;2130;1224;4034;2510;2748;5258
PR;4117008;Nova Fátima;3308;817;3283;897;6591;1714;4125;4180;8305
PR;4117057;Nova Laranjeiras;923;4774;890;5112;1813;9886;5697;6002;11699
PR;4117107;Nova Londrina;5892;728;5712;837;11604;1565;6620;6549;13169
PR;4117206;Nova Olímpia;2199;457;2126;498;4325;955;2656;2624;5280
PR;4117214;Nova Santa Bárbara;1477;336;1394;404;2871;740;1813;1798;3611
PR;4117222;Nova Santa Rosa;1987;1596;1910;1632;3897;3228;3583;3542;7125
PR;4117255;Nova Prata do Iguaçu;2719;2419;2592;2667;5311;5086;5138;5259;10397
PR;4117271;Nova Tebas;1539;2957;1625;3355;3164;6312;4496;4980;9476
PR;4117297;Novo Itacolomi;601;749;657;859;1258;1608;1350;1516;2866
PR;4117305;Ortigueira;4221;7897;4142;8956;8363;16853;12118;13098;25216
PR;4117404;Ourizona;1380;317;1340;359;2720;676;1697;1699;3396
PR;4117453;Ouro Verde do Oeste;1665;973;1718;1116;3383;2089;2638;2834;5472
PR;4117503;Paiçandu;14907;540;14715;602;29622;1142;15447;15317;30764
PR;4117602;Palmas;16075;1608;15336;1800;31411;3408;17683;17136;34819
PR;4117701;Palmeira;8831;6457;8437;7122;17268;13579;15288;15559;30847
PR;4117800;Palmital;3723;4684;3447;5104;7170;9788;8407;8551;16958
PR;4117909;Palotina;10605;2502;10135;2529;20740;5031;13107;12664;25771
PR;4118006;Paraíso do Norte;4373;494;4347;525;8720;1019;4867;4872;9739
PR;4118105;Paranacity;3711;863;3615;920;7326;1783;4574;4535;9109
PR;4118204;Paranaguá;61597;2303;60750;2689;122347;4992;63900;63439;127339
PR;4118303;Paranapoema;1054;110;1105;124;2159;234;1164;1229;2393
PR;4118402;Paranavaí;36558;2606;33771;2815;70329;5421;39164;36586;75750
PR;4118451;Pato Bragado;1208;832;1135;874;2343;1706;2040;2009;4049
PR;4118501;Pato Branco;29531;2631;27274;2798;56805;5429;32162;30072;62234
PR;4118600;Paula Freitas;1094;1328;1106;1532;2200;2860;2422;2638;5060
PR;4118709;Paulo Frontin;912;2190;840;2623;1752;4813;3102;3463;6565
PR;4118808;Peabiru;5447;1425;5044;1571;10491;2996;6872;6615;13487
PR;4118857;Perobal;1345;1261;1281;1404;2626;2665;2606;2685;5291
PR;4118907;Pérola;3410;1293;3208;1371;6618;2664;4703;4579;9282
PR;4119004;Pérola d'Oeste;1412;2185;1308;2449;2720;4634;3597;3757;7354
PR;4119103;Piên;1365;3308;1518;3607;2883;6915;4673;5125;9798
PR;4119152;Pinhais;51140;1023;49586;1236;100726;2259;52163;50822;102985
PR;4119202;Pinhalão;1744;1262;1788;1423;3532;2685;3006;3211;6217
PR;4119251;Pinhal de São Bento;370;868;367;955;737;1823;1238;1322;2560
PR;4119301;Pinhão;7026;7011;6708;7663;13734;14674;14037;14371;28408
PR;4119400;Piraí do Sul;7567;3346;7057;3677;14624;7023;10913;10734;21647
PR;4119509;Piraquara;16955;18269;16874;20788;33829;39057;35224;37662;72886
PR;4119608;Pitanga;9433;8283;8906;9239;18339;17522;17716;18145;35861
PR;4119657;Pitangueiras;775;371;866;406;1641;777;1146;1272;2418
PR;4119707;Planaltina do Paraná;1281;673;1268;770;2549;1443;1954;2038;3992
PR;4119806;Planalto;2514;4407;2300;4901;4814;9308;6921;7201;14122
PR;4119905;Ponta Grossa;137160;3259;129523;3674;266683;6933;140419;133197;273616
PR;4119954;Pontal do Paraná;6882;96;7267;78;14149;174;6978;7345;14323
PR;4120002;Porecatu;6300;1721;6072;1788;12372;3509;8021;7860;15881
PR;4120101;Porto Amazonas;1331;754;1397;754;2728;1508;2085;2151;4236
PR;4120150;Porto Barreiro;204;1769;208;2025;412;3794;1973;2233;4206
PR;4120200;Porto Rico;823;430;818;479;1641;909;1253;1297;2550
PR;4120309;Porto Vitória;1069;869;1147;966;2216;1835;1938;2113;4051
PR;4120333;Prado Ferreira;1175;375;1196;406;2371;781;1550;1602;3152
PR;4120358;Pranchita;1594;1520;1566;1580;3160;3100;3114;3146;6260
PR;4120408;Presidente Castelo Branco;1597;498;1650;560;3247;1058;2095;2210;4305
PR;4120507;Primeiro de Maio;4901;474;4827;526;9728;1000;5375;5353;10728
PR;4120606;Prudentópolis;9429;13169;8847;14901;18276;28070;22598;23748;46346
PR;4120655;Quarto Centenário;1333;1269;1352;1379;2685;2648;2602;2731;5333
PR;4120705;Quatiguá;3016;395;2913;418;5929;813;3411;3331;6742
PR;4120804;Quatro Barras;7263;758;7257;883;14520;1641;8021;8140;16161
PR;4120853;Quatro Pontes;923;925;871;927;1794;1852;1848;1798;3646
PR;4120903;Quedas do Iguaçu;9791;3563;9835;4175;19626;7738;13354;14010;27364
PR;4121000;Querência do Norte;3439;2079;3568;2352;7007;4431;5518;5920;11438
PR;4121109;Quinta do Sol;1753;1087;1701;1218;3454;2305;2840;2919;5759
PR;4121208;Quitandinha;1518;5765;1528;6461;3046;12226;7283;7989;15272
PR;4121257;Ramilândia;872;936;882;1178;1754;2114;1808;2060;3868
PR;4121307;Rancho Alegre;1765;335;1726;371;3491;706;2100;2097;4197
PR;4121356;Rancho Alegre D'Oeste;1032;510;1034;541;2066;1051;1542;1575;3117
PR;4121406;Realeza;5152;2919;4799;3153;9951;6072;8071;7952;16023
PR;4121505;Rebouças;3335;3326;3235;3767;6570;7093;6661;7002;13663
PR;4121604;Renascença;1516;1925;1412;2106;2928;4031;3441;3518;6959
PR;4121703;Reserva;4825;6735;4786;7631;9611;14366;11560;12417;23977
PR;4121752;Reserva do Iguaçu;1636;1533;1704;1805;3340;3338;3169;3509;6678
PR;4121802;Ribeirão Claro;3488;1909;3308;2198;6796;4107;5397;5506;10903
PR;4121901;Ribeirão do Pinhal;5442;1726;5233;1940;10675;3666;7168;7173;14341
PR;4122008;Rio Azul;2198;4003;2136;4686;4334;8689;6201;6822;13023
PR;4122107;Rio Bom;1028;647;1078;793;2106;1440;1675;1871;3546
PR;4122156;Rio Bonito do Iguaçu;956;5420;922;6493;1878;11913;6376;7415;13791
PR;4122172;Rio Branco do Ivaí;474;1382;451;1451;925;2833;1856;1902;3758
PR;4122206;Rio Branco do Sul;9912;4286;10137;5006;20049;9292;14198;15143;29341
PR;4122305;Rio Negro;11554;2900;10906;3350;22460;6250;14454;14256;28710
PR;4122404;Rolândia;22783;2245;21867;2515;44650;4760;25028;24382;49410
PR;4122503;Roncador;3459;3182;3367;3624;6826;6806;6641;6991;13632
PR;4122602;Rondon;2952;1229;2880;1466;5832;2695;4181;4346;8527
PR;4122651;Rosário do Ivaí;1164;2081;1105;2235;2269;4316;3245;3340;6585
PR;4122701;Sabáudia;1987;651;2049;726;4036;1377;2638;2775;5413
PR;4122800;Salgado Filho;1064;1486;1094;1694;2158;3180;2550;2788;5338
PR;4122909;Salto do Itararé;1702;1019;1717;1111;3419;2130;2721;2828;5549
PR;4123006;Salto do Lontra;2896;3419;2706;3736;5602;7155;6315;6442;12757
PR;4123105;Santa Amélia;1453;696;1497;761;2950;1457;2149;2258;4407
PR;4123204;Santa Cecília do Pavão;1525;492;1477;570;3002;1062;2017;2047;4064
PR;4123303;Santa Cruz de Monte Castelo;2869;1378;2782;1549;5651;2927;4247;4331;8578
PR;4123402;Santa Fé;3718;774;3546;832;7264;1606;4492;4378;8870
PR;4123501;Santa Helena;5075;5192;4743;5481;9818;10673;10267;10224;20491
PR;4123600;Santa Inês;605;422;588;484;1193;906;1027;1072;2099
PR;4123709;Santa Isabel do Ivaí;3445;1140;3326;1243;6771;2383;4585;4569;9154
PR;4123808;Santa Izabel do Oeste;2910;2926;2785;3090;5695;6016;5836;5875;11711
PR;4123824;Santa Lúcia;1078;915;1106;1027;2184;1942;1993;2133;4126
PR;4123857;Santa Maria do Oeste;1635;5046;1540;5418;3175;10464;6681;6958;13639
PR;4123907;Santa Mariana;4431;2304;4237;2498;8668;4802;6735;6735;13470
PR;4123956;Santa Mônica;640;892;695;963;1335;1855;1532;1658;3190
PR;4124004;Santana do Itararé;1732;1009;1733;1164;3465;2173;2741;2897;5638
PR;4124020;Santa Tereza do Oeste;3775;1572;3759;1648;7534;3220;5347;5407;10754
PR;4124053;Santa Terezinha de Itaipu;8265;972;8034;1097;16299;2069;9237;9131;18368
PR;4124103;Santo Antônio da Platina;16773;3451;15844;3875;32617;7326;20224;19719;39943
PR;4124202;Santo Antônio do Caiuá;1081;369;1037;391;2118;760;1450;1428;2878
PR;4124301;Santo Antônio do Paraíso;848;501;870;571;1718;1072;1349;1441;2790
PR;4124400;Santo Antônio do Sudoeste;5589;3351;5225;3705;10814;7056;8940;8930;17870
PR;4124509;Santo Inácio;1977;596;1983;632;3960;1228;2573;2615;5188
PR;4124608;São Carlos do Ivaí;2562;311;2690;341;5252;652;2873;3031;5904
PR;4124707;São Jerônimo da Serra;2685;3015;2646;3404;5331;6419;5700;6050;11750
PR;4124806;São João;2953;2636;2835;2783;5788;5419;5589;5618;11207
PR;4124905;São João do Caiuá;2579;458;2491;563;5070;1021;3037;3054;6091
PR;4125001;São João do Ivaí;4825;1822;4543;2006;9368;3828;6647;6549;13196
PR;4125100;São João do Triunfo;1728;4125;1775;4790;3503;8915;5853;6565;12418
PR;4125209;São Jorge d'Oeste;2343;2295;2168;2501;4511;4796;4638;4669;9307
PR;4125308;São Jorge do Ivaí;2305;492;2253;540;4558;1032;2797;2793;5590
PR;4125357;São Jorge do Patrocínio;1483;1710;1424;1987;2907;3697;3193;3411;6604
PR;4125407;São José da Boa Vista;1737;1610;1764;1867;3501;3477;3347;3631;6978
PR;4125456;São José das Palmeiras;1146;878;1113;965;2259;1843;2024;2078;4102
PR;4125506;São José dos Pinhais;91923;9981;91443;10969;183366;20950;101904;102412;204316
PR;4125555;São Manoel do Paraná;503;496;500;573;1003;1069;999;1073;2072
PR;4125605;São Mateus do Sul;10777;7327;10354;8111;21131;15438;18104;18465;36569
PR;4125704;São Miguel do Iguaçu;7194;4881;7066;5291;14260;10172;12075;12357;24432
PR;4125753;São Pedro do Iguaçu;1959;1552;2044;1722;4003;3274;3511;3766;7277
PR;4125803;São Pedro do Ivaí;3864;832;3866;911;7730;1743;4696;4777;9473
PR;4125902;São Pedro do Paraná;757;568;735;678;1492;1246;1325;1413;2738
PR;4126009;São Sebastião da Amoreira;3412;922;3205;1009;6617;1931;4334;4214;8548
PR;4126108;São Tomé;1894;606;1850;695;3744;1301;2500;2545;5045
PR;4126207;Sapopema;1546;1695;1637;1994;3183;3689;3241;3631;6872
PR;4126256;Sarandi;34960;905;34533;1024;69493;1929;35865;35557;71422
PR;4126272;Saudade do Iguaçu;987;1256;1000;1365;1987;2621;2243;2365;4608
PR;4126306;Sengés;6439;2051;6914;2374;13353;4425;8490;9288;17778
PR;4126355;Serranópolis do Iguaçu;976;1375;952;1437;1928;2812;2351;2389;4740
PR;4126405;Sertaneja;2754;499;2722;546;5476;1045;3253;3268;6521
PR;4126504;Sertanópolis;6451;1167;6158;1371;12609;2538;7618;7529;15147
PR;4126603;Siqueira Campos;6040;1995;5728;2237;11768;4232;8035;7965;16000
PR;4126652;Sulina;613;1295;582;1428;1195;2723;1908;2010;3918
PR;4126678;Tamarana;2377;2335;2342;2659;4719;4994;4712;5001;9713
PR;4126702;Tamboara;1715;415;1669;456;3384;871;2130;2125;4255
PR;4126801;Tapejara;5261;1255;5251;1353;10512;2608;6516;6604;13120
PR;4126900;Tapira;1692;1458;1607;1525;3299;2983;3150;3132;6282
PR;4127007;Teixeira Soares;1883;2118;1902;2289;3785;4407;4001;4191;8192
PR;4127106;Telêmaco Borba;29814;1410;28540;1474;58354;2884;31224;30014;61238
PR;4127205;Terra Boa;5640;1605;5537;1858;11177;3463;7245;7395;14640
PR;4127304;Terra Rica;5333;1581;5183;1700;10516;3281;6914;6883;13797
PR;4127403;Terra Roxa;5697;2486;5345;2772;11042;5258;8183;8117;16300
PR;4127502;Tibagi;5148;3768;5131;4387;10279;8155;8916;9518;18434
PR;4127601;Tijucas do Sul;914;4880;932;5534;1846;10414;5794;6466;12260
PR;4127700;Toledo;43695;5956;42225;6324;85920;12280;49651;48549;98200
PR;4127809;Tomazina;2189;2651;2097;2994;4286;5645;4840;5091;9931
PR;4127858;Três Barras do Paraná;2517;3319;2414;3572;4931;6891;5836;5986;11822
PR;4127882;Tunas do Paraná;689;1002;732;1188;1421;2190;1691;1920;3611
PR;4127908;Tuneiras do Oeste;2556;1777;2608;2072;5164;3849;4333;4680;9013
PR;4127957;Tupãssi;2740;1284;2680;1314;5420;2598;4024;3994;8018
PR;4127965;Turvo;2090;4950;2089;5401;4179;10351;7040;7490;14530
PR;4128005;Ubiratã;9143;2391;8490;2569;17633;4960;11534;11059;22593
PR;4128104;Umuarama;42512;3830;40113;4235;82625;8065;46342;44348;90690
PR;4128203;União da Vitória;23433;1362;22158;1569;45591;2931;24795;23727;48522
PR;4128302;Uniflor;817;344;841;360;1658;704;1161;1201;2362
PR;4128401;Uraí;4714;1267;4448;1447;9162;2714;5981;5895;11876
PR;4128500;Wenceslau Braz;7604;2186;7275;2494;14879;4680;9790;9769;19559
PR;4128534;Ventania;2594;1258;2763;1409;5357;2667;3852;4172;8024
PR;4128559;Vera Cruz do Oeste;3540;1301;3426;1384;6966;2685;4841;4810;9651
PR;4128609;Verê;1555;2719;1474;2973;3029;5692;4274;4447;8721
PR;4128625;Vila Alta;916;936;922;1009;1838;1945;1852;1931;3783
PR;4128633;Doutor Ulysses;356;2478;345;2824;701;5302;2834;3169;6003
PR;4128658;Virmond;668;1221;731;1329;1399;2550;1889;2060;3949
PR;4128708;Vitorino;1643;1510;1547;1585;3190;3095;3153;3132;6285
PR;4128807;Xambrê;970;2245;905;2380;1875;4625;3215;3285;6500
PR;4199919;Assunguy de Cima;;;;;;;;;
PR;4199929;Conchas;;;;;;;;;
PR;4199939;Palmira;;;;;;;;;
PR;4199949;Porto de Cima;;;;;;;;;
RJ;3300100;Angra dos Reis;56752;2406;57548;2541;114300;4947;59158;60089;119247
RJ;3300159;Aperibé;3495;560;3347;616;6842;1176;4055;3963;8018
RJ;3300209;Araruama;38216;3759;36872;3956;75088;7715;41975;40828;82803
RJ;3300225;Areal;4545;449;4409;496;8954;945;4994;4905;9899
RJ;3300233;Armação dos Búzios;8922;;9282;;18204;;8922;9282;18204
RJ;3300258;Arraial do Cabo;11905;;11972;;23877;;11905;11972;23877
RJ;3300308;Barra do Piraí;44318;1730;40498;1957;84816;3687;46048;42455;88503
RJ;3300407;Barra Mansa;84998;2683;80136;2936;165134;5619;87681;83072;170753
RJ;3300456;Belford Roxo;223189;;211285;;434474;;223189;211285;434474
RJ;3300506;Bom Jardim;5806;5339;5511;5995;11317;11334;11145;11506;22651
RJ;3300605;Bom Jesus do Itabapoana;14243;2954;13182;3276;27425;6230;17197;16458;33655
RJ;3300704;Cabo Frio;53718;10077;52519;10514;106237;20591;63795;63033;126828
RJ;3300803;Cachoeiras de Macacu;20585;3512;20532;3914;41117;7426;24097;24446;48543
RJ;3300902;Cambuci;4960;2258;4986;2466;9946;4724;7218;7452;14670
RJ;3300936;Carapebus;3366;841;3509;950;6875;1791;4207;4459;8666
RJ;3300951;Comendador Levy Gasparian;3680;281;3630;333;7310;614;3961;3963;7924
RJ;3301009;Campos dos Goytacazes;189412;20866;174765;21946;364177;42812;210278;196711;406989
RJ;3301108;Cantagalo;6991;2933;6707;3204;13698;6137;9924;9911;19835
RJ;3301157;Cardoso Moreira;4113;2195;3928;2359;8041;4554;6308;6287;12595
RJ;3301207;Carmo;5733;1911;5323;2322;11056;4233;7644;7645;15289
RJ;3301306;Casimiro de Abreu;9334;1749;9003;2066;18337;3815;11083;11069;22152
RJ;3301405;Conceição de Macabu;8373;1015;8169;1225;16542;2240;9388;9394;18782
RJ;3301504;Cordeiro;9156;380;8600;465;17756;845;9536;9065;18601
RJ;3301603;Duas Barras;3013;2006;3010;2305;6023;4311;5019;5315;10334
RJ;3301702;Duque de Caxias;398254;1470;374073;1659;772327;3129;399724;375732;775456
RJ;3301801;Engenheiro Paulo de Frontin;4495;1648;4271;1750;8766;3398;6143;6021;12164
RJ;3301850;Guapimirim;12932;6076;12661;6283;25593;12359;19008;18944;37952
RJ;3301876;Iguaba Grande;7631;;7458;;15089;;7631;7458;15089
RJ;3301900;Itaboraí;89796;4994;87464;5225;177260;10219;94790;92689;187479
RJ;3302007;Itaguaí;39638;1754;38570;2041;78208;3795;41392;40611;82003
RJ;3302056;Italva;4554;1848;4287;1932;8841;3780;6402;6219;12621
RJ;3302106;Itaocara;8242;3394;7686;3681;15928;7075;11636;11367;23003
RJ;3302205;Itaperuna;40004;4421;37374;4921;77378;9342;44425;42295;86720
RJ;3302254;Itatiaia;6018;6443;5710;6568;11728;13011;12461;12278;24739
RJ;3302270;Japeri;41977;;41301;;83278;;41977;41301;83278
RJ;3302304;Laje do Muriaé;2911;1052;2713;1233;5624;2285;3963;3946;7909
RJ;3302403;Macaé;63937;3001;62070;3453;126007;6454;66938;65523;132461
RJ;3302452;Macuco;2052;485;1873;476;3925;961;2537;2349;4886
RJ;3302502;Magé;98725;5788;95126;6191;193851;11979;104513;101317;205830
RJ;3302601;Mangaratiba;9881;2398;9979;2643;19860;5041;12279;12622;24901
RJ;3302700;Maricá;31839;6613;31560;6725;63399;13338;38452;38285;76737
RJ;3302809;Mendes;8835;87;8288;79;17123;166;8922;8367;17289
RJ;3302858;Mesquita;;;;;;;;;
RJ;3302908;Miguel Pereira;10554;1815;9527;2006;20081;3821;12369;11533;23902
RJ;3303005;Miracema;12451;1432;11593;1588;24044;3020;13883;13181;27064
RJ;3303104;Natividade;6046;1573;5695;1811;11741;3384;7619;7506;15125
RJ;3303203;Nilópolis;81149;;72563;;153712;;81149;72563;153712
RJ;3303302;Niterói;245467;;213984;;459451;;245467;213984;459451
RJ;3303401;Nova Friburgo;78882;10255;72969;11312;151851;21567;89137;84281;173418
RJ;3303500;Nova Iguaçu;474990;;445609;;920599;;474990;445609;920599
RJ;3303609;Paracambi;18799;1755;18069;1852;36868;3607;20554;19921;40475
RJ;3303708;Paraíba do Sul;16986;2283;15702;2439;32688;4722;19269;18141;37410
RJ;3303807;Parati;7137;7341;6929;8137;14066;15478;14478;15066;29544
RJ;3303856;Paty do Alferes;8637;3906;8119;4269;16756;8175;12543;12388;24931
RJ;3303906;Petrópolis;140585;7838;130086;8028;270671;15866;148423;138114;286537
RJ;3303955;Pinheiral;8963;831;8709;978;17672;1809;9794;9687;19481
RJ;3304003;Piraí;9233;1884;8837;2164;18070;4048;11117;11001;22118
RJ;3304102;Porciúncula;6210;1844;5808;2090;12018;3934;8054;7898;15952
RJ;3304110;Porto Real;5669;335;5719;372;11388;707;6004;6091;12095
RJ;3304128;Quatis;4718;594;4694;724;9412;1318;5312;5418;10730
RJ;3304144;Queimados;62489;;59504;;121993;;62489;59504;121993
RJ;3304151;Quissamã;3872;2875;3827;3100;7699;5975;6747;6927;13674
RJ;3304201;Resende;49306;4073;46657;4513;95963;8586;53379;51170;104549
RJ;3304300;Rio Bonito;16674;8142;15776;9099;32450;17241;24816;24875;49691
RJ;3304409;Rio Claro;5823;2126;5793;2486;11616;4612;7949;8279;16228
RJ;3304508;Rio das Flores;2783;1078;2581;1183;5364;2261;3861;3764;7625
RJ;3304524;Rio das Ostras;17430;855;17122;1012;34552;1867;18285;18134;36419
RJ;3304557;Rio de Janeiro;3109761;;2748143;;5857904;;3109761;2748143;5857904
RJ;3304607;Santa Maria Madalena;2829;2306;2701;2640;5530;4946;5135;5341;10476
RJ;3304706;Santo Antônio de Pádua;15021;4430;14394;4847;29415;9277;19451;19241;38692
RJ;3304755;São Francisco de Itabapoana;9498;10446;9730;11471;19228;21917;19944;21201;41145
RJ;3304805;São Fidélis;13889;4822;12624;5454;26513;10276;18711;18078;36789
RJ;3304904;São Gonçalo;461715;;429404;;891119;;461715;429404;891119
RJ;3305000;São João da Barra;9977;3892;9654;4159;19631;8051;13869;13813;27682
RJ;3305109;São João de Meriti;233462;;216014;;449476;;233462;216014;449476
RJ;3305133;São José de Ubá;1175;1928;1151;2159;2326;4087;3103;3310;6413
RJ;3305158;São José do Vale do Rio Preto;4535;5073;4472;5198;9007;10271;9608;9670;19278
RJ;3305208;São Pedro da Aldeia;26162;5434;25979;5652;52141;11086;31596;31631;63227
RJ;3305307;São Sebastião do Alto;1855;2264;1822;2461;3677;4725;4119;4283;8402
RJ;3305406;Sapucaia;6269;2342;5892;2654;12161;4996;8611;8546;17157
RJ;3305505;Saquarema;25274;968;25148;1071;50422;2039;26242;26219;52461
RJ;3305554;Seropédica;26408;6602;25489;6761;51897;13363;33010;32250;65260
RJ;3305604;Silva Jardim;7143;3240;7072;3810;14215;7050;10383;10882;21265
RJ;3305703;Sumidouro;1195;5686;1139;6156;2334;11842;6881;7295;14176
RJ;3305752;Tanguá;11261;1731;11187;1878;22448;3609;12992;13065;26057
RJ;3305802;Teresópolis;59978;10992;55220;11891;115198;22883;70970;67111;138081
RJ;3305901;Trajano de Morais;1857;3023;1827;3331;3684;6354;4880;5158;10038
RJ;3306008;Três Rios;34960;2211;32387;2418;67347;4629;37171;34805;71976
RJ;3306107;Valença;30019;4303;27304;4682;57323;8985;34322;31986;66308
RJ;3306156;Varre-Sai;2068;1751;2064;1971;4132;3722;3819;4035;7854
RJ;3306206;Vassouras;10569;5692;9317;5873;19886;11565;16261;15190;31451
RJ;3306305;Volta Redonda;125298;25;116698;42;241996;67;125323;116740;242063
RJ;3399919;Sâo João Marcos;;;;;;;;;
RJ;3399929;São Sebastião do Parahyba;;;;;;;;;
RN;2400109;Acari;4600;1119;4241;1229;8841;2348;5719;5470;11189
RN;2400208;Açu;17999;6326;16646;6933;34645;13259;24325;23579;47904
RN;2400307;Afonso Bezerra;3378;2088;3122;2279;6500;4367;5466;5401;10867
RN;2400406;Água Nova;837;500;793;548;1630;1048;1337;1341;2678
RN;2400505;Alexandria;4674;2298;4216;2584;8890;4882;6972;6800;13772
RN;2400604;Almino Afonso;1684;888;1691;932;3375;1820;2572;2623;5195
RN;2400703;Alto do Rodrigues;3257;1402;3225;1615;6482;3017;4659;4840;9499
RN;2400802;Angicos;4837;1057;4554;1178;9391;2235;5894;5732;11626
RN;2400901;Antônio Martins;1614;1718;1543;1882;3157;3600;3332;3425;6757
RN;2401008;Apodi;8498;8522;7855;9299;16353;17821;17020;17154;34174
RN;2401107;Areia Branca;9194;2269;8667;2400;17861;4669;11463;11067;22530
RN;2401206;Arês;3358;2220;3403;2342;6761;4562;5578;5745;11323
RN;2401305;Augusto Severo;2412;2038;2258;2316;4670;4354;4450;4574;9024
RN;2401404;Baía Formosa;3165;688;3204;764;6369;1452;3853;3968;7821
RN;2401453;Baraúna;6013;3266;5952;3691;11965;6957;9279;9643;18922
RN;2401503;Barcelona;797;1117;802;1274;1599;2391;1914;2076;3990
RN;2401602;Bento Fernandes;1011;1230;1033;1435;2044;2665;2241;2468;4709
RN;2401651;Bodó;612;734;618;811;1230;1545;1346;1429;2775
RN;2401701;Bom Jesus;3213;1098;3062;1235;6275;2333;4311;4297;8608
RN;2401800;Brejinho;3692;1401;3652;1572;7344;2973;5093;5224;10317
RN;2401859;Caiçara do Norte;2718;129;2819;176;5537;305;2847;2995;5842
RN;2401909;Caiçara do Rio do Vento;984;429;938;516;1922;945;1413;1454;2867
RN;2402006;Caicó;26569;2977;24055;3401;50624;6378;29546;27456;57002
RN;2402105;Campo Redondo;2491;2130;2331;2249;4822;4379;4621;4580;9201
RN;2402204;Canguaretama;8520;4930;8404;5157;16924;10087;13450;13561;27011
RN;2402303;Caraúbas;6443;3072;5861;3434;12304;6506;9515;9295;18810
RN;2402402;Carnaúba dos Dantas;2564;749;2471;788;5035;1537;3313;3259;6572
RN;2402501;Carnaubais;1119;3008;985;3080;2104;6088;4127;4065;8192
RN;2402600;Ceará-Mirim;15980;15288;14859;16297;30839;31585;31268;31156;62424
RN;2402709;Cerro Corá;2505;2931;2285;3118;4790;6049;5436;5403;10839
RN;2402808;Coronel Ezequiel;1144;1528;1068;1669;2212;3197;2672;2737;5409
RN;2402907;Coronel João Pessoa;946;1429;866;1462;1812;2891;2375;2328;4703
RN;2403004;Cruzeta;3138;1009;2839;1152;5977;2161;4147;3991;8138
RN;2403103;Currais Novos;18710;2452;16819;2810;35529;5262;21162;19629;40791
RN;2403202;Doutor Severiano;1151;2128;1110;2163;2261;4291;3279;3273;6552
RN;2403251;Parnamirim;56531;7626;52608;7925;109139;15551;64157;60533;124690
RN;2403301;Encanto;1129;1352;987;1330;2116;2682;2481;2317;4798
RN;2403400;Equador;2144;605;2180;735;4324;1340;2749;2915;5664
RN;2403509;Espírito Santo;2794;2422;2915;2584;5709;5006;5216;5499;10715
RN;2403608;Extremoz;6880;3041;6538;3113;13418;6154;9921;9651;19572
RN;2403707;Felipe Guerra;1640;1096;1636;1162;3276;2258;2736;2798;5534
RN;2403756;Fernando Pedroza;1154;170;1139;187;2293;357;1324;1326;2650
RN;2403806;Florânia;3296;1243;2973;1466;6269;2709;4539;4439;8978
RN;2403905;Francisco Dantas;797;678;774;772;1571;1450;1475;1546;3021
RN;2404002;Frutuoso Gomes;1403;897;1323;957;2726;1854;2300;2280;4580
RN;2404101;Galinhos;484;353;517;413;1001;766;837;930;1767
RN;2404200;Goianinha;6321;2520;6148;2672;12469;5192;8841;8820;17661
RN;2404309;Governador Dix-Sept Rosado;2974;2781;2930;3087;5904;5868;5755;6017;11772
RN;2404408;Grossos;3173;956;3102;1018;6275;1974;4129;4120;8249
RN;2404507;Guamaré;1819;2225;1780;2325;3599;4550;4044;4105;8149
RN;2404606;Ielmo Marinho;569;4420;554;4706;1123;9126;4989;5260;10249
RN;2404705;Ipanguaçu;2205;3617;2147;3955;4352;7572;5822;6102;11924
RN;2404804;Ipueira;789;150;751;212;1540;362;939;963;1902
RN;2404853;Itajá;2557;537;2571;584;5128;1121;3094;3155;6249
RN;2404903;Itaú;2123;584;1987;577;4110;1161;2707;2564;5271
RN;2405009;Jaçanã;2843;991;2766;1077;5609;2068;3834;3843;7677
RN;2405108;Jandaíra;1878;1055;1914;1277;3792;2332;2933;3191;6124
RN;2405207;Janduís;1907;847;1854;989;3761;1836;2754;2843;5597
RN;2405306;Januário Cicco;1354;2411;1257;2665;2611;5076;3765;3922;7687
RN;2405405;Japi;1874;1244;1909;1301;3783;2545;3118;3210;6328
RN;2405504;Jardim de Angicos;267;1009;277;1117;544;2126;1276;1394;2670
RN;2405603;Jardim de Piranhas;4561;1383;4437;1613;8998;2996;5944;6050;11994
RN;2405702;Jardim do Seridó;4854;1310;4443;1434;9297;2744;6164;5877;12041
RN;2405801;João Câmara;10289;4350;9667;4942;19956;9292;14639;14609;29248
RN;2405900;João Dias;607;697;582;710;1189;1407;1304;1292;2596
RN;2406007;José da Penha;1730;1287;1557;1334;3287;2621;3017;2891;5908
RN;2406106;Jucurutu;5348;3271;5040;3660;10388;6931;8619;8700;17319
RN;2406155;Jundiá;;;;;;;;;
RN;2406205;Lagoa d'Anta;1710;1052;1677;1190;3387;2242;2762;2867;5629
RN;2406304;Lagoa de Pedras;1064;2039;1082;2210;2146;4249;3103;3292;6395
RN;2406403;Lagoa de Velhos;799;508;778;566;1577;1074;1307;1344;2651
RN;2406502;Lagoa Nova;2934;3084;2754;3286;5688;6370;6018;6040;12058
RN;2406601;Lagoa Salgada;1685;1622;1730;1771;3415;3393;3307;3501;6808
RN;2406700;Lajes;4101;643;3869;786;7970;1429;4744;4655;9399
RN;2406809;Lajes Pintadas;1044;1177;1009;1300;2053;2477;2221;2309;4530
RN;2406908;Lucrécia;963;669;969;617;1932;1286;1632;1586;3218
RN;2407005;Luís Gomes;3077;1588;2830;1659;5907;3247;4665;4489;9154
RN;2407104;Macaíba;18400;9183;17641;9659;36041;18842;27583;27300;54883
RN;2407203;Macau;9673;3433;8939;3655;18612;7088;13106;12594;25700
RN;2407252;Major Sales;1146;352;1109;341;2255;693;1498;1450;2948
RN;2407302;Marcelino Vieira;2195;2072;1943;2163;4138;4235;4267;4106;8373
RN;2407401;Martins;2197;1764;1997;1767;4194;3531;3961;3764;7725
RN;2407500;Maxaranguape;1490;2381;1527;2603;3017;4984;3871;4130;8001
RN;2407609;Messias Targino;1458;379;1452;429;2910;808;1837;1881;3718
RN;2407708;Montanhas;4373;1517;4279;1779;8652;3296;5890;6058;11948
RN;2407807;Monte Alegre;3807;5483;3748;5836;7555;11319;9290;9584;18874
RN;2407906;Monte das Gameleiras;711;545;701;584;1412;1129;1256;1285;2541
RN;2408003;Mossoró;104115;6903;94966;7857;199081;14760;111018;102823;213841
RN;2408102;Natal;377962;;334355;;712317;;377962;334355;712317
RN;2408201;Nísia Floresta;4341;4978;4297;5424;8638;10402;9319;9721;19040
RN;2408300;Nova Cruz;11223;5997;10411;6203;21634;12200;17220;16614;33834
RN;2408409;Olho-d'Água do Borges;1594;597;1582;688;3176;1285;2191;2270;4461
RN;2408508;Ouro Branco;1505;787;1458;917;2963;1704;2292;2375;4667
RN;2408607;Paraná;332;1427;329;1545;661;2972;1759;1874;3633
RN;2408706;Paraú;1605;425;1552;510;3157;935;2030;2062;4092
RN;2408805;Parazinho;1503;633;1557;632;3060;1265;2136;2189;4325
RN;2408904;Parelhas;8020;1776;7586;1937;15606;3713;9796;9523;19319
RN;2408953;Rio do Fogo;1767;2766;1853;2831;3620;5597;4533;4684;9217
RN;2409100;Passa e Fica;2303;1877;2185;1964;4488;3841;4180;4149;8329
RN;2409209;Passagem;634;686;631;740;1265;1426;1320;1371;2691
RN;2409308;Patu;4626;1087;4222;1236;8848;2323;5713;5458;11171
RN;2409332;Santa Maria;1175;678;1176;749;2351;1427;1853;1925;3778
RN;2409407;Pau dos Ferros;11682;1155;10629;1292;22311;2447;12837;11921;24758
RN;2409506;Pedra Grande;639;1307;653;1418;1292;2725;1946;2071;4017
RN;2409605;Pedra Preta;380;975;368;1124;748;2099;1355;1492;2847
RN;2409704;Pedro Avelino;2594;1325;2452;1635;5046;2960;3919;4087;8006
RN;2409803;Pedro Velho;2925;3689;2888;4016;5813;7705;6614;6904;13518
RN;2409902;Pendências;4509;1207;4435;1250;8944;2457;5716;5685;11401
RN;2410009;Pilões;1106;390;1072;434;2178;824;1496;1506;3002
RN;2410108;Poço Branco;3455;2578;3420;2808;6875;5386;6033;6228;12261
RN;2410207;Portalegre;1567;1832;1416;1931;2983;3763;3399;3347;6746
RN;2410256;Porto do Mangue;1164;794;1121;985;2285;1779;1958;2106;4064
RN;2410306;Presidente Juscelino;1967;1398;1992;1648;3959;3046;3365;3640;7005
RN;2410405;Pureza;1297;2115;1240;2311;2537;4426;3412;3551;6963
RN;2410504;Rafael Fernandes;1118;988;1088;1053;2206;2041;2106;2141;4247
RN;2410603;Rafael Godeiro;846;582;906;619;1752;1201;1428;1525;2953
RN;2410702;Riacho da Cruz;1080;216;1089;282;2169;498;1296;1371;2667
RN;2410801;Riacho de Santana;838;1295;748;1319;1586;2614;2133;2067;4200
RN;2410900;Riachuelo;1823;1030;1808;1099;3631;2129;2853;2907;5760
RN;2411007;Rodolfo Fernandes;1932;328;1849;358;3781;686;2260;2207;4467
RN;2411056;Tibau;1325;242;1363;267;2688;509;1567;1630;3197
RN;2411106;Ruy Barbosa;693;1114;683;1196;1376;2310;1807;1879;3686
RN;2411205;Santa Cruz;13334;2726;12260;2974;25594;5700;16060;15234;31294
RN;2411403;Santana do Matos;3714;4246;3446;4581;7160;8827;7960;8027;15987
RN;2411429;Santana do Seridó;704;497;690;486;1394;983;1201;1176;2377
RN;2411502;Santo Antônio;6162;3900;5890;4155;12052;8055;10062;10045;20107
RN;2411601;São Bento do Norte;467;1130;458;1323;925;2453;1597;1781;3378
RN;2411700;São Bento do Trairí;852;756;792;844;1644;1600;1608;1636;3244
RN;2411809;São Fernando;760;837;719;918;1479;1755;1597;1637;3234
RN;2411908;São Francisco do Oeste;1242;494;1214;530;2456;1024;1736;1744;3480
RN;2412005;São Gonçalo do Amarante;4957;30249;4841;29388;9798;59637;35206;34229;69435
RN;2412104;São João do Sabugi;2159;693;1983;863;4142;1556;2852;2846;5698
RN;2412203;São José de Mipibu;8178;9386;7424;9924;15602;19310;17564;17348;34912
RN;2412302;São José do Campestre;4768;1251;4497;1466;9265;2717;6019;5963;11982
RN;2412401;São José do Seridó;1353;525;1306;593;2659;1118;1878;1899;3777
RN;2412500;São Miguel;6277;4311;5378;4158;11655;8469;10588;9536;20124
RN;2412559;São Miguel de Touros;1422;2186;1480;2492;2902;4678;3608;3972;7580
RN;2412609;São Paulo do Potengi;5063;1889;4836;2034;9899;3923;6952;6870;13822
RN;2412708;São Pedro;1449;1893;1412;2022;2861;3915;3342;3434;6776
RN;2412807;São Rafael;2755;1318;2629;1499;5384;2817;4073;4128;8201
RN;2412906;São Tomé;2935;2518;2665;2680;5600;5198;5453;5345;10798
RN;2413003;São Vicente;1489;1357;1334;1453;2823;2810;2846;2787;5633
RN;2413102;Senador Elói de Souza;1042;1407;1051;1528;2093;2935;2449;2579;5028
RN;2413201;Senador Georgino Avelino;377;1276;350;1299;727;2575;1653;1649;3302
RN;2413300;Serra de São Bento;1490;1444;1427;1509;2917;2953;2934;2936;5870
RN;2413359;Serra do Mel;3883;13;4320;21;8203;34;3896;4341;8237
RN;2413409;Serra Negra do Norte;1530;2207;1379;2427;2909;4634;3737;3806;7543
RN;2413508;Serrinha;993;2467;1029;2764;2022;5231;3460;3793;7253
RN;2413557;Serrinha dos Pintos;930;1201;924;1240;1854;2441;2131;2164;4295
RN;2413607;Severiano Melo;1185;4049;1090;4255;2275;8304;5234;5345;10579
RN;2413706;Sítio Novo;1032;1182;993;1241;2025;2423;2214;2234;4448
RN;2413805;Taboleiro Grande;824;189;784;232;1608;421;1013;1016;2029
RN;2413904;Taipu;2063;3495;2075;3898;4138;7393;5558;5973;11531
RN;2414001;Tangará;4098;1898;4011;2111;8109;4009;5996;6122;12118
RN;2414100;Tenente Ananias;2848;1600;2733;1694;5581;3294;4448;4427;8875
RN;2414159;Tenente Laurentino Cruz;639;1513;622;1638;1261;3151;2152;2260;4412
RN;2414209;Tibau do Sul;631;3159;657;3302;1288;6461;3790;3959;7749
RN;2414308;Timbaúba dos Batistas;833;250;837;269;1670;519;1083;1106;2189
RN;2414407;Touros;3880;9760;3714;10525;7594;20285;13640;14239;27879
RN;2414456;Triunfo Potiguar;851;887;879;1025;1730;1912;1738;1904;3642
RN;2414506;Umarizal;4577;1086;4267;1162;8844;2248;5663;5429;11092
RN;2414605;Upanema;2490;2753;2553;3195;5043;5948;5243;5748;10991
RN;2414704;Várzea;2740;1291;2750;1457;5490;2748;4031;4207;8238
RN;2414753;Venha-Ver;371;1331;342;1378;713;2709;1702;1720;3422
RN;2414803;Vera Cruz;1998;2270;1927;2327;3925;4597;4268;4254;8522
RN;2414902;Viçosa;707;50;701;63;1408;113;757;764;1521
RN;2415008;Vila Flor;1231;49;1204;44;2435;93;1280;1248;2528
RO;1100015;Alta Floresta D'Oeste;6199;6410;6142;7782;12341;14192;12609;13924;26533
RO;1100023;Ariquemes;27600;8908;27518;10477;55118;19385;36508;37995;74503
RO;1100031;Cabixi;1326;2230;1346;2616;2672;4846;3556;3962;7518
RO;1100049;Cacoal;26095;10255;25303;11915;51398;22170;36350;37218;73568
RO;1100056;Cerejeiras;7332;1558;7514;1803;14846;3361;8890;9317;18207
RO;1100064;Colorado do Oeste;7326;3426;7250;3890;14576;7316;10752;11140;21892
RO;1100072;Corumbiara;994;3816;1079;4570;2073;8386;4810;5649;10459
RO;1100080;Costa Marques;3259;1493;3499;1957;6758;3450;4752;5456;10208
RO;1100098;Espigão D'Oeste;7178;5220;7084;6206;14262;11426;12398;13290;25688
RO;1100106;Guajará-Mirim;16751;2227;16284;2783;33035;5010;18978;19067;38045
RO;1100114;Jaru;14937;11217;14640;12806;29577;24023;26154;27446;53600
RO;1100122;Ji-Paraná;46134;7415;44879;8372;91013;15787;53549;53251;106800
RO;1100130;Machadinho D'Oeste;5286;5153;5695;6605;10981;11758;10439;12300;22739
RO;1100148;Nova Brasilândia D'Oeste;3159;4827;3265;5816;6424;10643;7986;9081;17067
RO;1100155;Ouro Preto do Oeste;13533;6626;13008;7717;26541;14343;20159;20725;40884
RO;1100189;Pimenta Bueno;13300;2366;13123;2963;26423;5329;15666;16086;31752
RO;1100205;Porto Velho;139062;28862;134647;32090;273709;60952;167924;166737;334661
RO;1100254;Presidente Médici;6162;6594;6012;7597;12174;14191;12756;13609;26365
RO;1100262;Rio Crespo;410;928;457;1142;867;2070;1338;1599;2937
RO;1100288;Rolim de Moura;17312;6083;17109;6878;34421;12961;23395;23987;47382
RO;1100296;Santa Luzia D'Oeste;2418;3095;2469;3621;4887;6716;5513;6090;11603
RO;1100304;Vilhena;25586;1300;25015;1697;50601;2997;26886;26712;53598
RO;1100320;São Miguel do Guaporé;3217;7998;3259;9400;6476;17398;11215;12659;23874
RO;1100338;Nova Mamoré;3490;3417;3757;4114;7247;7531;6907;7871;14778
RO;1100346;Alvorada D'Oeste;4323;5102;4223;6184;8546;11286;9425;10407;19832
RO;1100379;Alto Alegre dos Parecis;1185;4640;1264;5619;2449;10259;5825;6883;12708
RO;1100403;Alto Paraíso;1949;4028;2087;5054;4036;9082;5977;7141;13118
RO;1100452;Buritis;7262;4625;8072;5709;15334;10334;11887;13781;25668
RO;1100502;Novo Horizonte do Oeste;663;5106;681;5826;1344;10932;5769;6507;12276
RO;1100601;Cacaulândia;882;1584;968;1938;1850;3522;2466;2906;5372
RO;1100700;Campo Novo de Rondônia;1451;3738;1549;4725;3000;8463;5189;6274;11463
RO;1100809;Candeias do Jamari;4529;1533;4825;2220;9354;3753;6062;7045;13107
RO;1100908;Castanheiras;402;1562;372;1876;774;3438;1964;2248;4212
RO;1100924;Chupinguaia;931;1547;1023;2020;1954;3567;2478;3043;5521
RO;1100940;Cujubim;1472;1461;1724;1879;3196;3340;2933;3603;6536
RO;1101005;Governador Jorge Teixeira;814;5480;744;6603;1558;12083;6294;7347;13641
RO;1101104;Itapuã do Oeste;1798;1383;1879;1762;3677;3145;3181;3641;6822
RO;1101203;Ministro Andreazza;1085;4307;1075;4875;2160;9182;5392;5950;11342
RO;1101302;Mirante da Serra;2837;3434;2896;3987;5733;7421;6271;6883;13154
RO;1101401;Monte Negro;2770;3090;2952;3815;5722;6905;5860;6767;12627
RO;1101435;Nova União;670;3152;659;3752;1329;6904;3822;4411;8233
RO;1101450;Parecis;551;1125;583;1363;1134;2488;1676;1946;3622
RO;1101468;Pimenteiras do Oeste;690;484;708;645;1398;1129;1174;1353;2527
RO;1101476;Primavera de Rondônia;554;1427;605;1725;1159;3152;1981;2330;4311
RO;1101484;São Felipe D'Oeste;488;2816;543;3209;1031;6025;3304;3752;7056
RO;1101492;São Francisco do Guaporé;2506;2612;2720;3247;5226;5859;5118;5967;11085
RO;1101500;Seringueiras;1834;3562;1958;4301;3792;7863;5396;6259;11655
RO;1101559;Teixeirópolis;573;2055;581;2409;1154;4464;2628;2990;5618
RO;1101609;Theobroma;742;4301;773;5324;1515;9625;5043;6097;11140
RO;1101708;Urupá;1993;4989;2009;5889;4002;10878;6982;7898;14880
RO;1101757;Vale do Anari;897;2603;939;3298;1836;5901;3500;4237;7737
RO;1101807;Vale do Paraíso;892;3668;948;4355;1840;8023;4560;5303;9863
RR;1400027;Amajari;381;1973;418;2522;799;4495;2354;2940;5294
RR;1400050;Alto Alegre;2492;5989;2703;6723;5195;12712;8481;9426;17907
RR;1400100;Boa Vista;98742;1492;98356;1978;197098;3470;100234;100334;200568
RR;1400159;Bonfim;1566;2899;1434;3427;3000;6326;4465;4861;9326
RR;1400175;Cantá;559;3277;596;4139;1155;7416;3836;4735;8571
RR;1400209;Caracaraí;4039;2694;4197;3356;8236;6050;6733;7553;14286
RR;1400233;Caroebe;959;1659;1018;2056;1977;3715;2618;3074;5692
RR;1400282;Iracema;1566;621;1662;932;3228;1553;2187;2594;4781
RR;1400308;Mucajaí;3469;1783;3560;2435;7029;4218;5252;5995;11247
RR;1400407;Normandia;776;2248;724;2390;1500;4638;3024;3114;6138
RR;1400456;Pacaraima;1324;2023;1436;2207;2760;4230;3347;3643;6990
RR;1400472;Rorainópolis;3478;4725;3707;5483;7185;10208;8203;9190;17393
RR;1400506;São João da Baliza;1833;538;2049;671;3882;1209;2371;2720;5091
RR;1400605;São Luiz;1655;826;1792;1038;3447;1864;2481;2830;5311
RR;1400704;Uiramutã;248;2526;277;2751;525;5277;2774;3028;5802
RS;4300034;Aceguá;;;;;;;;;
RS;4300059;Água Santa;606;1428;566;1527;1172;2955;2034;2093;4127
RS;4300109;Agudo;2909;5744;2746;6056;5655;11800;8653;8802;17455
RS;4300208;Ajuricaba;1918;1909;1841;2041;3759;3950;3827;3882;7709
RS;4300307;Alecrim;1068;3117;1001;3301;2069;6418;4185;4302;8487
RS;4300406;Alegrete;38449;3961;36643;5285;75092;9246;42410;41928;84338
RS;4300455;Alegria;829;1806;778;1954;1607;3760;2635;2732;5367
RS;4300471;Almirante Tamandaré do Sul;;;;;;;;;
RS;4300505;Alpestre;1115;3893;1042;4216;2157;8109;5008;5258;10266
RS;4300554;Alto Alegre;343;714;376;704;719;1418;1057;1080;2137
RS;4300570;Alto Feliz;371;1002;341;1120;712;2122;1373;1461;2834
RS;4300604;Alvorada;93266;280;90099;323;183365;603;93546;90422;183968
RS;4300638;Amaral Ferrador;573;2182;558;2427;1131;4609;2755;2985;5740
RS;4300646;Ametista do Sul;1560;1949;1635;2270;3195;4219;3509;3905;7414
RS;4300661;André da Rocha;194;332;180;407;374;739;526;587;1113
RS;4300703;Anta Gorda;972;2180;849;2326;1821;4506;3152;3175;6327
RS;4300802;Antônio Prado;4307;2133;4110;2368;8417;4501;6440;6478;12918
RS;4300851;Arambaré;1370;534;1387;626;2757;1160;1904;2013;3917
RS;4300877;Araricá;1740;237;1753;302;3493;539;1977;2055;4032
RS;4300901;Aratiba;1290;2176;1267;2383;2557;4559;3466;3650;7116
RS;4301008;Arroio do Meio;6430;2029;6305;2187;12735;4216;8459;8492;16951
RS;4301057;Arroio do Sal;2516;104;2524;129;5040;233;2620;2653;5273
RS;4301073;Arroio do Padre;;;;;;;;;
RS;4301107;Arroio dos Ratos;6386;355;6142;452;12528;807;6741;6594;13335
RS;4301206;Arroio do Tigre;2696;3312;2574;3634;5270;6946;6008;6208;12216
RS;4301305;Arroio Grande;7939;1467;7753;1993;15692;3460;9406;9746;19152
RS;4301404;Arvorezinha;2766;2333;2611;2552;5377;4885;5099;5163;10262
RS;4301503;Augusto Pestana;1730;2381;1598;2464;3328;4845;4111;4062;8173
RS;4301552;Áurea;640;1274;622;1353;1262;2627;1914;1975;3889
RS;4301602;Bagé;51224;10501;46066;10976;97290;21477;61725;57042;118767
RS;4301636;Balneário Pinhal;3560;160;3560;172;7120;332;3720;3732;7452
RS;4301651;Barão;1157;1453;1134;1653;2291;3106;2610;2787;5397
RS;4301701;Barão de Cotegipe;1718;1702;1569;1938;3287;3640;3420;3507;6927
RS;4301750;Barão do Triunfo;290;2787;303;3282;593;6069;3077;3585;6662
RS;4301800;Barracão;1414;1353;1341;1484;2755;2837;2767;2825;5592
RS;4301859;Barra do Guarita;544;923;562;958;1106;1881;1467;1520;2987
RS;4301875;Barra do Quaraí;1368;446;1497;573;2865;1019;1814;2070;3884
RS;4301909;Barra do Ribeiro;4616;1366;4322;1541;8938;2907;5982;5863;11845
RS;4301925;Barra do Rio Azul;182;939;182;1111;364;2050;1121;1293;2414
RS;4301958;Barra Funda;596;528;596;511;1192;1039;1124;1107;2231
RS;4302006;Barros Cassal;1665;3789;1582;4311;3247;8100;5454;5893;11347
RS;4302055;Benjamin Constant do Sul;134;1204;122;1267;256;2471;1338;1389;2727
RS;4302105;Bento Gonçalves;41652;4682;40168;4984;81820;9666;46334;45152;91486
RS;4302154;Boa Vista das Missões;338;736;313;801;651;1537;1074;1114;2188
RS;4302204;Boa Vista do Buricá;1830;1435;1833;1489;3663;2924;3265;3322;6587
RS;4302220;Boa Vista do Cadeado;;;;;;;;;
RS;4302238;Boa Vista do Incra;;;;;;;;;
RS;4302253;Boa Vista do Sul;161;1191;150;1338;311;2529;1352;1488;2840
RS;4302303;Bom Jesus;4388;1702;3988;1936;8376;3638;6090;5924;12014
RS;4302352;Bom Princípio;3470;1168;3475;1381;6945;2549;4638;4856;9494
RS;4302378;Bom Progresso;523;854;488;966;1011;1820;1377;1454;2831
RS;4302402;Bom Retiro do Sul;4212;1185;4067;1324;8279;2509;5397;5391;10788
RS;4302451;Boqueirão do Leão;783;3021;740;3281;1523;6302;3804;4021;7825
RS;4302501;Bossoroca;2065;1711;1950;2031;4015;3742;3776;3981;7757
RS;4302584;Bozano;;;;;;;;;
RS;4302600;Braga;1187;921;1153;937;2340;1858;2108;2090;4198
RS;4302659;Brochier;641;1467;566;1698;1207;3165;2108;2264;4372
RS;4302709;Butiá;9628;618;9348;728;18976;1346;10246;10076;20322
RS;4302808;Caçapava do Sul;10267;7392;9061;7923;19328;15315;17659;16984;34643
RS;4302907;Cacequi;6642;1029;6373;1267;13015;2296;7671;7640;15311
RS;4303004;Cachoeira do Sul;38651;6524;35468;7230;74119;13754;45175;42698;87873
RS;4303103;Cachoeirinha;55073;;52491;;107564;;55073;52491;107564
RS;4303202;Cacique Doble;776;1611;720;1663;1496;3274;2387;2383;4770
RS;4303301;Caibaté;1533;2045;1411;2254;2944;4299;3578;3665;7243
RS;4303400;Caiçara;766;1929;723;2162;1489;4091;2695;2885;5580
RS;4303509;Camaquã;24114;6270;22955;7044;47069;13314;30384;29999;60383
RS;4303558;Camargo;461;779;419;839;880;1618;1240;1258;2498
RS;4303608;Cambará do Sul;1521;1832;1526;1961;3047;3793;3353;3487;6840
RS;4303673;Campestre da Serra;514;1009;520;1127;1034;2136;1523;1647;3170
RS;4303707;Campina das Missões;1159;2289;1116;2450;2275;4739;3448;3566;7014
RS;4303806;Campinas do Sul;2318;1862;2113;1965;4431;3827;4180;4078;8258
RS;4303905;Campo Bom;26277;1063;25561;1117;51838;2180;27340;26678;54018
RS;4304002;Campo Novo;2391;999;2226;1105;4617;2104;3390;3331;6721
RS;4304101;Campos Borges;1021;822;1010;932;2031;1754;1843;1942;3785
RS;4304200;Candelária;7239;7765;6561;8020;13800;15785;15004;14581;29585
RS;4304309;Cândido Godói;814;2663;816;2799;1630;5462;3477;3615;7092
RS;4304358;Candiota;1324;2576;1333;2832;2657;5408;3900;4165;8065
RS;4304408;Canela;15716;1383;15044;1482;30760;2865;17099;16526;33625
RS;4304507;Canguçu;9336;15904;8359;17848;17695;33752;25240;26207;51447
RS;4304606;Canoas;157233;;148860;;306093;;157233;148860;306093
RS;4304614;Canudos do Vale;;;;;;;;;
RS;4304622;Capão Bonito do Sul;;;;;;;;;
RS;4304630;Capão da Canoa;15323;76;15011;88;30334;164;15399;15099;30498
RS;4304655;Capão do Cipó;;;;;;;;;
RS;4304663;Capão do Leão;10768;1141;10586;1223;21354;2364;11909;11809;23718
RS;4304671;Capivari do Sul;1203;323;1210;371;2413;694;1526;1581;3107
RS;4304689;Capela de Santana;3063;1840;3214;1915;6277;3755;4903;5129;10032
RS;4304697;Capitão;420;787;437;921;857;1708;1207;1358;2565
RS;4304705;Carazinho;29237;1755;27039;1863;56276;3618;30992;28902;59894
RS;4304713;Caraá;221;2726;250;3206;471;5932;2947;3456;6403
RS;4304804;Carlos Barbosa;7577;2588;7634;2720;15211;5308;10165;10354;20519
RS;4304853;Carlos Gomes;173;754;168;817;341;1571;927;985;1912
RS;4304903;Casca;2110;2141;2008;2181;4118;4322;4251;4189;8440
RS;4304952;Caseiros;514;919;488;978;1002;1897;1433;1466;2899
RS;4305009;Catuípe;3220;1880;2960;2138;6180;4018;5100;5098;10198
RS;4305108;Caxias do Sul;170504;12956;162887;14072;333391;27028;183460;176959;360419
RS;4305116;Centenário;315;1164;345;1303;660;2467;1479;1648;3127
RS;4305124;Cerrito;2007;1406;1961;1551;3968;2957;3413;3512;6925
RS;4305132;Cerro Branco;585;1535;552;1625;1137;3160;2120;2177;4297
RS;4305157;Cerro Grande;383;906;338;974;721;1880;1289;1312;2601
RS;4305173;Cerro Grande do Sul;833;3042;783;3615;1616;6657;3875;4398;8273
RS;4305207;Cerro Largo;4862;1596;4479;1728;9341;3324;6458;6207;12665
RS;4305306;Chapada;2522;2440;2214;2570;4736;5010;4962;4784;9746
RS;4305355;Charqueadas;13472;319;15543;627;29015;946;13791;16170;29961
RS;4305371;Charrua;295;1599;273;1616;568;3215;1894;1889;3783
RS;4305405;Chiapetta;1278;935;1268;1000;2546;1935;2213;2268;4481
RS;4305439;Chuí;2457;134;2402;174;4859;308;2591;2576;5167
RS;4305447;Chuvisca;97;2026;91;2288;188;4314;2123;2379;4502
RS;4305454;Cidreira;4243;174;4267;198;8510;372;4417;4465;8882
RS;4305504;Ciríaco;1056;1504;1013;1679;2069;3183;2560;2692;5252
RS;4305587;Colinas;527;705;500;730;1027;1435;1232;1230;2462
RS;4305603;Colorado;990;1076;929;1077;1919;2153;2066;2006;4072
RS;4305702;Condor;1760;1517;1660;1554;3420;3071;3277;3214;6491
RS;4305801;Constantina;2971;2847;2831;3018;5802;5865;5818;5849;11667
RS;4305835;Coqueiro Baixo;;;;;;;;;
RS;4305850;Coqueiros do Sul;417;904;387;987;804;1891;1321;1374;2695
RS;4305871;Coronel Barros;438;786;417;813;855;1599;1224;1230;2454
RS;4305900;Coronel Bicaco;2207;2020;2076;2132;4283;4152;4227;4208;8435
RS;4305934;Coronel Pilar;;;;;;;;;
RS;4305959;Cotiporã;928;1054;947;1164;1875;2218;1982;2111;4093
RS;4305975;Coxilha;827;675;794;683;1621;1358;1502;1477;2979
RS;4306007;Crissiumal;3241;4457;2883;4599;6124;9056;7698;7482;15180
RS;4306056;Cristal;2037;1270;1977;1348;4014;2618;3307;3325;6632
RS;4306072;Cristal do Sul;221;1143;223;1287;444;2430;1364;1510;2874
RS;4306106;Cruz Alta;34406;2796;30961;3091;65367;5887;37202;34052;71254
RS;4306130;Cruzaltense;;;;;;;;;
RS;4306205;Cruzeiro do Sul;3152;2700;3020;2792;6172;5492;5852;5812;11664
RS;4306304;David Canabarro;735;1582;690;1733;1425;3315;2317;2423;4740
RS;4306320;Derrubadas;412;1409;374;1520;786;2929;1821;1894;3715
RS;4306353;Dezesseis de Novembro;297;1365;296;1486;593;2851;1662;1782;3444
RS;4306379;Dilermando de Aguiar;521;1019;569;1091;1090;2110;1540;1660;3200
RS;4306403;Dois Irmãos;11044;75;11228;88;22272;163;11119;11316;22435
RS;4306429;Dois Irmãos das Missões;479;668;454;764;933;1432;1147;1218;2365
RS;4306452;Dois Lajeados;664;945;550;1065;1214;2010;1609;1615;3224
RS;4306502;Dom Feliciano;1313;5087;1239;5658;2552;10745;6400;6897;13297
RS;4306551;Dom Pedro de Alcântara;357;893;344;1042;701;1935;1250;1386;2636
RS;4306601;Dom Pedrito;18626;2002;17169;2613;35795;4615;20628;19782;40410
RS;4306700;Dona Francisca;1234;737;1090;841;2324;1578;1971;1931;3902
RS;4306734;Doutor Maurício Cardoso;1353;1822;1266;1888;2619;3710;3175;3154;6329
RS;4306759;Doutor Ricardo;225;808;222;873;447;1681;1033;1095;2128
RS;4306767;Eldorado do Sul;9666;3915;9576;4111;19242;8026;13581;13687;27268
RS;4306809;Encantado;8277;1245;7759;1247;16036;2492;9522;9006;18528
RS;4306908;Encruzilhada do Sul;7693;4161;7148;4900;14841;9061;11854;12048;23902
RS;4306924;Engenho Velho;242;852;215;825;457;1677;1094;1040;2134
RS;4306932;Entre-Ijuís;2312;2546;2128;2716;4440;5262;4858;4844;9702
RS;4306957;Entre Rios do Sul;1068;663;1001;759;2069;1422;1731;1760;3491
RS;4306973;Erebango;1016;502;959;546;1975;1048;1518;1505;3023
RS;4307005;Erechim;42756;4023;39270;4298;82026;8321;46779;43568;90347
RS;4307054;Ernestina;552;1377;526;1486;1078;2863;1929;2012;3941
RS;4307104;Herval;2293;1756;2168;2270;4461;4026;4049;4438;8487
RS;4307203;Erval Grande;1074;1707;1035;1831;2109;3538;2781;2866;5647
RS;4307302;Erval Seco;1669;2843;1577;3088;3246;5931;4512;4665;9177
RS;4307401;Esmeralda;1233;1455;1182;1651;2415;3106;2688;2833;5521
RS;4307450;Esperança do Sul;224;1612;199;1720;423;3332;1836;1919;3755
RS;4307500;Espumoso;5195;2963;4819;3208;10014;6171;8158;8027;16185
RS;4307559;Estação;2690;454;2577;507;5267;961;3144;3084;6228
RS;4307609;Estância Velha;17231;364;17136;401;34367;765;17595;17537;35132
RS;4307708;Esteio;41048;35;38913;52;79961;87;41083;38965;80048
RS;4307807;Estrela;11627;2306;11068;2400;22695;4706;13933;13468;27401
RS;4307815;Estrela Velha;324;1445;343;1579;667;3024;1769;1922;3691
RS;4307831;Eugênio de Castro;596;1079;498;1140;1094;2219;1675;1638;3313
RS;4307864;Fagundes Varela;537;669;547;718;1084;1387;1206;1265;2471
RS;4307906;Farroupilha;21755;6134;20950;6469;42705;12603;27889;27419;55308
RS;4308003;Faxinal do Soturno;2108;1300;1989;1444;4097;2744;3408;3433;6841
RS;4308052;Faxinalzinho;632;811;643;837;1275;1648;1443;1480;2923
RS;4308078;Fazenda Vilanova;592;802;616;823;1208;1625;1394;1439;2833
RS;4308102;Feliz;4017;1640;3958;1701;7975;3341;5657;5659;11316
RS;4308201;Flores da Cunha;7127;4482;7100;4969;14227;9451;11609;12069;23678
RS;4308250;Floriano Peixoto;122;1007;104;1128;226;2135;1129;1232;2361
RS;4308300;Fontoura Xavier;1694;3845;1688;4246;3382;8091;5539;5934;11473
RS;4308409;Formigueiro;1359;2349;1290;2600;2649;4949;3708;3890;7598
RS;4308433;Forquetinha;;;;;;;;;
RS;4308458;Fortaleza dos Valos;1445;1106;1374;1154;2819;2260;2551;2528;5079
RS;4308508;Frederico Westphalen;10630;3040;9803;3286;20433;6326;13670;13089;26759
RS;4308607;Garibaldi;11680;2510;11432;2715;23112;5225;14190;14147;28337
RS;4308656;Garruchos;598;1138;593;1346;1191;2484;1736;1939;3675
RS;4308706;Gaurama;1573;1694;1424;1700;2997;3394;3267;3124;6391
RS;4308805;General Câmara;2691;1686;2481;1879;5172;3565;4377;4360;8737
RS;4308854;Gentil;224;595;251;701;475;1296;819;952;1771
RS;4308904;Getúlio Vargas;7080;1356;6564;1509;13644;2865;8436;8073;16509
RS;4309001;Giruá;6981;2640;6276;2852;13257;5492;9621;9128;18749
RS;4309050;Glorinha;639;2067;646;2332;1285;4399;2706;2978;5684
RS;4309100;Gramado;11870;2519;11458;2746;23328;5265;14389;14204;28593
RS;4309126;Gramado dos Loureiros;215;1073;211;1044;426;2117;1288;1255;2543
RS;4309159;Gramado Xavier;201;1580;181;1704;382;3284;1781;1885;3666
RS;4309209;Gravataí;107794;9998;104350;10487;212144;20485;117792;114837;232629
RS;4309258;Guabiju;334;544;297;574;631;1118;878;871;1749
RS;4309308;Guaíba;47149;1083;44807;1268;91956;2351;48232;46075;94307
RS;4309407;Guaporé;9140;1139;8538;1247;17678;2386;10279;9785;20064
RS;4309506;Guarani das Missões;2550;1944;2434;2062;4984;4006;4494;4496;8990
RS;4309555;Harmonia;894;908;887;970;1781;1878;1802;1857;3659
RS;4309571;Herveiras;189;1210;216;1342;405;2552;1399;1558;2957
RS;4309605;Horizontina;7102;1982;6619;1996;13721;3978;9084;8615;17699
RS;4309654;Hulha Negra;1225;1317;1191;1626;2416;2943;2542;2817;5359
RS;4309704;Humaitá;1419;1266;1247;1296;2666;2562;2685;2543;5228
RS;4309753;Ibarama;499;1657;457;1841;956;3498;2156;2298;4454
RS;4309803;Ibiaçá;1389;1265;1287;1292;2676;2557;2654;2579;5233
RS;4309902;Ibiraiaras;1565;1940;1554;2104;3119;4044;3505;3658;7163
RS;4309951;Ibirapuitã;981;1550;950;1689;1931;3239;2531;2639;5170
RS;4310009;Ibirubá;6964;2489;6557;2623;13521;5112;9453;9180;18633
RS;4310108;Igrejinha;12850;598;12680;639;25530;1237;13448;13319;26767
RS;4310207;Ijuí;35041;5337;32356;5727;67397;11064;40378;38083;78461
RS;4310306;Ilópolis;918;1221;831;1285;1749;2506;2139;2116;4255
RS;4310330;Imbé;5891;150;6014;187;11905;337;6041;6201;12242
RS;4310363;Imigrante;648;1272;587;1343;1235;2615;1920;1930;3850
RS;4310405;Independência;2047;1597;1940;1724;3987;3321;3644;3664;7308
RS;4310413;Inhacorá;618;532;659;569;1277;1101;1150;1228;2378
RS;4310439;Ipê;1192;1468;1171;1625;2363;3093;2660;2796;5456
RS;4310462;Ipiranga do Sul;310;742;283;722;593;1464;1052;1005;2057
RS;4310504;Iraí;2878;1712;2712;1948;5590;3660;4590;4660;9250
RS;4310538;Itaara;1645;584;1670;679;3315;1263;2229;2349;4578
RS;4310553;Itacurubi;585;1075;586;1257;1171;2332;1660;1843;3503
RS;4310579;Itapuca;218;1050;227;1196;445;2246;1268;1423;2691
RS;4310603;Itaqui;17542;2291;17281;2656;34823;4947;19833;19937;39770
RS;4310652;Itati;;;;;;;;;
RS;4310702;Itatiba do Sul;899;1613;894;1846;1793;3459;2512;2740;5252
RS;4310751;Ivorá;372;827;326;970;698;1797;1199;1296;2495
RS;4310801;Ivoti;6890;740;6895;793;13785;1533;7630;7688;15318
RS;4310850;Jaboticaba;720;1531;688;1597;1408;3128;2251;2285;4536
RS;4310876;Jacuizinho;;;;;;;;;
RS;4310900;Jacutinga;1079;1060;1055;1054;2134;2114;2139;2109;4248
RS;4311007;Jaguarão;14007;1253;13167;1666;27174;2919;15260;14833;30093
RS;4311106;Jaguari;3501;2776;3122;3089;6623;5865;6277;6211;12488
RS;4311122;Jaquirana;1404;903;1415;1092;2819;1995;2307;2507;4814
RS;4311130;Jari;241;1516;258;1736;499;3252;1757;1994;3751
RS;4311155;Jóia;992;2949;983;3360;1975;6309;3941;4343;8284
RS;4311205;Júlio de Castilhos;8483;1853;7917;2163;16400;4016;10336;10080;20416
RS;4311239;Lagoa Bonita do Sul;;;;;;;;;
RS;4311254;Lagoão;597;2350;591;2560;1188;4910;2947;3151;6098
RS;4311270;Lagoa dos Três Cantos;351;467;324;485;675;952;818;809;1627
RS;4311304;Lagoa Vermelha;12122;2961;11417;3333;23539;6294;15083;14750;29833
RS;4311403;Lajeado;30791;1886;29398;2058;60189;3944;32677;31456;64133
RS;4311429;Lajeado do Bugre;237;967;198;1061;435;2028;1204;1259;2463
RS;4311502;Lavras do Sul;2549;1576;2279;1705;4828;3281;4125;3984;8109
RS;4311601;Liberato Salzano;540;2683;526;2825;1066;5508;3223;3351;6574
RS;4311627;Lindolfo Collor;1643;480;1775;516;3418;996;2123;2291;4414
RS;4311643;Linha Nova;186;568;176;634;362;1202;754;810;1564
RS;4311700;Machadinho;1404;1412;1376;1536;2780;2948;2816;2912;5728
RS;4311718;Maçambara;579;1801;571;2084;1150;3885;2380;2655;5035
RS;4311734;Mampituba;84;1381;100;1541;184;2922;1465;1641;3106
RS;4311759;Manoel Viana;2692;728;2578;997;5270;1725;3420;3575;6995
RS;4311775;Maquiné;1005;2596;920;2783;1925;5379;3601;3703;7304
RS;4311791;Maratá;335;907;310;961;645;1868;1242;1271;2513
RS;4311809;Marau;11515;2658;11338;2850;22853;5508;14173;14188;28361
RS;4311908;Marcelino Ramos;1586;1442;1501;1579;3087;3021;3028;3080;6108
RS;4311981;Mariana Pimentel;320;1446;299;1668;619;3114;1766;1967;3733
RS;4312005;Mariano Moro;539;666;531;738;1070;1404;1205;1269;2474
RS;4312054;Marques de Souza;745;1361;719;1416;1464;2777;2106;2135;4241
RS;4312104;Mata;1315;1419;1211;1630;2526;3049;2734;2841;5575
RS;4312138;Mato Castelhano;201;953;189;1111;390;2064;1154;1300;2454
RS;4312153;Mato Leitão;642;959;629;980;1271;1939;1601;1609;3210
RS;4312179;Mato Queimado;;;;;;;;;
RS;4312203;Maximiliano de Almeida;1344;1435;1304;1568;2648;3003;2779;2872;5651
RS;4312252;Minas do Leão;3498;130;3510;183;7008;313;3628;3693;7321
RS;4312302;Miraguaí;933;1624;853;1624;1786;3248;2557;2477;5034
RS;4312351;Montauri;244;568;248;624;492;1192;812;872;1684
RS;4312377;Monte Alegre dos Campos;60;1360;56;1564;116;2924;1420;1620;3040
RS;4312385;Monte Belo do Sul;317;1106;304;1153;621;2259;1423;1457;2880
RS;4312401;Montenegro;24926;2795;23936;3035;48862;5830;27721;26971;54692
RS;4312427;Mormaço;190;985;185;1075;375;2060;1175;1260;2435
RS;4312443;Morrinhos do Sul;364;1358;336;1475;700;2833;1722;1811;3533
RS;4312450;Morro Redondo;1128;1842;1023;2005;2151;3847;2970;3028;5998
RS;4312476;Morro Reuter;2057;383;2099;445;4156;828;2440;2544;4984
RS;4312500;Mostardas;3540;2128;3489;2501;7029;4629;5668;5990;11658
RS;4312609;Muçum;1930;525;1745;528;3675;1053;2455;2273;4728
RS;4312617;Muitos Capões;445;929;421;1072;866;2001;1374;1493;2867
RS;4312625;Muliterno;204;647;208;709;412;1356;851;917;1768
RS;4312658;Não-Me-Toque;6041;1300;5753;1319;11794;2619;7341;7072;14413
RS;4312674;Nicolau Vergueiro;243;651;248;670;491;1321;894;918;1812
RS;4312708;Nonoai;4621;1898;4173;2130;8794;4028;6519;6303;12822
RS;4312757;Nova Alvorada;392;937;399;1029;791;1966;1329;1428;2757
RS;4312807;Nova Araçá;1042;599;968;627;2010;1226;1641;1595;3236
RS;4312906;Nova Bassano;1961;1876;1997;2002;3958;3878;3837;3999;7836
RS;4312955;Nova Boa Vista;277;817;256;872;533;1689;1094;1128;2222
RS;4313003;Nova Bréscia;756;1454;730;1624;1486;3078;2210;2354;4564
RS;4313011;Nova Candelária;135;1274;132;1342;267;2616;1409;1474;2883
RS;4313037;Nova Esperança do Sul;1393;563;1395;659;2788;1222;1956;2054;4010
RS;4313060;Nova Hartz;6372;1064;6507;1128;12879;2192;7436;7635;15071
RS;4313086;Nova Pádua;256;895;274;971;530;1866;1151;1245;2396
RS;4313102;Nova Palma;1342;1702;1322;1946;2664;3648;3044;3268;6312
RS;4313201;Nova Petrópolis;6215;2248;5993;2435;12208;4683;8463;8428;16891
RS;4313300;Nova Prata;7397;1961;7022;1964;14419;3925;9358;8986;18344
RS;4313334;Nova Ramada;;1312;;1411;;2723;1312;1411;2723
RS;4313359;Nova Roma do Sul;595;896;604;937;1199;1833;1491;1541;3032
RS;4313375;Nova Santa Rita;5739;1999;5811;2201;11550;4200;7738;8012;15750
RS;4313391;Novo Cabrais;149;1582;165;1669;314;3251;1731;1834;3565
RS;4313409;Novo Hamburgo;118703;2058;113286;2146;231989;4204;120761;115432;236193
RS;4313425;Novo Machado;770;1573;726;1649;1496;3222;2343;2375;4718
RS;4313441;Novo Tiradentes;289;883;275;965;564;1848;1172;1240;2412
RS;4313466;Novo Xingu;;;;;;;;;
RS;4313490;Novo Barreiro;420;1457;400;1590;820;3047;1877;1990;3867
RS;4313508;Osório;15762;2588;14902;2879;30664;5467;18350;17781;36131
RS;4313607;Paim Filho;1080;1295;1044;1412;2124;2707;2375;2456;4831
RS;4313656;Palmares do Sul;4451;851;4642;910;9093;1761;5302;5552;10854
RS;4313706;Palmeira das Missões;15986;3594;14839;3773;30825;7367;19580;18612;38192
RS;4313805;Palmitinho;1313;2126;1264;2240;2577;4366;3439;3504;6943
RS;4313904;Panambi;14329;2120;13962;2199;28291;4319;16449;16161;32610
RS;4313953;Pantano Grande;4610;784;4666;919;9276;1703;5394;5585;10979
RS;4314001;Paraí;1424;1537;1399;1660;2823;3197;2961;3059;6020
RS;4314027;Paraíso do Sul;824;2732;800;2856;1624;5588;3556;3656;7212
RS;4314035;Pareci Novo;321;1269;321;1331;642;2600;1590;1652;3242
RS;4314050;Parobé;21649;635;21790;702;43439;1337;22284;22492;44776
RS;4314068;Passa Sete;234;2005;208;2197;442;4202;2239;2405;4644
RS;4314076;Passo do Sobrado;511;2269;463;2323;974;4592;2780;2786;5566
RS;4314100;Passo Fundo;85437;2255;78327;2439;163764;4694;87692;80766;168458
RS;4314134;Paulo Bento;;;;;;;;;
RS;4314159;Paverama;1813;1991;1821;2119;3634;4110;3804;3940;7744
RS;4314175;Pedras Altas;;;;;;;;;
RS;4314209;Pedro Osório;3763;366;3528;450;7291;816;4129;3978;8107
RS;4314308;Pejuçara;1341;743;1327;778;2668;1521;2084;2105;4189
RS;4314407;Pelotas;159118;10698;141963;11379;301081;22077;169816;153342;323158
RS;4314423;Picada Café;1953;318;2015;387;3968;705;2271;2402;4673
RS;4314456;Pinhal;535;727;442;799;977;1526;1262;1241;2503
RS;4314464;Pinhal da Serra;;;;;;;;;
RS;4314472;Pinhal Grande;735;1545;771;1674;1506;3219;2280;2445;4725
RS;4314498;Pinheirinho do Vale;350;1720;327;1787;677;3507;2070;2114;4184
RS;4314506;Pinheiro Machado;5274;1858;4927;2535;10201;4393;7132;7462;14594
RS;4314548;Pinto Bandeira;;;;;;;;;
RS;4314555;Pirapó;357;1255;355;1382;712;2637;1612;1737;3349
RS;4314605;Piratini;4994;4315;4859;5246;9853;9561;9309;10105;19414
RS;4314704;Planalto;3042;2687;2715;2858;5757;5545;5729;5573;11302
RS;4314753;Poço das Antas;378;573;353;642;731;1215;951;995;1946
RS;4314779;Pontão;535;1337;545;1487;1080;2824;1872;2032;3904
RS;4314787;Ponte Preta;194;827;203;929;397;1756;1021;1132;2153
RS;4314803;Portão;9955;2304;9863;2535;19818;4839;12259;12398;24657
RS;4314902;Porto Alegre;704853;19917;615886;19934;1320739;39851;724770;635820;1360590
RS;4315008;Porto Lucena;1274;1975;1142;2007;2416;3982;3249;3149;6398
RS;4315057;Porto Mauá;458;942;466;936;924;1878;1400;1402;2802
RS;4315073;Porto Vera Cruz;247;924;255;1038;502;1962;1171;1293;2464
RS;4315107;Porto Xavier;2842;2720;2727;2901;5569;5621;5562;5628;11190
RS;4315131;Pouso Novo;330;728;317;820;647;1548;1058;1137;2195
RS;4315149;Presidente Lucena;480;502;494;593;974;1095;982;1087;2069
RS;4315156;Progresso;807;2332;769;2589;1576;4921;3139;3358;6497
RS;4315172;Protásio Alves;180;800;189;943;369;1743;980;1132;2112
RS;4315206;Putinga;685;1577;673;1694;1358;3271;2262;2367;4629
RS;4315305;Quaraí;11299;848;10761;1094;22060;1942;12147;11855;24002
RS;4315313;Quatro Irmãos;;;;;;;;;
RS;4315321;Quevedos;306;956;334;1095;640;2051;1262;1429;2691
RS;4315354;Quinze de Novembro;836;967;807;972;1643;1939;1803;1779;3582
RS;4315404;Redentora;1450;3028;1312;3056;2762;6084;4478;4368;8846
RS;4315453;Relvado;340;812;298;844;638;1656;1152;1142;2294
RS;4315503;Restinga Seca;4208;4071;3979;4142;8187;8213;8279;8121;16400
RS;4315552;Rio dos Índios;300;1986;297;2119;597;4105;2286;2416;4702
RS;4315602;Rio Grande;92888;3243;86320;4093;179208;7336;96131;90413;186544
RS;4315701;Rio Pardo;13577;5733;12464;6009;26041;11742;19310;18473;37783
RS;4315750;Riozinho;1273;673;1255;870;2528;1543;1946;2125;4071
RS;4315800;Roca Sales;2296;2325;2275;2388;4571;4713;4621;4663;9284
RS;4315909;Rodeio Bonito;1994;887;1905;965;3899;1852;2881;2870;5751
RS;4315958;Rolador;;;;;;;;;
RS;4316006;Rolante;6912;1861;7016;2062;13928;3923;8773;9078;17851
RS;4316105;Ronda Alta;2279;2776;2109;2887;4388;5663;5055;4996;10051
RS;4316204;Rondinha;1044;2053;957;2053;2001;4106;3097;3010;6107
RS;4316303;Roque Gonzales;1407;2483;1331;2578;2738;5061;3890;3909;7799
RS;4316402;Rosário do Sul;18766;2200;17484;2608;36250;4808;20966;20092;41058
RS;4316428;Sagrada Família;327;939;323;1059;650;1998;1266;1382;2648
RS;4316436;Saldanha Marinho;976;624;916;679;1892;1303;1600;1595;3195
RS;4316451;Salto do Jacuí;5054;1451;4851;1592;9905;3043;6505;6443;12948
RS;4316477;Salvador das Missões;433;887;417;928;850;1815;1320;1345;2665
RS;4316501;Salvador do Sul;1613;1740;1579;1981;3192;3721;3353;3560;6913
RS;4316600;Sananduva;4696;2794;4294;2960;8990;5754;7490;7254;14744
RS;4316709;Santa Bárbara do Sul;3859;1178;3668;1298;7527;2476;5037;4966;10003
RS;4316733;Santa Cecília do Sul;;;;;;;;;
RS;4316758;Santa Clara do Sul;908;1479;816;1603;1724;3082;2387;2419;4806
RS;4316808;Santa Cruz do Sul;48908;6619;44878;7227;93786;13846;55527;52105;107632
RS;4316907;Santa Maria;121344;6284;109352;6631;230696;12915;127628;115983;243611
RS;4316956;Santa Maria do Herval;2008;825;2151;907;4159;1732;2833;3058;5891
RS;4316972;Santa Margarida do Sul;;;;;;;;;
RS;4317004;Santana da Boa Vista;1970;2225;1848;2578;3818;4803;4195;4426;8621
RS;4317103;Santana do Livramento;44034;2825;40421;3569;84455;6394;46859;43990;90849
RS;4317202;Santa Rosa;28685;4520;27265;4546;55950;9066;33205;31811;65016
RS;4317251;Santa Tereza;278;575;273;642;551;1217;853;915;1768
RS;4317301;Santa Vitória do Palmar;14135;2336;13817;3016;27952;5352;16471;16833;33304
RS;4317400;Santiago;23510;3316;21574;3738;45084;7054;26826;25312;52138
RS;4317509;Santo Ângelo;34027;5691;30873;6154;64900;11845;39718;37027;76745
RS;4317558;Santo Antônio do Palma;236;814;248;909;484;1723;1050;1157;2207
RS;4317608;Santo Antônio da Patrulha;11988;6414;11495;7138;23483;13552;18402;18633;37035
RS;4317707;Santo Antônio das Missões;3605;2625;3476;2985;7081;5610;6230;6461;12691
RS;4317756;Santo Antônio do Planalto;465;538;440;558;905;1096;1003;998;2001
RS;4317806;Santo Augusto;5701;1622;5343;1760;11044;3382;7323;7103;14426
RS;4317905;Santo Cristo;3690;3666;3594;3940;7284;7606;7356;7534;14890
RS;4317954;Santo Expedito do Sul;388;962;315;1018;703;1980;1350;1333;2683
RS;4318002;São Borja;29123;3532;28150;4064;57273;7596;32655;32214;64869
RS;4318051;São Domingos do Sul;772;642;709;708;1481;1350;1414;1417;2831
RS;4318101;São Francisco de Assis;7214;3339;6514;3743;13728;7082;10553;10257;20810
RS;4318200;São Francisco de Paula;6255;3431;6014;4025;12269;7456;9686;10039;19725
RS;4318309;São Gabriel;27650;4192;25547;4860;53197;9052;31842;30407;62249
RS;4318408;São Jerônimo;7988;2204;7623;2468;15611;4672;10192;10091;20283
RS;4318424;São João da Urtiga;878;1529;865;1657;1743;3186;2407;2522;4929
RS;4318432;São João do Polêsine;567;817;494;867;1061;1684;1384;1361;2745
RS;4318440;São Jorge;623;807;565;880;1188;1687;1430;1445;2875
RS;4318457;São José das Missões;344;1123;339;1194;683;2317;1467;1533;3000
RS;4318465;São José do Herval;367;854;363;946;730;1800;1221;1309;2530
RS;4318481;São José do Hortêncio;1019;626;1074;668;2093;1294;1645;1742;3387
RS;4318499;São José do Inhacorá;372;794;356;880;728;1674;1166;1236;2402
RS;4318507;São José do Norte;8627;2944;8667;3558;17294;6502;11571;12225;23796
RS;4318606;São José do Ouro;2233;1337;2080;1401;4313;2738;3570;3481;7051
RS;4318614;São José do Sul;;;;;;;;;
RS;4318622;São José dos Ausentes;764;753;752;835;1516;1588;1517;1587;3104
RS;4318705;São Leopoldo;98557;306;94338;346;192895;652;98863;94684;193547
RS;4318804;São Lourenço do Sul;12101;9670;11362;10558;23463;20228;21771;21920;43691
RS;4318903;São Luiz Gonzaga;17126;3155;15626;3646;32752;6801;20281;19272;39553
RS;4319000;São Marcos;7941;1577;7753;1687;15694;3264;9518;9440;18958
RS;4319109;São Martinho;1580;1589;1430;1722;3010;3311;3169;3152;6321
RS;4319125;São Martinho da Serra;403;1127;377;1339;780;2466;1530;1716;3246
RS;4319158;São Miguel das Missões;1545;2166;1543;2428;3088;4594;3711;3971;7682
RS;4319208;São Nicolau;2032;1098;1978;1298;4010;2396;3130;3276;6406
RS;4319307;São Paulo das Missões;1036;2491;960;2700;1996;5191;3527;3660;7187
RS;4319356;São Pedro da Serra;576;796;625;846;1201;1642;1372;1471;2843
RS;4319364;São Pedro das Missões;;;;;;;;;
RS;4319372;São Pedro do Butiá;503;905;482;972;985;1877;1408;1454;2862
RS;4319406;São Pedro do Sul;6131;2447;5700;2711;11831;5158;8578;8411;16989
RS;4319505;São Sebastião do Caí;8185;1834;7772;1909;15957;3743;10019;9681;19700
RS;4319604;São Sepé;9780;2598;9146;3097;18926;5695;12378;12243;24621
RS;4319703;São Valentim;792;1248;781;1288;1573;2536;2040;2069;4109
RS;4319711;São Valentim do Sul;288;732;293;827;581;1559;1020;1120;2140
RS;4319737;São Valério do Sul;220;1047;241;1117;461;2164;1267;1358;2625
RS;4319752;São Vendelino;516;290;551;325;1067;615;806;876;1682
RS;4319802;São Vicente do Sul;2667;1474;2625;1570;5292;3044;4141;4195;8336
RS;4319901;Sapiranga;32885;1603;32900;1801;65785;3404;34488;34701;69189
RS;4320008;Sapucaia do Sul;61990;464;59823;474;121813;938;62454;60297;122751
RS;4320107;Sarandi;7509;1951;6753;1949;14262;3900;9460;8702;18162
RS;4320206;Seberi;2834;2859;2598;3058;5432;5917;5693;5656;11349
RS;4320230;Sede Nova;727;866;713;902;1440;1768;1593;1615;3208
RS;4320263;Segredo;879;2471;805;2756;1684;5227;3350;3561;6911
RS;4320305;Selbach;1475;1032;1313;1041;2788;2073;2507;2354;4861
RS;4320321;Senador Salgado Filho;331;1155;301;1140;632;2295;1486;1441;2927
RS;4320354;Sentinela do Sul;603;1749;580;1960;1183;3709;2352;2540;4892
RS;4320404;Serafina Corrêa;4299;1182;4117;1296;8416;2478;5481;5413;10894
RS;4320453;Sério;286;1009;282;1129;568;2138;1295;1411;2706
RS;4320503;Sertão;1932;1851;1765;1918;3697;3769;3783;3683;7466
RS;4320552;Sertão Santana;464;2062;448;2298;912;4360;2526;2746;5272
RS;4320578;Sete de Setembro;214;926;172;1045;386;1971;1140;1217;2357
RS;4320602;Severiano de Almeida;605;1471;560;1517;1165;2988;2076;2077;4153
RS;4320651;Silveira Martins;534;718;510;809;1044;1527;1252;1319;2571
RS;4320677;Sinimbu;607;4306;587;4710;1194;9016;4913;5297;10210
RS;4320701;Sobradinho;6078;2202;5592;2456;11670;4658;8280;8048;16328
RS;4320800;Soledade;12208;3057;11148;3314;23356;6371;15265;14462;29727
RS;4320859;Tabaí;533;1183;513;1334;1046;2517;1716;1847;3563
RS;4320909;Tapejara;6094;1726;5547;1748;11641;3474;7820;7295;15115
RS;4321006;Tapera;4415;965;4201;983;8616;1948;5380;5184;10564
RS;4321105;Tapes;7085;1125;6791;1290;13876;2415;8210;8081;16291
RS;4321204;Taquara;22125;4644;21000;5056;43125;9700;26769;26056;52825
RS;4321303;Taquari;10671;2460;10121;2635;20792;5095;13131;12756;25887
RS;4321329;Taquaruçu do Sul;482;956;446;1037;928;1993;1438;1483;2921
RS;4321352;Tavares;1305;1267;1299;1471;2604;2738;2572;2770;5342
RS;4321402;Tenente Portela;4473;2803;4047;3020;8520;5823;7276;7067;14343
RS;4321436;Terra de Areia;2526;3067;2546;3314;5072;6381;5593;5860;11453
RS;4321451;Teutônia;8707;2720;8651;2813;17358;5533;11427;11464;22891
RS;4321469;Tio Hugo;;;;;;;;;
RS;4321477;Tiradentes do Sul;768;2916;753;3060;1521;5976;3684;3813;7497
RS;4321493;Toropi;200;1286;195;1515;395;2801;1486;1710;3196
RS;4321501;Torres;14063;1589;13493;1735;27556;3324;15652;15228;30880
RS;4321600;Tramandaí;14994;671;14694;681;29688;1352;15665;15375;31040
RS;4321626;Travesseiro;405;731;422;791;827;1522;1136;1213;2349
RS;4321634;Três Arroios;417;1116;377;1234;794;2350;1533;1611;3144
RS;4321667;Três Cachoeiras;2365;2350;2366;2442;4731;4792;4715;4808;9523
RS;4321709;Três Coroas;8484;1141;8583;1222;17067;2363;9625;9805;19430
RS;4321808;Três de Maio;9240;3130;8485;3281;17725;6411;12370;11766;24136
RS;4321832;Três Forquilhas;131;1435;136;1537;267;2972;1566;1673;3239
RS;4321857;Três Palmeiras;876;1369;844;1531;1720;2900;2245;2375;4620
RS;4321907;Três Passos;9496;3129;8648;3383;18144;6512;12625;12031;24656
RS;4321956;Trindade do Sul;1103;1834;1038;1947;2141;3781;2937;2985;5922
RS;4322004;Triunfo;6409;4442;6478;4837;12887;9279;10851;11315;22166
RS;4322103;Tucunduva;1988;1223;1859;1235;3847;2458;3211;3094;6305
RS;4322152;Tunas;653;1417;657;1583;1310;3000;2070;2240;4310
RS;4322186;Tupanci do Sul;233;596;226;673;459;1269;829;899;1728
RS;4322202;Tupanciretã;8826;1815;8132;2174;16958;3989;10641;10306;20947
RS;4322251;Tupandi;971;435;1035;517;2006;952;1406;1552;2958
RS;4322301;Tuparendi;2690;2142;2417;2293;5107;4435;4832;4710;9542
RS;4322327;Turuçu;794;1006;844;1066;1638;2072;1800;1910;3710
RS;4322343;Ubiretama;245;1074;229;1129;474;2203;1319;1358;2677
RS;4322350;União da Serra;148;749;138;873;286;1622;897;1011;1908
RS;4322376;Unistalda;401;849;428;966;829;1815;1250;1394;2644
RS;4322400;Uruguaiana;60638;3543;57900;4855;118538;8398;64181;62755;126936
RS;4322509;Vacaria;27041;2195;25384;2721;52425;4916;29236;28105;57341
RS;4322525;Vale Verde;350;1154;329;1224;679;2378;1504;1553;3057
RS;4322533;Vale do Sol;378;4838;342;5000;720;9838;5216;5342;10558
RS;4322541;Vale Real;1822;312;1874;332;3696;644;2134;2206;4340
RS;4322558;Vanini;428;512;416;531;844;1043;940;947;1887
RS;4322608;Venâncio Aires;18638;12059;17555;12982;36193;25041;30697;30537;61234
RS;4322707;Vera Cruz;5136;5598;4765;5801;9901;11399;10734;10566;21300
RS;4322806;Veranópolis;8325;1687;7695;1759;16020;3446;10012;9454;19466
RS;4322855;Vespasiano Correa;172;857;164;1016;336;1873;1029;1180;2209
RS;4322905;Viadutos;1281;1792;1153;1861;2434;3653;3073;3014;6087
RS;4323002;Viamão;108418;7444;103194;8373;211612;15817;115862;111567;227429
RS;4323101;Vicente Dutra;1169;1815;1138;2006;2307;3821;2984;3144;6128
RS;4323200;Victor Graeff;701;1254;665;1304;1366;2558;1955;1969;3924
RS;4323309;Vila Flores;526;989;519;1052;1045;2041;1515;1571;3086
RS;4323358;Vila Lângaro;117;988;113;1059;230;2047;1105;1172;2277
RS;4323408;Vila Maria;817;1257;821;1278;1638;2535;2074;2099;4173
RS;4323457;Vila Nova do Sul;961;1128;905;1269;1866;2397;2089;2174;4263
RS;4323507;Vista Alegre;527;964;496;1009;1023;1973;1491;1505;2996
RS;4323606;Vista Alegre do Prata;182;591;180;665;362;1256;773;845;1618
RS;4323705;Vista Gaúcha;269;1053;251;1152;520;2205;1322;1403;2725
RS;4323754;Vitória das Missões;285;1583;307;1804;592;3387;1868;2111;3979
RS;4323770;Westfalia;;;;;;;;;
RS;4323804;Xangri-lá;3849;288;3775;285;7624;573;4137;4060;8197
RS;4399919;Santa Cristina do Pinhal;;;;;;;;;
RS;4399929;Santa Izabel;;;;;;;;;
SC;4200051;Abdon Batista;343;1004;370;1058;713;2062;1347;1428;2775
SC;4200101;Abelardo Luz;3674;4302;3554;4910;7228;9212;7976;8464;16440
SC;4200200;Agrolândia;2327;1514;2307;1662;4634;3176;3841;3969;7810
SC;4200309;Agronômica;452;1658;420;1727;872;3385;2110;2147;4257
SC;4200408;Água Doce;1605;1732;1543;1963;3148;3695;3337;3506;6843
SC;4200507;Águas de Chapecó;1122;1685;1080;1895;2202;3580;2807;2975;5782
SC;4200556;Águas Frias;256;951;261;1057;517;2008;1207;1318;2525
SC;4200606;Águas Mornas;834;1784;881;1891;1715;3675;2618;2772;5390
SC;4200705;Alfredo Wagner;1263;3023;1210;3361;2473;6384;4286;4571;8857
SC;4200754;Alto Bela Vista;263;764;259;812;522;1576;1027;1071;2098
SC;4200804;Anchieta;1281;2229;1162;2461;2443;4690;3510;3623;7133
SC;4200903;Angelina;535;2257;480;2504;1015;4761;2792;2984;5776
SC;4201000;Anita Garibaldi;2168;2895;2020;3190;4188;6085;5063;5210;10273
SC;4201109;Anitápolis;571;953;543;1167;1114;2120;1524;1710;3234
SC;4201208;Antônio Carlos;870;2244;890;2430;1760;4674;3114;3320;6434
SC;4201257;Apiúna;1861;2354;1745;2560;3606;4914;4215;4305;8520
SC;4201273;Arabutã;496;1543;475;1646;971;3189;2039;2121;4160
SC;4201307;Araquari;10807;744;11193;901;22000;1645;11551;12094;23645
SC;4201406;Araranguá;23001;4615;22051;5039;45052;9654;27616;27090;54706
SC;4201505;Armazém;1337;2016;1288;2232;2625;4248;3353;3520;6873
SC;4201604;Arroio Trinta;1081;650;1016;743;2097;1393;1731;1759;3490
SC;4201653;Arvoredo;206;880;205;1014;411;1894;1086;1219;2305
SC;4201703;Ascurra;3096;389;3023;426;6119;815;3485;3449;6934
SC;4201802;Atalanta;571;1113;562;1183;1133;2296;1684;1745;3429
SC;4201901;Aurora;753;1918;729;2074;1482;3992;2671;2803;5474
SC;4201950;Balneário Arroio do Silva;3011;82;2865;85;5876;167;3093;2950;6043
SC;4202008;Balneário Camboriú;38373;;35082;;73455;;38373;35082;73455
SC;4202057;Balneário Barra do Sul;2970;6;3062;7;6032;13;2976;3069;6045
SC;4202073;Balneário Gaivota;1487;1212;1490;1261;2977;2473;2699;2751;5450
SC;4202081;Bandeirante;372;1158;369;1278;741;2436;1530;1647;3177
SC;4202099;Barra Bonita;127;883;129;979;256;1862;1010;1108;2118
SC;4202107;Barra Velha;7375;445;7191;519;14566;964;7820;7710;15530
SC;4202131;Bela Vista do Toldo;282;2478;288;2673;570;5151;2760;2961;5721
SC;4202156;Belmonte;476;810;476;826;952;1636;1286;1302;2588
SC;4202206;Benedito Novo;2428;1963;2473;2207;4901;4170;4391;4680;9071
SC;4202305;Biguaçu;21555;2506;21352;2664;42907;5170;24061;24016;48077
SC;4202404;Blumenau;123686;9824;118257;10041;241943;19865;133510;128298;261808
SC;4202438;Bocaina do Sul;219;1181;196;1384;415;2565;1400;1580;2980
SC;4202453;Bombinhas;4246;;4470;;8716;;4246;4470;8716
SC;4202503;Bom Jardim da Serra;1104;935;1019;1021;2123;1956;2039;2040;4079
SC;4202537;Bom Jesus;507;507;482;550;989;1057;1014;1032;2046
SC;4202578;Bom Jesus do Oeste;201;852;175;922;376;1774;1053;1097;2150
SC;4202602;Bom Retiro;2680;1252;2656;1379;5336;2631;3932;4035;7967
SC;4202701;Botuverá;414;1398;389;1555;803;2953;1812;1944;3756
SC;4202800;Braço do Norte;8923;3341;8956;3582;17879;6923;12264;12538;24802
SC;4202859;Braço do Trombudo;815;768;807;797;1622;1565;1583;1604;3187
SC;4202875;Brunópolis;349;1271;358;1353;707;2624;1620;1711;3331
SC;4202909;Brusque;37313;1359;35943;1443;73256;2802;38672;37386;76058
SC;4203006;Caçador;28091;3564;27451;4216;55542;7780;31655;31667;63322
SC;4203105;Caibi;1605;1580;1455;1714;3060;3294;3185;3169;6354
SC;4203154;Calmon;686;987;706;1088;1392;2075;1673;1794;3467
SC;4203204;Camboriú;19694;967;19733;1051;39427;2018;20661;20784;41445
SC;4203253;Capão Alto;305;1113;299;1303;604;2416;1418;1602;3020
SC;4203303;Campo Alegre;3406;2263;3465;2500;6871;4763;5669;5965;11634
SC;4203402;Campo Belo do Sul;2178;1691;2262;1920;4440;3611;3869;4182;8051
SC;4203501;Campo Erê;2969;2206;2787;2391;5756;4597;5175;5178;10353
SC;4203600;Campos Novos;11529;2941;11027;3232;22556;6173;14470;14259;28729
SC;4203709;Canelinha;2177;2273;2115;2439;4292;4712;4450;4554;9004
SC;4203808;Canoinhas;19451;6534;18453;7193;37904;13727;25985;25646;51631
SC;4203907;Capinzal;7740;2195;7720;2300;15460;4495;9935;10020;19955
SC;4203956;Capivari de Baixo;8909;571;8527;554;17436;1125;9480;9081;18561
SC;4204004;Catanduvas;2667;1456;2637;1531;5304;2987;4123;4168;8291
SC;4204103;Caxambu do Sul;1021;1571;1033;1638;2054;3209;2592;2671;5263
SC;4204152;Celso Ramos;319;1073;319;1133;638;2206;1392;1452;2844
SC;4204178;Cerro Negro;341;1603;353;1801;694;3404;1944;2154;4098
SC;4204194;Chapadão do Lageado;144;1101;145;1171;289;2272;1245;1316;2561
SC;4204202;Chapecó;68426;5941;66166;6434;134592;12375;74367;72600;146967
SC;4204251;Cocal do Sul;5756;1117;5651;1202;11407;2319;6873;6853;13726
SC;4204301;Concórdia;23202;8703;22052;9101;45254;17804;31905;31153;63058
SC;4204350;Cordilheira Alta;155;1373;148;1417;303;2790;1528;1565;3093
SC;4204400;Coronel Freitas;2254;2894;2240;3147;4494;6041;5148;5387;10535
SC;4204459;Coronel Martins;233;926;225;1004;458;1930;1159;1229;2388
SC;4204509;Corupá;4357;1467;4370;1653;8727;3120;5824;6023;11847
SC;4204558;Correia Pinto;5974;2374;6072;2606;12046;4980;8348;8678;17026
SC;4204608;Criciúma;77807;8642;75242;8729;153049;17371;86449;83971;170420
SC;4204707;Cunha Porã;2775;2394;2512;2548;5287;4942;5169;5060;10229
SC;4204756;Cunhataí;161;688;174;799;335;1487;849;973;1822
SC;4204806;Curitibanos;16576;1720;15862;1903;32438;3623;18296;17765;36061
SC;4204905;Descanso;1967;2518;1918;2726;3885;5244;4485;4644;9129
SC;4205001;Dionísio Cerqueira;4456;2634;4154;3006;8610;5640;7090;7160;14250
SC;4205100;Dona Emma;686;943;682;998;1368;1941;1629;1680;3309
SC;4205159;Doutor Pedrinho;843;682;826;731;1669;1413;1525;1557;3082
SC;4205175;Entre Rios;364;1000;387;1106;751;2106;1364;1493;2857
SC;4205191;Ermo;289;700;304;764;593;1464;989;1068;2057
SC;4205209;Erval Velho;1134;1023;1026;1086;2160;2109;2157;2112;4269
SC;4205308;Faxinal dos Guedes;3568;1795;3476;1928;7044;3723;5363;5404;10767
SC;4205357;Flor do Sertão;97;670;98;747;195;1417;767;845;1612
SC;4205407;Florianópolis;171727;4894;160458;5236;332185;10130;176621;165694;342315
SC;4205431;Formosa do Sul;435;888;456;946;891;1834;1323;1402;2725
SC;4205456;Forquilhinha;7197;1861;7359;1931;14556;3792;9058;9290;18348
SC;4205506;Fraiburgo;13811;2510;13812;2815;27623;5325;16321;16627;32948
SC;4205555;Frei Rogério;236;1152;251;1332;487;2484;1388;1583;2971
SC;4205605;Galvão;1230;845;1264;896;2494;1741;2075;2160;4235
SC;4205704;Garopaba;5232;1129;5490;1313;10722;2442;6361;6803;13164
SC;4205803;Garuva;4070;1473;4186;1649;8256;3122;5543;5835;11378
SC;4205902;Gaspar;15023;8346;14578;8467;29601;16813;23369;23045;46414
SC;4206009;Governador Celso Ramos;5226;357;5616;399;10842;756;5583;6015;11598
SC;4206108;Grão Pará;1366;1447;1308;1696;2674;3143;2813;3004;5817
SC;4206207;Gravatal;1963;3453;1901;3482;3864;6935;5416;5383;10799
SC;4206306;Guabiruba;5908;455;6140;473;12048;928;6363;6613;12976
SC;4206405;Guaraciaba;2248;3186;2117;3487;4365;6673;5434;5604;11038
SC;4206504;Guaramirim;9427;2239;9585;2543;19012;4782;11666;12128;23794
SC;4206603;Guarujá do Sul;1167;1199;1104;1226;2271;2425;2366;2330;4696
SC;4206652;Guatambú;468;1778;515;1941;983;3719;2246;2456;4702
SC;4206702;Herval d'Oeste;8792;1431;8348;1473;17140;2904;10223;9821;20044
SC;4206751;Ibiam;259;716;242;738;501;1454;975;980;1955
SC;4206801;Ibicaré;610;1105;630;1242;1240;2347;1715;1872;3587
SC;4206900;Ibirama;6638;1266;6477;1421;13115;2687;7904;7898;15802
SC;4207007;Içara;19734;4413;19836;4651;39570;9064;24147;24487;48634
SC;4207106;Ilhota;3206;2055;3239;2074;6445;4129;5261;5313;10574
SC;4207205;Imaruí;1949;4605;1960;4890;3909;9495;6554;6850;13404
SC;4207304;Imbituba;17509;575;17018;598;34527;1173;18084;17616;35700
SC;4207403;Imbuia;959;1541;996;1750;1955;3291;2500;2746;5246
SC;4207502;Indaial;19371;872;19011;940;38382;1812;20243;19951;40194
SC;4207577;Iomerê;356;907;327;963;683;1870;1263;1290;2553
SC;4207601;Ipira;1119;1365;1095;1400;2214;2765;2484;2495;4979
SC;4207650;Iporã do Oeste;1441;2431;1410;2595;2851;5026;3872;4005;7877
SC;4207684;Ipuaçu;505;2538;462;2617;967;5155;3043;3079;6122
SC;4207700;Ipumirim;1258;2145;1226;2278;2484;4423;3403;3504;6907
SC;4207759;Iraceminha;624;1606;598;1764;1222;3370;2230;2362;4592
SC;4207809;Irani;2533;1662;2525;1882;5058;3544;4195;4407;8602
SC;4207858;Irati;201;829;211;961;412;1790;1030;1172;2202
SC;4207908;Irineópolis;1529;3259;1435;3511;2964;6770;4788;4946;9734
SC;4208005;Itá;1709;1599;1713;1743;3422;3342;3308;3456;6764
SC;4208104;Itaiópolis;4513;4894;4244;5435;8757;10329;9407;9679;19086
SC;4208203;Itajaí;72431;2710;69519;2834;141950;5544;75141;72353;147494
SC;4208302;Itapema;12526;521;12255;567;24781;1088;13047;12822;25869
SC;4208401;Itapiranga;2725;4094;2657;4522;5382;8616;6819;7179;13998
SC;4208450;Itapoá;3961;317;4230;331;8191;648;4278;4561;8839
SC;4208500;Ituporanga;5997;3770;5667;4058;11664;7828;9767;9725;19492
SC;4208609;Jaborá;704;1358;658;1474;1362;2832;2062;2132;4194
SC;4208708;Jacinto Machado;2312;3139;2226;3246;4538;6385;5451;5472;10923
SC;4208807;Jaguaruna;5200;2149;5038;2226;10238;4375;7349;7264;14613
SC;4208906;Jaraguá do Sul;47980;5815;48340;6354;96320;12169;53795;54694;108489
SC;4208955;Jardinópolis;413;567;402;612;815;1179;980;1014;1994
SC;4209003;Joaçaba;11295;1155;10393;1223;21688;2378;12450;11616;24066
SC;4209102;Joinville;208994;7075;205978;7557;414972;14632;216069;213535;429604
SC;4209151;José Boiteux;733;1528;733;1600;1466;3128;2261;2333;4594
SC;4209177;Jupiá;335;730;336;819;671;1549;1065;1155;2220
SC;4209201;Lacerdópolis;502;577;481;613;983;1190;1079;1094;2173
SC;4209300;Lages;79123;1939;74459;2161;153582;4100;81062;76620;157682
SC;4209409;Laguna;19000;5172;18284;5112;37284;10284;24172;23396;47568
SC;4209458;Lajeado Grande;245;545;231;551;476;1096;790;782;1572
SC;4209508;Laurentino;1651;885;1587;939;3238;1824;2536;2526;5062
SC;4209607;Lauro Muller;4957;1785;4966;1896;9923;3681;6742;6862;13604
SC;4209706;Lebon Régis;3484;2212;3496;2490;6980;4702;5696;5986;11682
SC;4209805;Leoberto Leal;218;1549;239;1733;457;3282;1767;1972;3739
SC;4209854;Lindóia do Sul;665;1697;656;1859;1321;3556;2362;2515;4877
SC;4209904;Lontras;2739;1454;2570;1618;5309;3072;4193;4188;8381
SC;4210001;Luiz Alves;1018;2815;1106;3035;2124;5850;3833;4141;7974
SC;4210035;Luzerna;2057;772;1907;836;3964;1608;2829;2743;5572
SC;4210050;Macieira;153;785;151;811;304;1596;938;962;1900
SC;4210100;Mafra;19242;5720;18471;6507;37713;12227;24962;24978;49940
SC;4210209;Major Gercino;492;1022;485;1144;977;2166;1514;1629;3143
SC;4210308;Major Vieira;1125;2247;1074;2460;2199;4707;3372;3534;6906
SC;4210407;Maracajá;1748;973;1773;1047;3521;2020;2721;2820;5541
SC;4210506;Maravilha;7329;2065;6897;2230;14226;4295;9394;9127;18521
SC;4210555;Marema;472;826;469;884;941;1710;1298;1353;2651
SC;4210605;Massaranduba;2328;3895;2301;4038;4629;7933;6223;6339;12562
SC;4210704;Matos Costa;623;915;627;1039;1250;1954;1538;1666;3204
SC;4210803;Meleiro;1616;1869;1591;2004;3207;3873;3485;3595;7080
SC;4210852;Mirim Doce;588;737;570;858;1158;1595;1325;1428;2753
SC;4210902;Modelo;1112;839;1089;890;2201;1729;1951;1979;3930
SC;4211009;Mondaí;2086;2246;1963;2433;4049;4679;4332;4396;8728
SC;4211058;Monte Carlo;3593;616;3712;658;7305;1274;4209;4370;8579
SC;4211108;Monte Castelo;2276;1797;2297;1980;4573;3777;4073;4277;8350
SC;4211207;Morro da Fumaça;5539;1672;5615;1725;11154;3397;7211;7340;14551
SC;4211256;Morro Grande;362;1034;375;1146;737;2180;1396;1521;2917
SC;4211306;Navegantes;18379;1277;18271;1390;36650;2667;19656;19661;39317
SC;4211405;Nova Erechim;853;875;867;948;1720;1823;1728;1815;3543
SC;4211454;Nova Itaberaba;211;1818;214;2013;425;3831;2029;2227;4256
SC;4211504;Nova Trento;3342;1463;3331;1716;6673;3179;4805;5047;9852
SC;4211603;Nova Veneza;3630;2058;3569;2254;7199;4312;5688;5823;11511
SC;4211652;Novo Horizonte;361;1134;362;1244;723;2378;1495;1606;3101
SC;4211702;Orleans;6498;3445;6315;3773;12813;7218;9943;10088;20031
SC;4211751;Otacílio Costa;6386;557;6425;625;12811;1182;6943;7050;13993
SC;4211801;Ouro;2144;1589;2021;1665;4165;3254;3733;3686;7419
SC;4211850;Ouro Verde;312;820;313;907;625;1727;1132;1220;2352
SC;4211876;Paial;134;817;125;976;259;1793;951;1101;2052
SC;4211892;Painel;402;713;422;847;824;1560;1115;1269;2384
SC;4211900;Palhoça;49004;2306;48910;2522;97914;4828;51310;51432;102742
SC;4212007;Palma Sola;1633;2382;1559;2632;3192;5014;4015;4191;8206
SC;4212056;Palmeira;367;633;404;729;771;1362;1000;1133;2133
SC;4212106;Palmitos;4191;3821;3815;4207;8006;8028;8012;8022;16034
SC;4212205;Papanduva;3993;4143;3960;4726;7953;8869;8136;8686;16822
SC;4212239;Paraíso;647;1656;655;1838;1302;3494;2303;2493;4796
SC;4212254;Passo de Torres;1777;413;1745;465;3522;878;2190;2210;4400
SC;4212270;Passos Maia;373;1881;375;2134;748;4015;2254;2509;4763
SC;4212304;Paulo Lopes;1771;1094;1783;1276;3554;2370;2865;3059;5924
SC;4212403;Pedras Grandes;447;1992;418;2064;865;4056;2439;2482;4921
SC;4212502;Penha;8028;797;7965;888;15993;1685;8825;8853;17678
SC;4212601;Peritiba;677;938;640;975;1317;1913;1615;1615;3230
SC;4212650;Pescaria Brava;;;;;;;;;
SC;4212700;Petrolândia;917;2177;894;2418;1811;4595;3094;3312;6406
SC;4212809;Piçarras;4310;1101;4305;1195;8615;2296;5411;5500;10911
SC;4212908;Pinhalzinho;4667;1442;4646;1601;9313;3043;6109;6247;12356
SC;4213005;Pinheiro Preto;571;759;570;829;1141;1588;1330;1399;2729
SC;4213104;Piratuba;1363;1100;1347;2002;2710;3102;2463;3349;5812
SC;4213153;Planalto Alegre;375;805;364;908;739;1713;1180;1272;2452
SC;4213203;Pomerode;9436;1661;9277;1753;18713;3414;11097;11030;22127
SC;4213302;Ponte Alta;1893;675;1890;710;3783;1385;2568;2600;5168
SC;4213351;Ponte Alta do Norte;1175;434;1163;449;2338;883;1609;1612;3221
SC;4213401;Ponte Serrada;3656;1576;3574;1755;7230;3331;5232;5329;10561
SC;4213500;Porto Belo;4965;352;5008;379;9973;731;5317;5387;10704
SC;4213609;Porto União;13785;2478;12794;2801;26579;5279;16263;15595;31858
SC;4213708;Pouso Redondo;3187;2730;3181;3105;6368;5835;5917;6286;12203
SC;4213807;Praia Grande;2013;1588;1924;1761;3937;3349;3601;3685;7286
SC;4213906;Presidente Castelo Branco;232;801;225;902;457;1703;1033;1127;2160
SC;4214003;Presidente Getúlio;4058;2121;3809;2345;7867;4466;6179;6154;12333
SC;4214102;Presidente Nereu;411;712;365;817;776;1529;1123;1182;2305
SC;4214151;Princesa;297;975;271;1070;568;2045;1272;1341;2613
SC;4214201;Quilombo;2383;2903;2314;3136;4697;6039;5286;5450;10736
SC;4214300;Rancho Queimado;560;729;543;805;1103;1534;1289;1348;2637
SC;4214409;Rio das Antas;1139;1867;1087;2036;2226;3903;3006;3123;6129
SC;4214508;Rio do Campo;1148;2032;1140;2202;2288;4234;3180;3342;6522
SC;4214607;Rio do Oeste;1325;1920;1301;2184;2626;4104;3245;3485;6730
SC;4214706;Rio dos Cedros;1882;2465;1876;2716;3758;5181;4347;4592;8939
SC;4214805;Rio do Sul;24800;1553;23618;1679;48418;3232;26353;25297;51650
SC;4214904;Rio Fortuna;620;1461;593;1646;1213;3107;2081;2239;4320
SC;4215000;Rio Negrinho;16289;2375;16361;2682;32650;5057;18664;19043;37707
SC;4215059;Rio Rufino;265;886;288;975;553;1861;1151;1263;2414
SC;4215075;Riqueza;651;1898;626;1991;1277;3889;2549;2617;5166
SC;4215109;Rodeio;4451;732;4415;782;8866;1514;5183;5197;10380
SC;4215208;Romelândia;1106;2165;1014;2206;2120;4371;3271;3220;6491
SC;4215307;Salete;2239;1215;2344;1365;4583;2580;3454;3709;7163
SC;4215356;Saltinho;442;1560;457;1737;899;3297;2002;2194;4196
SC;4215406;Salto Veloso;1384;492;1450;584;2834;1076;1876;2034;3910
SC;4215455;Sangão;1800;2210;1824;2294;3624;4504;4010;4118;8128
SC;4215505;Santa Cecília;5870;1505;5747;1680;11617;3185;7375;7427;14802
SC;4215554;Santa Helena;395;858;345;990;740;1848;1253;1335;2588
SC;4215604;Santa Rosa de Lima;209;746;214;838;423;1584;955;1052;2007
SC;4215653;Santa Rosa do Sul;1552;2301;1490;2467;3042;4768;3853;3957;7810
SC;4215679;Santa Terezinha;550;3605;592;4093;1142;7698;4155;4685;8840
SC;4215687;Santa Terezinha do Progresso;231;1410;195;1580;426;2990;1641;1775;3416
SC;4215695;Santiago do Sul;252;551;269;624;521;1175;803;893;1696
SC;4215703;Santo Amaro da Imperatriz;6142;1550;6394;1622;12536;3172;7692;8016;15708
SC;4215752;São Bernardino;248;1245;281;1366;529;2611;1493;1647;3140
SC;4215802;São Bento do Sul;30834;1753;30992;1858;61826;3611;32587;32850;65437
SC;4215901;São Bonifácio;331;1215;351;1321;682;2536;1546;1672;3218
SC;4216008;São Carlos;2771;1865;2576;2152;5347;4017;4636;4728;9364
SC;4216057;São Cristovão do Sul;1408;677;1311;1108;2719;1785;2085;2419;4504
SC;4216107;São Domingos;2786;1998;2644;2112;5430;4110;4784;4756;9540
SC;4216206;São Francisco do Sul;14997;1099;14933;1272;29930;2371;16096;16205;32301
SC;4216255;São João do Oeste;789;2078;705;2217;1494;4295;2867;2922;5789
SC;4216305;São João Batista;5619;1761;5654;1827;11273;3588;7380;7481;14861
SC;4216354;São João do Itaperiú;693;827;761;880;1454;1707;1520;1641;3161
SC;4216404;São João do Sul;575;2723;568;2918;1143;5641;3298;3486;6784
SC;4216503;São Joaquim;8278;3135;7851;3572;16129;6707;11413;11423;22836
SC;4216602;São José;87871;1097;83359;1232;171230;2329;88968;84591;173559
SC;4216701;São José do Cedro;3362;3364;3297;3655;6659;7019;6726;6952;13678
SC;4216800;São José do Cerrito;1087;3947;1065;4294;2152;8241;5034;5359;10393
SC;4216909;São Lourenço do Oeste;6841;2961;6566;3279;13407;6240;9802;9845;19647
SC;4217006;São Ludgero;2923;1251;3072;1341;5995;2592;4174;4413;8587
SC;4217105;São Martinho;448;1113;440;1273;888;2386;1561;1713;3274
SC;4217154;São Miguel da Boa Vista;172;798;159;889;331;1687;970;1048;2018
SC;4217204;São Miguel do Oeste;14089;2383;13303;2549;27392;4932;16472;15852;32324
SC;4217253;São Pedro de Alcântara;1014;697;1082;791;2096;1488;1711;1873;3584
SC;4217303;Saudades;1464;2587;1433;2840;2897;5427;4051;4273;8324
SC;4217402;Schroeder;4611;675;4791;734;9402;1409;5286;5525;10811
SC;4217501;Seara;5120;2939;5143;3282;10263;6221;8059;8425;16484
SC;4217550;Serra Alta;608;1046;593;1083;1201;2129;1654;1676;3330
SC;4217600;Siderópolis;4623;1426;4480;1553;9103;2979;6049;6033;12082
SC;4217709;Sombrio;8132;3357;7793;3680;15925;7037;11489;11473;22962
SC;4217758;Sul Brasil;368;1144;376;1228;744;2372;1512;1604;3116
SC;4217808;Taió;3982;3955;3905;4415;7887;8370;7937;8320;16257
SC;4217907;Tangará;2184;2123;2049;2398;4233;4521;4307;4447;8754
SC;4217956;Tigrinhos;103;791;110;874;213;1665;894;984;1878
SC;4218004;Tijucas;9516;2239;9195;2549;18711;4788;11755;11744;23499
SC;4218103;Timbé do Sul;878;1720;805;1920;1683;3640;2598;2725;5323
SC;4218202;Timbó;13530;1237;13253;1338;26783;2575;14767;14591;29358
SC;4218251;Timbó Grande;1380;1771;1395;1955;2775;3726;3151;3350;6501
SC;4218301;Três Barras;7091;1423;7132;1478;14223;2901;8514;8610;17124
SC;4218350;Treviso;784;771;777;812;1561;1583;1555;1589;3144
SC;4218400;Treze de Maio;900;2411;864;2541;1764;4952;3311;3405;6716
SC;4218509;Treze Tílias;1485;922;1422;1011;2907;1933;2407;2433;4840
SC;4218608;Trombudo Central;1615;1261;1539;1380;3154;2641;2876;2919;5795
SC;4218707;Tubarão;36294;9196;33631;9349;69925;18545;45490;42980;88470
SC;4218756;Tunápolis;624;1655;593;1905;1217;3560;2279;2498;4777
SC;4218806;Turvo;2918;2573;2719;2677;5637;5250;5491;5396;10887
SC;4218855;União do Oeste;500;1169;494;1228;994;2397;1669;1722;3391
SC;4218905;Urubici;3403;1713;3258;1878;6661;3591;5116;5136;10252
SC;4218954;Urupema;584;625;601;717;1185;1342;1209;1318;2527
SC;4219002;Urussanga;5549;3964;5101;4113;10650;8077;9513;9214;18727
SC;4219101;Vargeão;681;1050;699;1096;1380;2146;1731;1795;3526
SC;4219150;Vargem;331;1216;320;1358;651;2574;1547;1678;3225
SC;4219176;Vargem Bonita;1107;1451;1092;1508;2199;2959;2558;2600;5158
SC;4219200;Vidal Ramos;769;2207;728;2575;1497;4782;2976;3303;6279
SC;4219309;Videira;18147;2781;17640;3021;35787;5802;20928;20661;41589
SC;4219358;Vitor Meireles;541;2033;557;2388;1098;4421;2574;2945;5519
SC;4219408;Witmarsum;331;1244;281;1395;612;2639;1575;1676;3251
SC;4219507;Xanxerê;16665;2428;15720;2616;32385;5044;19093;18336;37429
SC;4219606;Xavantina;474;1628;472;1830;946;3458;2102;2302;4404
SC;4219705;Xaxim;8214;3284;7844;3515;16058;6799;11498;11359;22857
SC;4219853;Zortéa;1021;279;1032;301;2053;580;1300;1333;2633
SC;4220000;Balneário Rincão;;;;;;;;;
SC;4299919;São Miguel;;;;;;;;;
SE;2800100;Amparo de São Francisco;605;487;600;490;1205;977;1092;1090;2182
SE;2800209;Aquidabã;5037;4327;4610;4370;9647;8697;9364;8980;18344
SE;2800308;Aracaju;245647;;215887;;461534;;245647;215887;461534
SE;2800407;Arauá;2056;2803;1961;2942;4017;5745;4859;4903;9762
SE;2800506;Areia Branca;3445;3863;3364;4152;6809;8015;7308;7516;14824
SE;2800605;Barra dos Coqueiros;7730;1267;7446;1364;15176;2631;8997;8810;17807
SE;2800670;Boquim;7736;4478;7239;4735;14975;9213;12214;11974;24188
SE;2800704;Brejo Grande;1979;1513;1968;1642;3947;3155;3492;3610;7102
SE;2801009;Campo do Brito;3560;4024;3356;4235;6916;8259;7584;7591;15175
SE;2801108;Canhoba;784;1117;811;1253;1595;2370;1901;2064;3965
SE;2801207;Canindé de São Francisco;4710;4074;4593;4377;9303;8451;8784;8970;17754
SE;2801306;Capela;8297;5000;7798;5423;16095;10423;13297;13221;26518
SE;2801405;Carira;4854;4057;4589;4270;9443;8327;8911;8859;17770
SE;2801504;Carmópolis;3897;868;3709;878;7606;1746;4765;4587;9352
SE;2801603;Cedro de São João;2325;346;2325;382;4650;728;2671;2707;5378
SE;2801702;Cristinápolis;3264;3721;3181;4102;6445;7823;6985;7283;14268
SE;2801900;Cumbe;1046;744;1084;772;2130;1516;1790;1856;3646
SE;2802007;Divina Pastora;932;670;917;747;1849;1417;1602;1664;3266
SE;2802106;Estância;26132;3817;24722;4331;50854;8148;29949;29053;59002
SE;2802205;Feira Nova;1628;918;1499;1023;3127;1941;2546;2522;5068
SE;2802304;Frei Paulo;3286;2755;3044;2888;6330;5643;6041;5932;11973
SE;2802403;Gararu;1538;3981;1450;4394;2988;8375;5519;5844;11363
SE;2802502;General Maynard;787;406;778;429;1565;835;1193;1207;2400
SE;2802601;Gracho Cardoso;1308;1378;1232;1601;2540;2979;2686;2833;5519
SE;2802700;Ilha das Flores;1952;2234;1844;2251;3796;4485;4186;4095;8281
SE;2802809;Indiaroba;2463;3999;2218;4472;4681;8471;6462;6690;13152
SE;2802908;Itabaiana;28659;10289;26813;11052;55472;21341;38948;37865;76813
SE;2803005;Itabaianinha;7927;9619;7632;10276;15559;19895;17546;17908;35454
SE;2803104;Itabi;1329;1195;1309;1341;2638;2536;2524;2650;5174
SE;2803203;Itaporanga d'Ajuda;4756;7933;4403;8390;9159;16323;12689;12793;25482
SE;2803302;Japaratuba;3665;3544;3547;3800;7212;7344;7209;7347;14556
SE;2803401;Japoatã;1919;4508;1947;4646;3866;9154;6427;6593;13020
SE;2803500;Lagarto;21044;20989;19483;21818;40527;42807;42033;41301;83334
SE;2803609;Laranjeiras;10776;1122;10437;1225;21213;2347;11898;11662;23560
SE;2803708;Macambira;1153;1739;1013;1897;2166;3636;2892;2910;5802
SE;2803807;Malhada dos Bois;689;948;642;929;1331;1877;1637;1571;3208
SE;2803906;Malhador;2453;3190;2414;3424;4867;6614;5643;5838;11481
SE;2804003;Maruim;5980;1799;5686;1989;11666;3788;7779;7675;15454
SE;2804102;Moita Bonita;1870;3517;1763;3608;3633;7125;5387;5371;10758
SE;2804201;Monte Alegre de Sergipe;3315;2412;3153;2707;6468;5119;5727;5860;11587
SE;2804300;Muribeca;1426;2099;1337;2239;2763;4338;3525;3576;7101
SE;2804409;Neópolis;5418;3930;5083;4162;10501;8092;9348;9245;18593
SE;2804458;Nossa Senhora Aparecida;1216;2812;1161;3090;2377;5902;4028;4251;8279
SE;2804508;Nossa Senhora da Glória;8727;4628;8410;5145;17137;9773;13355;13555;26910
SE;2804607;Nossa Senhora das Dores;6916;4210;6608;4461;13524;8671;11126;11069;22195
SE;2804706;Nossa Senhora de Lourdes;1503;1483;1462;1575;2965;3058;2986;3037;6023
SE;2804805;Nossa Senhora do Socorro;66958;204;64321;196;131279;400;67162;64517;131679
SE;2804904;Pacatuba;1304;4348;1229;4655;2533;9003;5652;5884;11536
SE;2805000;Pedra Mole;550;726;550;804;1100;1530;1276;1354;2630
SE;2805109;Pedrinhas;2738;1231;2660;1300;5398;2531;3969;3960;7929
SE;2805208;Pinhão;1618;957;1515;1154;3133;2111;2575;2669;5244
SE;2805307;Pirambu;2112;1512;2036;1595;4148;3107;3624;3631;7255
SE;2805406;Poço Redondo;3255;9547;3105;10115;6360;19662;12802;13220;26022
SE;2805505;Poço Verde;5376;4604;5122;4871;10498;9475;9980;9993;19973
SE;2805604;Porto da Folha;4341;8087;4371;8865;8712;16952;12428;13236;25664
SE;2805703;Propriá;12257;1866;11310;1952;23567;3818;14123;13262;27385
SE;2805802;Riachão do Dantas;2167;7318;2103;7614;4270;14932;9485;9717;19202
SE;2805901;Riachuelo;3489;776;3218;854;6707;1630;4265;4072;8337
SE;2806008;Ribeirópolis;5229;2573;4866;2771;10095;5344;7802;7637;15439
SE;2806107;Rosário do Catete;2906;694;2750;752;5656;1446;3600;3502;7102
SE;2806206;Salgado;2585;6791;2398;7102;4983;13893;9376;9500;18876
SE;2806305;Santa Luzia do Itanhy;1283;5454;1302;5909;2585;11363;6737;7211;13948
SE;2806404;Santana do São Francisco;2030;996;2021;1088;4051;2084;3026;3109;6135
SE;2806503;Santa Rosa de Lima;988;805;972;830;1960;1635;1793;1802;3595
SE;2806602;Santo Amaro das Brotas;4121;1222;3961;1366;8082;2588;5343;5327;10670
SE;2806701;São Cristóvão;32342;741;30774;790;63116;1531;33083;31564;64647
SE;2806800;São Domingos;1995;2586;1909;2770;3904;5356;4581;4679;9260
SE;2806909;São Francisco;1052;175;1114;191;2166;366;1227;1305;2532
SE;2807006;São Miguel do Aleixo;751;981;728;987;1479;1968;1732;1715;3447
SE;2807105;Simão Dias;8853;9931;7965;10064;16818;19995;18784;18029;36813
SE;2807204;Siriri;1392;1987;1334;2201;2726;4188;3379;3535;6914
SE;2807303;Telha;529;772;534;803;1063;1575;1301;1337;2638
SE;2807402;Tobias Barreto;14496;7485;13004;8187;27500;15672;21981;21191;43172
SE;2807501;Tomar do Geru;2094;4178;2041;4527;4135;8705;6272;6568;12840
SE;2807600;Umbaúba;5609;4050;5326;4229;10935;8279;9659;9555;19214
SP;3500105;Adamantina;15731;1445;14637;1684;30368;3129;17176;16321;33497
SP;3500204;Adolfo;1519;297;1552;316;3071;613;1816;1868;3684
SP;3500303;Aguaí;12435;1627;12273;1860;24708;3487;14062;14133;28195
SP;3500402;Águas da Prata;3056;484;3019;572;6075;1056;3540;3591;7131
SP;3500501;Águas de Lindóia;7818;348;7645;379;15463;727;8166;8024;16190
SP;3500550;Águas de Santa Bárbara;1983;603;1895;743;3878;1346;2586;2638;5224
SP;3500600;Águas de São Pedro;1016;;867;;1883;;1016;867;1883
SP;3500709;Agudos;15592;746;15100;1046;30692;1792;16338;16146;32484
SP;3500758;Alambari;1186;586;1258;620;2444;1206;1772;1878;3650
SP;3500808;Alfredo Marcondes;1343;473;1329;552;2672;1025;1816;1881;3697
SP;3500907;Altair;1191;459;1359;521;2550;980;1650;1880;3530
SP;3501004;Altinópolis;6278;1379;6269;1555;12547;2934;7657;7824;15481
SP;3501103;Alto Alegre;1483;557;1534;687;3017;1244;2040;2221;4261
SP;3501152;Alumínio;6799;754;6928;771;13727;1525;7553;7699;15252
SP;3501202;Álvares Florence;1271;785;1383;877;2654;1662;2056;2260;4316
SP;3501301;Álvares Machado;10084;1178;10012;1387;20096;2565;11262;11399;22661
SP;3501400;Álvaro de Carvalho;1239;407;1198;1265;2437;1672;1646;2463;4109
SP;3501509;Alvinlândia;1229;177;1202;229;2431;406;1406;1431;2837
SP;3501608;Americana;92059;199;90100;235;182159;434;92258;90335;182593
SP;3501707;Américo Brasiliense;13577;309;14064;337;27641;646;13886;14401;28287
SP;3501806;Américo de Campos;2225;565;2163;641;4388;1206;2790;2804;5594
SP;3501905;Amparo;22164;8116;21193;8931;43357;17047;30280;30124;60404
SP;3502002;Analândia;1293;437;1357;495;2650;932;1730;1852;3582
SP;3502101;Andradina;25917;2045;24919;2280;50836;4325;27962;27199;55161
SP;3502200;Angatuba;6557;2809;6683;3248;13240;6057;9366;9931;19297
SP;3502309;Anhembi;1624;576;1641;694;3265;1270;2200;2335;4535
SP;3502408;Anhumas;1248;421;1259;483;2507;904;1669;1742;3411
SP;3502507;Aparecida;17546;232;16836;290;34382;522;17778;17126;34904
SP;3502606;Aparecida d'Oeste;1873;608;1792;662;3665;1270;2481;2454;4935
SP;3502705;Apiaí;8487;4969;8161;5545;16648;10514;13456;13706;27162
SP;3502754;Araçariguama;3593;1828;3647;2086;7240;3914;5421;5733;11154
SP;3502804;Araçatuba;84987;2283;79462;2522;164449;4805;87270;81984;169254
SP;3502903;Araçoiaba da Serra;6860;2967;6819;3170;13679;6137;9827;9989;19816
SP;3503000;Aramina;2052;288;2093;330;4145;618;2340;2423;4763
SP;3503109;Arandu;2005;975;2017;1068;4022;2043;2980;3085;6065
SP;3503158;Arapeí;981;332;918;387;1899;719;1313;1305;2618
SP;3503208;Araraquara;89472;4257;84097;4645;173569;8902;93729;88742;182471
SP;3503307;Araras;49061;3056;48799;3280;97860;6336;52117;52079;104196
SP;3503356;Arco-Íris;527;493;541;602;1068;1095;1020;1143;2163
SP;3503406;Arealva;2589;930;2656;1069;5245;1999;3519;3725;7244
SP;3503505;Areias;1245;537;1207;611;2452;1148;1782;1818;3600
SP;3503604;Areiópolis;4153;848;4407;888;8560;1736;5001;5295;10296
SP;3503703;Ariranha;3377;281;3507;312;6884;593;3658;3819;7477
SP;3503802;Artur Nogueira;15219;1290;15245;1370;30464;2660;16509;16615;33124
SP;3503901;Arujá;28476;1195;28154;1360;56630;2555;29671;29514;59185
SP;3503950;Aspásia;563;331;612;355;1175;686;894;967;1861
SP;3504008;Assis;43364;1449;40024;2414;83388;3863;44813;42438;87251
SP;3504107;Atibaia;49163;6802;47711;7624;96874;14426;55965;55335;111300
SP;3504206;Auriflama;5944;755;5944;870;11888;1625;6699;6814;13513
SP;3504305;Avaí;1546;658;1650;742;3196;1400;2204;2392;4596
SP;3504404;Avanhandava;4079;351;4021;378;8100;729;4430;4399;8829
SP;3504503;Avaré;36385;1905;36002;2180;72387;4085;38290;38182;76472
SP;3504602;Bady Bassitt;5133;593;5141;683;10274;1276;5726;5824;11550
SP;3504701;Balbinos;518;119;544;132;1062;251;637;676;1313
SP;3504800;Bálsamo;3206;475;3132;527;6338;1002;3681;3659;7340
SP;3504909;Bananal;3676;1218;3511;1308;7187;2526;4894;4819;9713
SP;3505005;Barão de Antonina;826;539;822;607;1648;1146;1365;1429;2794
SP;3505104;Barbosa;2443;455;2432;507;4875;962;2898;2939;5837
SP;3505203;Bariri;13062;1031;12988;1143;26050;2174;14093;14131;28224
SP;3505302;Barra Bonita;17311;445;17226;505;34537;950;17756;17731;35487
SP;3505351;Barra do Chapéu;702;1534;746;1864;1448;3398;2236;2610;4846
SP;3505401;Barra do Turvo;1458;2398;1422;2830;2880;5228;3856;4252;8108
SP;3505500;Barretos;50932;2314;47928;2739;98860;5053;53246;50667;103913
SP;3505609;Barrinha;11819;107;12125;156;23944;263;11926;12281;24207
SP;3505708;Barueri;105397;;102884;;208281;;105397;102884;208281
SP;3505807;Bastos;8680;1661;8360;1887;17040;3548;10341;10247;20588
SP;3505906;Batatais;24484;1267;23801;1560;48285;2827;25751;25361;51112
SP;3506003;Bauru;160188;1441;150254;4181;310442;5622;161629;154435;316064
SP;3506102;Bebedouro;35625;2290;34339;2561;69964;4851;37915;36900;74815
SP;3506201;Bento de Abreu;953;217;995;229;1948;446;1170;1224;2394
SP;3506300;Bernardino de Campos;4765;640;4561;754;9326;1394;5405;5315;10720
SP;3506359;Bertioga;14146;382;15032;479;29178;861;14528;15511;30039
SP;3506409;Bilac;2736;357;2636;359;5372;716;3093;2995;6088
SP;3506508;Birigui;46312;1535;44706;1747;91018;3282;47847;46453;94300
SP;3506607;Biritiba-Mirim;10297;1855;10481;2020;20778;3875;12152;12501;24653
SP;3506706;Boa Esperança do Sul;5354;828;5399;992;10753;1820;6182;6391;12573
SP;3506805;Bocaina;4303;428;4243;468;8546;896;4731;4711;9442
SP;3506904;Bofete;2549;948;2682;1177;5231;2125;3497;3859;7356
SP;3507001;Boituva;16116;853;16421;978;32537;1831;16969;17399;34368
SP;3507100;Bom Jesus dos Perdões;5644;980;5579;1110;11223;2090;6624;6689;13313
SP;3507159;Bom Sucesso de Itararé;970;592;984;685;1954;1277;1562;1669;3231
SP;3507209;Borá;314;74;309;98;623;172;388;407;795
SP;3507308;Boracéia;1593;220;1690;236;3283;456;1813;1926;3739
SP;3507407;Borborema;5393;1109;5457;1234;10850;2343;6502;6691;13193
SP;3507456;Borebi;733;199;745;256;1478;455;932;1001;1933
SP;3507506;Botucatu;53380;2050;50613;2263;103993;4313;55430;52876;108306
SP;3507605;Bragança Paulista;56514;6615;54577;7325;111091;13940;63129;61902;125031
SP;3507704;Braúna;1706;441;1710;526;3416;967;2147;2236;4383
SP;3507753;Brejo Alegre;875;239;906;288;1781;527;1114;1194;2308
SP;3507803;Brodowski;8132;390;8153;464;16285;854;8522;8617;17139
SP;3507902;Brotas;8105;1259;8022;1500;16127;2759;9364;9522;18886
SP;3508009;Buri;6568;1791;7088;2182;13656;3973;8359;9270;17629
SP;3508108;Buritama;6395;572;6240;647;12635;1219;6967;6887;13854
SP;3508207;Buritizal;1452;352;1451;419;2903;771;1804;1870;3674
SP;3508306;Cabrália Paulista;2006;318;1986;346;3992;664;2324;2332;4656
SP;3508405;Cabreúva;12634;3520;13126;3820;25760;7340;16154;16946;33100
SP;3508504;Caçapava;33788;4545;32953;4844;66741;9389;38333;37797;76130
SP;3508603;Cachoeira Paulista;11100;2603;10571;2931;21671;5534;13703;13502;27205
SP;3508702;Caconde;6024;3039;5793;3522;11817;6561;9063;9315;18378
SP;3508801;Cafelândia;6689;1296;6367;1441;13056;2737;7985;7808;15793
SP;3508900;Caiabu;1544;447;1571;515;3115;962;1991;2086;4077
SP;3509007;Caieiras;34544;1327;33937;1413;68481;2740;35871;35350;71221
SP;3509106;Caiuá;906;1100;863;1323;1769;2423;2006;2186;4192
SP;3509205;Cajamar;23925;1250;24159;1427;48084;2677;25175;25586;50761
SP;3509254;Cajati;10278;3848;10718;4383;20996;8231;14126;15101;29227
SP;3509304;Cajobi;4054;387;4302;431;8356;818;4441;4733;9174
SP;3509403;Cajuru;9151;1093;9250;1283;18401;2376;10244;10533;20777
SP;3509452;Campina do Monte Alegre;2049;484;2131;545;4180;1029;2533;2676;5209
SP;3509502;Campinas;489574;7647;463644;8531;953218;16178;497221;472175;969396
SP;3509601;Campo Limpo Paulista;31280;684;30980;780;62260;1464;31964;31760;63724
SP;3509700;Campos do Jordão;22074;200;21735;243;43809;443;22274;21978;44252
SP;3509809;Campos Novos Paulista;1480;536;1508;657;2988;1193;2016;2165;4181
SP;3509908;Cananéia;5111;969;5093;1125;10204;2094;6080;6218;12298
SP;3509957;Canas;1486;262;1555;311;3041;573;1748;1866;3614
SP;3510005;Cândido Mota;13376;1263;13173;1468;26549;2731;14639;14641;29280
SP;3510104;Cândido Rodrigues;1005;321;941;346;1946;667;1326;1287;2613
SP;3510153;Canitar;1318;390;1360;413;2678;803;1708;1773;3481
SP;3510203;Capão Bonito;18449;4801;18138;5344;36587;10145;23250;23482;46732
SP;3510302;Capela do Alto;5405;1528;5706;1608;11111;3136;6933;7314;14247
SP;3510401;Capivari;16919;3926;16565;4058;33484;7984;20845;20623;41468
SP;3510500;Caraguatatuba;37465;1734;37786;1936;75251;3670;39199;39722;78921
SP;3510609;Carapicuíba;175745;;168851;;344596;;175745;168851;344596
SP;3510708;Cardoso;5288;569;5068;680;10356;1249;5857;5748;11605
SP;3510807;Casa Branca;10998;1672;10631;3499;21629;5171;12670;14130;26800
SP;3510906;Cássia dos Coqueiros;833;552;832;654;1665;1206;1385;1486;2871
SP;3511003;Castilho;6053;1425;5906;1564;11959;2989;7478;7470;14948
SP;3511102;Catanduva;53230;748;51038;831;104268;1579;53978;51869;105847
SP;3511201;Catiguá;2884;308;3030;333;5914;641;3192;3363;6555
SP;3511300;Cedral;2480;845;2500;875;4980;1720;3325;3375;6700
SP;3511409;Cerqueira César;6619;953;6438;1134;13057;2087;7572;7572;15144
SP;3511508;Cerquilho;14059;702;13937;810;27996;1512;14761;14747;29508
SP;3511607;Cesário Lange;4405;1728;4516;2234;8921;3962;6133;6750;12883
SP;3511706;Charqueada;5825;651;5894;667;11719;1318;6476;6561;13037
SP;3511904;Clementina;2399;208;2559;238;4958;446;2607;2797;5404
SP;3512001;Colina;7475;834;7410;945;14885;1779;8309;8355;16664
SP;3512100;Colômbia;2028;838;2092;996;4120;1834;2866;3088;5954
SP;3512209;Conchal;10167;1092;10130;1287;20297;2379;11259;11417;22676
SP;3512308;Conchas;5614;1674;5663;1953;11277;3627;7288;7616;14904
SP;3512407;Cordeirópolis;8053;743;8015;780;16068;1523;8796;8795;17591
SP;3512506;Coroados;1693;507;1615;602;3308;1109;2200;2217;4417
SP;3512605;Coronel Macedo;1966;749;2045;829;4011;1578;2715;2874;5589
SP;3512704;Corumbataí;858;951;860;1125;1718;2076;1809;1985;3794
SP;3512803;Cosmópolis;21260;880;21286;929;42546;1809;22140;22215;44355
SP;3512902;Cosmorama;2207;1435;2097;1633;4304;3068;3642;3730;7372
SP;3513009;Cotia;75341;;73646;;148987;;75341;73646;148987
SP;3513108;Cravinhos;13362;585;13820;644;27182;1229;13947;14464;28411
SP;3513207;Cristais Paulista;1925;1255;1973;1426;3898;2681;3180;3399;6579
SP;3513306;Cruzália;792;508;802;508;1594;1016;1300;1310;2610
SP;3513405;Cruzeiro;36415;1044;34764;1269;71179;2313;37459;36033;73492
SP;3513504;Cubatão;53479;306;54182;342;107661;648;53785;54524;108309
SP;3513603;Cunha;5599;5517;5535;6439;11134;11956;11116;11974;23090
SP;3513702;Descalvado;12237;2265;11899;2520;24136;4785;14502;14419;28921
SP;3513801;Diadema;181955;;175109;;357064;;181955;175109;357064
SP;3513850;Dirce Reis;533;252;542;296;1075;548;785;838;1623
SP;3513900;Divinolândia;3496;2384;3379;2757;6875;5141;5880;6136;12016
SP;3514007;Dobrada;3137;180;3368;322;6505;502;3317;3690;7007
SP;3514106;Dois Córregos;10173;1048;10059;1242;20232;2290;11221;11301;22522
SP;3514205;Dolcinópolis;873;158;937;184;1810;342;1031;1121;2152
SP;3514304;Dourado;3859;344;3980;423;7839;767;4203;4403;8606
SP;3514403;Dracena;19163;1626;17990;1721;37153;3347;20789;19711;40500
SP;3514502;Duartina;5584;774;5199;918;10783;1692;6358;6117;12475
SP;3514601;Dumont;2875;212;2995;225;5870;437;3087;3220;6307
SP;3514700;Echaporã;2640;778;2546;863;5186;1641;3418;3409;6827
SP;3514809;Eldorado;3453;3344;3521;3816;6974;7160;6797;7337;14134
SP;3514908;Elias Fausto;5035;1709;5234;1910;10269;3619;6744;7144;13888
SP;3514924;Elisiário;1050;177;1140;210;2190;387;1227;1350;2577
SP;3514957;Embaúba;947;246;1032;253;1979;499;1193;1285;2478
SP;3515004;Embu;105473;;102190;;207663;;105473;102190;207663
SP;3515103;Embu-Guaçu;27844;518;27995;559;55839;1077;28362;28554;56916
SP;3515129;Emilianópolis;1097;325;1094;377;2191;702;1422;1471;2893
SP;3515152;Engenheiro Coelho;3304;1526;3705;1498;7009;3024;4830;5203;10033
SP;3515186;Espírito Santo do Pinhal;17796;2645;16957;3082;34753;5727;20441;20039;40480
SP;3515194;Espírito Santo do Turvo;1570;207;1671;229;3241;436;1777;1900;3677
SP;3515202;Estrela d'Oeste;3159;901;3224;972;6383;1873;4060;4196;8256
SP;3515301;Estrela do Norte;873;391;913;448;1786;839;1264;1361;2625
SP;3515350;Euclides da Cunha Paulista;3283;1765;3148;2018;6431;3783;5048;5166;10214
SP;3515400;Fartura;5820;1684;5559;1947;11379;3631;7504;7506;15010
SP;3515509;Fernandópolis;30113;1191;29030;1313;59143;2504;31304;30343;61647
SP;3515608;Fernando Prestes;2129;617;1984;704;4113;1321;2746;2688;5434
SP;3515657;Fernão;334;360;343;395;677;755;694;738;1432
SP;3515707;Ferraz de Vasconcelos;71599;579;69609;590;141208;1169;72178;70199;142377
SP;3515806;Flora Rica;795;290;773;319;1568;609;1085;1092;2177
SP;3515905;Floreal;1273;344;1196;410;2469;754;1617;1606;3223
SP;3516002;Flórida Paulista;4507;1039;4475;1085;8982;2124;5546;5560;11106
SP;3516101;Florínia;1383;228;1254;262;2637;490;1611;1516;3127
SP;3516200;Franca;143047;2531;139156;3003;282203;5534;145578;142159;287737
SP;3516309;Francisco Morato;66957;79;66618;84;133575;163;67036;66702;133738
SP;3516408;Franco da Rocha;50596;1551;49799;6176;100395;7727;52147;55975;108122
SP;3516507;Gabriel Monteiro;1002;316;1051;357;2053;673;1318;1408;2726
SP;3516606;Gália;2841;1018;2748;1246;5589;2264;3859;3994;7853
SP;3516705;Garça;18806;3132;17580;3644;36386;6776;21938;21224;43162
SP;3516804;Gastão Vidigal;1490;302;1446;348;2936;650;1792;1794;3586
SP;3516853;Gavião Peixoto;1312;609;1437;768;2749;1377;1921;2205;4126
SP;3516903;General Salgado;4339;981;4410;1094;8749;2075;5320;5504;10824
SP;3517000;Getulina;3784;1007;3750;1829;7534;2836;4791;5579;10370
SP;3517109;Glicério;1550;637;1545;696;3095;1333;2187;2241;4428
SP;3517208;Guaiçara;4098;529;3972;612;8070;1141;4627;4584;9211
SP;3517307;Guaimbê;2151;454;2115;487;4266;941;2605;2602;5207
SP;3517406;Guaíra;16117;1081;16157;1255;32274;2336;17198;17412;34610
SP;3517505;Guapiaçu;5877;1044;6005;1160;11882;2204;6921;7165;14086
SP;3517604;Guapiara;3734;5846;3805;6341;7539;12187;9580;10146;19726
SP;3517703;Guará;8995;440;8964;517;17959;957;9435;9481;18916
SP;3517802;Guaraçaí;3345;1060;3338;1151;6683;2211;4405;4489;8894
SP;3517901;Guaraci;3662;688;3729;767;7391;1455;4350;4496;8846
SP;3518008;Guarani d'Oeste;850;117;884;155;1734;272;967;1039;2006
SP;3518107;Guarantã;2426;679;2422;796;4848;1475;3105;3218;6323
SP;3518206;Guararapes;13246;1289;12884;1424;26130;2713;14535;14308;28843
SP;3518305;Guararema;8804;1991;8906;2203;17710;4194;10795;11109;21904
SP;3518404;Guaratinguetá;50941;2383;48221;2674;99162;5057;53324;50895;104219
SP;3518503;Guareí;2916;1927;3170;2184;6086;4111;4843;5354;10197
SP;3518602;Guariba;14966;403;15257;459;30223;862;15369;15716;31085
SP;3518701;Guarujá;133901;36;130832;43;264733;79;133937;130875;264812
SP;3518800;Guarulhos;533852;11378;515816;11671;1049668;23049;545230;527487;1072717
SP;3518859;Guatapará;2012;1075;2132;1152;4144;2227;3087;3284;6371
SP;3518909;Guzolândia;1618;437;1746;494;3364;931;2055;2240;4295
SP;3519006;Herculândia;3400;544;3427;621;6827;1165;3944;4048;7992
SP;3519055;Holambra;1959;1563;1979;1710;3938;3273;3522;3689;7211
SP;3519071;Hortolândia;76232;;76291;;152523;;76232;76291;152523
SP;3519105;Iacanga;3524;571;3550;637;7074;1208;4095;4187;8282
SP;3519204;Iacri;2446;926;2349;1062;4795;1988;3372;3411;6783
SP;3519253;Iaras;909;478;986;681;1895;1159;1387;1667;3054
SP;3519303;Ibaté;12386;644;12726;706;25112;1350;13030;13432;26462
SP;3519402;Ibirá;4238;563;4065;581;8303;1144;4801;4646;9447
SP;3519501;Ibirarema;2554;265;2539;343;5093;608;2819;2882;5701
SP;3519600;Ibitinga;22271;1291;21589;1469;43860;2760;23562;23058;46620
SP;3519709;Ibiúna;10755;20496;10601;22532;21356;43028;31251;33133;64384
SP;3519808;Icém;2851;498;2896;527;5747;1025;3349;3423;6772
SP;3519907;Iepê;3036;610;2922;689;5958;1299;3646;3611;7257
SP;3520004;Igaraçu do Tietê;11129;111;11260;114;22389;225;11240;11374;22614
SP;3520103;Igarapava;12238;925;11799;963;24037;1888;13163;12762;25925
SP;3520202;Igaratá;2871;1123;3006;1292;5877;2415;3994;4298;8292
SP;3520301;Iguape;10924;2507;11010;2986;21934;5493;13431;13996;27427
SP;3520400;Ilhabela;9861;119;10728;128;20589;247;9980;10856;20836
SP;3520426;Ilha Comprida;3304;;3400;;6704;;3304;3400;6704
SP;3520442;Ilha Solteira;11778;370;11440;408;23218;778;12148;11848;23996
SP;3520509;Indaiatuba;72517;1097;72223;1213;144740;2310;73614;73436;147050
SP;3520608;Indiana;2017;414;2044;457;4061;871;2431;2501;4932
SP;3520707;Indiaporã;1604;426;1584;444;3188;870;2030;2028;4058
SP;3520806;Inúbia Paulista;1362;257;1402;297;2764;554;1619;1699;3318
SP;3520905;Ipaussu;5576;702;5454;821;11030;1523;6278;6275;12553
SP;3521002;Iperó;6255;2285;6394;3450;12649;5735;8540;9844;18384
SP;3521101;Ipeúna;1693;395;1753;499;3446;894;2088;2252;4340
SP;3521150;Ipiguá;947;738;997;794;1944;1532;1685;1791;3476
SP;3521200;Iporanga;1023;1169;1053;1317;2076;2486;2192;2370;4562
SP;3521309;Ipuã;5477;337;5716;340;11193;677;5814;6056;11870
SP;3521408;Iracemápolis;7361;343;7449;402;14810;745;7704;7851;15555
SP;3521507;Irapuã;2665;567;2764;662;5429;1229;3232;3426;6658
SP;3521606;Irapuru;2836;859;2793;969;5629;1828;3695;3762;7457
SP;3521705;Itaberá;5636;3678;5464;4133;11100;7811;9314;9597;18911
SP;3521804;Itaí;8337;1901;8566;2235;16903;4136;10238;10801;21039
SP;3521903;Itajobi;5473;1581;5395;1781;10868;3362;7054;7176;14230
SP;3522000;Itaju;814;455;830;539;1644;994;1269;1369;2638
SP;3522109;Itanhaém;35838;351;35310;496;71148;847;36189;35806;71995
SP;3522158;Itaóca;1070;497;1104;555;2174;1052;1567;1659;3226
SP;3522208;Itapecerica da Serra;64912;672;63415;686;128327;1358;65584;64101;129685
SP;3522307;Itapetininga;57115;5562;55022;7860;112137;13422;62677;62882;125559
SP;3522406;Itapeva;31287;10569;29667;11343;60954;21912;41856;41010;82866
SP;3522505;Itapevi;82032;;80401;;162433;;82032;80401;162433
SP;3522604;Itapira;29256;2374;28786;2961;58042;5335;31630;31747;63377
SP;3522653;Itapirapuã Paulista;798;898;854;1027;1652;1925;1696;1881;3577
SP;3522703;Itápolis;16197;2713;15943;2897;32140;5610;18910;18840;37750
SP;3522802;Itaporanga;5067;2046;4864;2377;9931;4423;7113;7241;14354
SP;3522901;Itapuí;4692;358;4896;425;9588;783;5050;5321;10371
SP;3523008;Itapura;1611;222;1721;284;3332;506;1833;2005;3838
SP;3523107;Itaquaquecetuba;136729;;136213;;272942;;136729;136213;272942
SP;3523206;Itararé;21765;1730;21041;2018;42806;3748;23495;23059;46554
SP;3523305;Itariri;3684;2964;3761;3204;7445;6168;6648;6965;13613
SP;3523404;Itatiba;33377;7366;32548;7906;65925;15272;40743;40454;81197
SP;3523503;Itatinga;6633;901;6900;1012;13533;1913;7534;7912;15446
SP;3523602;Itirapina;4917;773;6261;885;11178;1658;5690;7146;12836
SP;3523701;Itirapuã;2086;505;2226;595;4312;1100;2591;2821;5412
SP;3523800;Itobi;2997;592;3207;670;6204;1262;3589;3877;7466
SP;3523909;Itu;62521;5380;61421;6044;123942;11424;67901;67465;135366
SP;3524006;Itupeva;9518;3238;9741;3669;19259;6907;12756;13410;26166
SP;3524105;Ituverava;17338;985;16883;1062;34221;2047;18323;17945;36268
SP;3524204;Jaborandi;2860;261;2997;306;5857;567;3121;3303;6424
SP;3524303;Jaboticabal;32647;1698;31193;1870;63840;3568;34345;33063;67408
SP;3524402;Jacareí;92847;3810;90530;4104;183377;7914;96657;94634;191291
SP;3524501;Jaci;1468;514;1505;630;2973;1144;1982;2135;4117
SP;3524600;Jacupiranga;5133;3199;4910;3799;10043;6998;8332;8709;17041
SP;3524709;Jaguariúna;12847;1812;12965;1973;25812;3785;14659;14938;29597
SP;3524808;Jales;21535;1784;20804;2063;42339;3847;23319;22867;46186
SP;3524907;Jambeiro;939;971;995;1087;1934;2058;1910;2082;3992
SP;3525003;Jandira;46259;;45548;;91807;;46259;45548;91807
SP;3525102;Jardinópolis;13995;1242;14071;1421;28066;2663;15237;15492;30729
SP;3525201;Jarinu;5390;2825;5594;3232;10984;6057;8215;8826;17041
SP;3525300;Jaú;54351;2354;52847;2552;107198;4906;56705;55399;112104
SP;3525409;Jeriquara;1199;339;1311;431;2510;770;1538;1742;3280
SP;3525508;Joanópolis;5103;;5306;;10409;;5103;5306;10409
SP;3525607;João Ramalho;1549;360;1526;407;3075;767;1909;1933;3842
SP;3525706;José Bonifácio;12599;1736;12420;1959;25019;3695;14335;14379;28714
SP;3525805;Júlio Mesquita;1956;160;1894;156;3850;316;2116;2050;4166
SP;3525854;Jumirim;551;488;542;615;1093;1103;1039;1157;2196
SP;3525904;Jundiaí;153522;11284;146685;11906;300207;23190;164806;158591;323397
SP;3526001;Junqueirópolis;6789;1309;6631;2276;13420;3585;8098;8907;17005
SP;3526100;Juquiá;6265;3734;6175;4342;12440;8076;9999;10517;20516
SP;3526209;Juquitiba;8679;4471;8708;4601;17387;9072;13150;13309;26459
SP;3526308;Lagoinha;1422;950;1455;1130;2877;2080;2372;2585;4957
SP;3526407;Laranjal Paulista;9855;1229;9727;1334;19582;2563;11084;11061;22145
SP;3526506;Lavínia;2072;485;2062;512;4134;997;2557;2574;5131
SP;3526605;Lavrinhas;2617;326;2690;375;5307;701;2943;3065;6008
SP;3526704;Leme;38572;1355;39316;1514;77888;2869;39927;40830;80757
SP;3526803;Lençóis Paulista;26206;1269;26144;1423;52350;2692;27475;27567;55042
SP;3526902;Limeira;120302;5135;118047;5562;238349;10697;125437;123609;249046
SP;3527009;Lindóia;2353;288;2363;327;4716;615;2641;2690;5331
SP;3527108;Lins;33163;799;31055;935;64218;1734;33962;31990;65952
SP;3527207;Lorena;38608;1376;36489;1517;75097;2893;39984;38006;77990
SP;3527256;Lourdes;752;216;800;239;1552;455;968;1039;2007
SP;3527306;Louveira;10828;957;11060;1058;21888;2015;11785;12118;23903
SP;3527405;Lucélia;7970;874;7728;1744;15698;2618;8844;9472;18316
SP;3527504;Lucianópolis;815;225;834;280;1649;505;1040;1114;2154
SP;3527603;Luís Antônio;3213;285;3345;317;6558;602;3498;3662;7160
SP;3527702;Luiziânia;1855;277;1850;292;3705;569;2132;2142;4274
SP;3527801;Lupércio;1088;1012;1021;1109;2109;2121;2100;2130;4230
SP;3527900;Lutécia;1070;354;1074;399;2144;753;1424;1473;2897
SP;3528007;Macatuba;7473;364;7520;395;14993;759;7837;7915;15752
SP;3528106;Macaubal;3114;519;3134;618;6248;1137;3633;3752;7385
SP;3528205;Macedônia;1352;502;1330;577;2682;1079;1854;1907;3761
SP;3528304;Magda;1332;325;1396;368;2728;693;1657;1764;3421
SP;3528403;Mairinque;17253;2718;17087;2917;34340;5635;19971;20004;39975
SP;3528502;Mairiporã;24065;5832;24012;6202;48077;12034;29897;30214;60111
SP;3528601;Manduri;3166;877;3205;1023;6371;1900;4043;4228;8271
SP;3528700;Marabá Paulista;1031;753;1017;898;2048;1651;1784;1915;3699
SP;3528809;Maracaí;5608;770;5812;814;11420;1584;6378;6626;13004
SP;3528858;Marapoama;764;344;780;350;1544;694;1108;1130;2238
SP;3528908;Mariápolis;1362;506;1441;545;2803;1051;1868;1986;3854
SP;3529005;Marília;97192;3648;92527;3975;189719;7623;100840;96502;197342
SP;3529104;Marinópolis;810;255;837;293;1647;548;1065;1130;2195
SP;3529203;Martinópolis;9243;1655;8732;2716;17975;4371;10898;11448;22346
SP;3529302;Matão;34656;1219;34512;1366;69168;2585;35875;35878;71753
SP;3529401;Mauá;184555;;178837;;363392;;184555;178837;363392
SP;3529500;Mendonça;1365;461;1399;534;2764;995;1826;1933;3759
SP;3529609;Meridiano;1320;649;1337;719;2657;1368;1969;2056;4025
SP;3529658;Mesópolis;600;341;617;372;1217;713;941;989;1930
SP;3529708;Miguelópolis;8758;700;8803;758;17561;1458;9458;9561;19019
SP;3529807;Mineiros do Tietê;5453;218;5509;230;10962;448;5671;5739;11410
SP;3529906;Miracatu;5501;5324;5411;6147;10912;11471;10825;11558;22383
SP;3530003;Mira Estrela;946;299;995;356;1941;655;1245;1351;2596
SP;3530102;Mirandópolis;10363;1764;11924;1885;22287;3649;12127;13809;25936
SP;3530201;Mirante do Paranapanema;5035;2906;4798;3474;9833;6380;7941;8272;16213
SP;3530300;Mirassol;23649;829;22926;923;46575;1752;24478;23849;48327
SP;3530409;Mirassolândia;1541;281;1583;336;3124;617;1822;1919;3741
SP;3530508;Mococa;28721;3775;28563;4515;57284;8290;32496;33078;65574
SP;3530607;Moji das Cruzes;154145;13460;147971;14665;302116;28125;167605;162636;330241
SP;3530706;Mogi Guaçu;58157;3661;58027;4383;116184;8044;61818;62410;124228
SP;3530805;Moji-Mirim;36806;3955;36293;4413;73099;8368;40761;40706;81467
SP;3530904;Mombuca;1131;388;1140;448;2271;836;1519;1588;3107
SP;3531001;Monções;870;143;873;169;1743;312;1013;1042;2055
SP;3531100;Mongaguá;17038;64;17904;92;34942;156;17102;17996;35098
SP;3531209;Monte Alegre do Sul;1654;1449;1628;1590;3282;3039;3103;3218;6321
SP;3531308;Monte Alto;20393;1370;20372;1478;40765;2848;21763;21850;43613
SP;3531407;Monte Aprazível;8140;1145;7797;1331;15937;2476;9285;9128;18413
SP;3531506;Monte Azul Paulista;8719;963;8844;1027;17563;1990;9682;9871;19553
SP;3531605;Monte Castelo;1517;503;1487;582;3004;1085;2020;2069;4089
SP;3531704;Monteiro Lobato;765;987;750;1113;1515;2100;1752;1863;3615
SP;3531803;Monte Mor;17022;1549;17151;1618;34173;3167;18571;18769;37340
SP;3531902;Morro Agudo;11146;1301;11656;1325;22802;2626;12447;12981;25428
SP;3532009;Morungaba;3896;1000;3890;1125;7786;2125;4896;5015;9911
SP;3532058;Motuca;1204;676;1242;749;2446;1425;1880;1991;3871
SP;3532108;Murutinga do Sul;1322;630;1272;747;2594;1377;1952;2019;3971
SP;3532157;Nantes;808;301;851;309;1659;610;1109;1160;2269
SP;3532207;Narandiba;1148;707;1134;754;2282;1461;1855;1888;3743
SP;3532306;Natividade da Serra;1418;1853;1435;2246;2853;4099;3271;3681;6952
SP;3532405;Nazaré Paulista;2929;4054;2901;4526;5830;8580;6983;7427;14410
SP;3532504;Neves Paulista;3878;545;3866;618;7744;1163;4423;4484;8907
SP;3532603;Nhandeara;4083;1091;3796;1224;7879;2315;5174;5020;10194
SP;3532702;Nipoã;1392;207;1413;255;2805;462;1599;1668;3267
SP;3532801;Nova Aliança;1848;551;1771;598;3619;1149;2399;2369;4768
SP;3532827;Nova Campina;1889;1603;1989;1814;3878;3417;3492;3803;7295
SP;3532843;Nova Canaã Paulista;410;782;412;879;822;1661;1192;1291;2483
SP;3532868;Nova Castilho;237;237;249;268;486;505;474;517;991
SP;3532900;Nova Europa;3220;379;3255;453;6475;832;3599;3708;7307
SP;3533007;Nova Granada;7545;930;7494;1051;15039;1981;8475;8545;17020
SP;3533106;Nova Guataporanga;850;165;878;194;1728;359;1015;1072;2087
SP;3533205;Nova Independência;736;273;768;286;1504;559;1009;1054;2063
SP;3533254;Novais;1291;253;1378;303;2669;556;1544;1681;3225
SP;3533304;Nova Luzitânia;1104;206;1184;255;2288;461;1310;1439;2749
SP;3533403;Nova Odessa;20750;454;20360;507;41110;961;21204;20867;42071
SP;3533502;Novo Horizonte;14695;1625;14222;1890;28917;3515;16320;16112;32432
SP;3533601;Nuporanga;2523;586;2550;650;5073;1236;3109;3200;6309
SP;3533700;Ocauçu;1432;560;1482;690;2914;1250;1992;2172;4164
SP;3533809;Óleo;860;601;913;620;1773;1221;1461;1533;2994
SP;3533908;Olímpia;21639;1590;21004;1780;42643;3370;23229;22784;46013
SP;3534005;Onda Verde;1135;546;1184;548;2319;1094;1681;1732;3413
SP;3534104;Oriente;2587;371;2475;451;5062;822;2958;2926;5884
SP;3534203;Orindiúva;1801;215;1882;263;3683;478;2016;2145;4161
SP;3534302;Orlândia;17748;392;17460;404;35208;796;18140;17864;36004
SP;3534401;Osasco;335018;;317575;;652593;;335018;317575;652593
SP;3534500;Oscar Bressane;1004;298;923;327;1927;625;1302;1250;2552
SP;3534609;Osvaldo Cruz;13429;1609;12712;1898;26141;3507;15038;14610;29648
SP;3534708;Ourinhos;45645;2130;43731;2362;89376;4492;47775;46093;93868
SP;3534757;Ouroeste;2356;775;2305;854;4661;1629;3131;3159;6290
SP;3534807;Ouro Verde;3188;374;3157;429;6345;803;3562;3586;7148
SP;3534906;Pacaembu;4837;1029;4660;1992;9497;3021;5866;6652;12518
SP;3535002;Palestina;3667;908;3561;964;7228;1872;4575;4525;9100
SP;3535101;Palmares Paulista;3979;158;4127;173;8106;331;4137;4300;8437
SP;3535200;Palmeira d'Oeste;3562;1513;3523;1724;7085;3237;5075;5247;10322
SP;3535309;Palmital;8589;1860;8203;2049;16792;3909;10449;10252;20701
SP;3535408;Panorama;6241;449;6424;535;12665;984;6690;6959;13649
SP;3535507;Paraguaçu Paulista;18574;1404;18051;1589;36625;2993;19978;19640;39618
SP;3535606;Paraibuna;2746;5560;2549;6154;5295;11714;8306;8703;17009
SP;3535705;Paraíso;2156;451;2301;521;4457;972;2607;2822;5429
SP;3535804;Paranapanema;5655;1795;6013;2047;11668;3842;7450;8060;15510
SP;3535903;Paranapuã;1482;301;1547;302;3029;603;1783;1849;3632
SP;3536000;Parapuã;4242;1219;4252;1391;8494;2610;5461;5643;11104
SP;3536109;Pardinho;1461;816;1531;924;2992;1740;2277;2455;4732
SP;3536208;Pariquera-Açu;5976;2782;5746;3145;11722;5927;8758;8891;17649
SP;3536257;Parisi;729;203;778;238;1507;441;932;1016;1948
SP;3536307;Patrocínio Paulista;4311;1259;4295;1551;8606;2810;5570;5846;11416
SP;3536406;Paulicéia;1909;638;2025;730;3934;1368;2547;2755;5302
SP;3536505;Paulínia;25347;291;25415;273;50762;564;25638;25688;51326
SP;3536570;Paulistânia;484;354;515;426;999;780;838;941;1779
SP;3536604;Paulo de Faria;3787;463;3656;566;7443;1029;4250;4222;8472
SP;3536703;Pederneiras;16930;1200;17162;1322;34092;2522;18130;18484;36614
SP;3536802;Pedra Bela;614;2036;591;2368;1205;4404;2650;2959;5609
SP;3536901;Pedranópolis;836;497;816;585;1652;1082;1333;1401;2734
SP;3537008;Pedregulho;5391;1945;5518;2140;10909;4085;7336;7658;14994
SP;3537107;Pedreira;17229;532;16903;555;34132;1087;17761;17458;35219
SP;3537156;Pedrinhas Paulista;1150;264;1164;283;2314;547;1414;1447;2861
SP;3537206;Pedro de Toledo;3117;1377;3042;1651;6159;3028;4494;4693;9187
SP;3537305;Penápolis;26060;1884;24560;2131;50620;4015;27944;26691;54635
SP;3537404;Pereira Barreto;11789;870;11353;1016;23142;1886;12659;12369;25028
SP;3537503;Pereiras;2106;926;2060;1134;4166;2060;3032;3194;6226
SP;3537602;Peruíbe;25368;454;25002;627;50370;1081;25822;25629;51451
SP;3537701;Piacatu;1920;374;1887;444;3807;818;2294;2331;4625
SP;3537800;Piedade;10690;13130;11367;14944;22057;28074;23820;26311;50131
SP;3537909;Pilar do Sul;8592;3014;8880;3462;17472;6476;11606;12342;23948
SP;3538006;Pindamonhangaba;59869;3280;59209;3668;119078;6948;63149;62877;126026
SP;3538105;Pindorama;5993;479;6092;545;12085;1024;6472;6637;13109
SP;3538204;Pinhalzinho;2627;2668;2664;3027;5291;5695;5295;5691;10986
SP;3538303;Piquerobi;1258;455;1196;569;2454;1024;1713;1765;3478
SP;3538501;Piquete;7314;457;6895;534;14209;991;7771;7429;15200
SP;3538600;Piracaia;11494;;11853;;23347;;11494;11853;23347
SP;3538709;Piracicaba;161214;5511;156160;6273;317374;11784;166725;162433;329158
SP;3538808;Piraju;12554;1674;11742;1927;24296;3601;14228;13669;27897
SP;3538907;Pirajuí;8362;1019;7905;2809;16267;3828;9381;10714;20095
SP;3539004;Pirangi;4264;624;4423;727;8687;1351;4888;5150;10038
SP;3539103;Pirapora do Bom Jesus;6180;5;6208;2;12388;7;6185;6210;12395
SP;3539202;Pirapozinho;10639;650;10076;739;20715;1389;11289;10815;22104
SP;3539301;Pirassununga;29378;3515;28216;3755;57594;7270;32893;31971;64864
SP;3539400;Piratininga;4443;793;4414;934;8857;1727;5236;5348;10584
SP;3539509;Pitangueiras;14316;881;14990;969;29306;1850;15197;15959;31156
SP;3539608;Planalto;1413;388;1416;453;2829;841;1801;1869;3670
SP;3539707;Platina;1027;339;1092;409;2119;748;1366;1501;2867
SP;3539806;Poá;48277;567;46395;562;94672;1129;48844;46957;95801
SP;3539905;Poloni;2203;237;2061;273;4264;510;2440;2334;4774
SP;3540002;Pompéia;8489;689;8233;760;16722;1449;9178;8993;18171
SP;3540101;Pongaí;1405;372;1504;412;2909;784;1777;1916;3693
SP;3540200;Pontal;14114;518;14471;578;28585;1096;14632;15049;29681
SP;3540259;Pontalinda;1288;406;1394;451;2682;857;1694;1845;3539
SP;3540309;Pontes Gestal;965;310;970;294;1935;604;1275;1264;2539
SP;3540408;Populina;1679;469;1746;556;3425;1025;2148;2302;4450
SP;3540507;Porangaba;1693;1433;1778;1748;3471;3181;3126;3526;6652
SP;3540606;Porto Feliz;18509;4178;18095;4732;36604;8910;22687;22827;45514
SP;3540705;Porto Ferreira;22922;875;22646;994;45568;1869;23797;23640;47437
SP;3540754;Potim;6382;315;6585;323;12967;638;6697;6908;13605
SP;3540804;Potirendaba;5745;899;5939;1073;11684;1972;6644;7012;13656
SP;3540853;Pracinha;584;114;602;131;1186;245;698;733;1431
SP;3540903;Pradópolis;5901;452;5974;585;11875;1037;6353;6559;12912
SP;3541000;Praia Grande;99061;;94521;;193582;;99061;94521;193582
SP;3541059;Pratânia;1323;564;1397;666;2720;1230;1887;2063;3950
SP;3541109;Presidente Alves;1668;465;1647;537;3315;1002;2133;2184;4317
SP;3541208;Presidente Bernardes;5234;1800;4920;2708;10154;4508;7034;7628;14662
SP;3541307;Presidente Epitácio;18423;1311;17932;1632;36355;2943;19734;19564;39298
SP;3541406;Presidente Prudente;95901;1488;89328;2469;185229;3957;97389;91797;189186
SP;3541505;Presidente Venceslau;17728;915;16826;1878;34554;2793;18643;18704;37347
SP;3541604;Promissão;12899;2489;12736;2981;25635;5470;15388;15717;31105
SP;3541653;Quadra;337;925;333;1056;670;1981;1262;1389;2651
SP;3541703;Quatá;5359;503;5189;604;10548;1107;5862;5793;11655
SP;3541802;Queiroz;823;233;836;279;1659;512;1056;1115;2171
SP;3541901;Queluz;3978;610;3868;656;7846;1266;4588;4524;9112
SP;3542008;Quintana;2444;256;2471;272;4915;528;2700;2743;5443
SP;3542107;Rafard;3601;571;3568;620;7169;1191;4172;4188;8360
SP;3542206;Rancharia;12750;1753;12239;2030;24989;3783;14503;14269;28772
SP;3542305;Redenção da Serra;779;1096;848;1324;1627;2420;1875;2172;4047
SP;3542404;Regente Feijó;7677;817;7589;915;15266;1732;8494;8504;16998
SP;3542503;Reginópolis;1912;431;1872;527;3784;958;2343;2399;4742
SP;3542602;Registro;21808;5107;21258;5579;43066;10686;26915;26837;53752
SP;3542701;Restinga;2073;663;2069;779;4142;1442;2736;2848;5584
SP;3542800;Ribeira;523;1144;483;1357;1006;2501;1667;1840;3507
SP;3542909;Ribeirão Bonito;4954;600;5005;687;9959;1287;5554;5692;11246
SP;3543006;Ribeirão Branco;4429;5708;4556;6538;8985;12246;10137;11094;21231
SP;3543105;Ribeirão Corrente;1399;421;1540;521;2939;942;1820;2061;3881
SP;3543204;Ribeirão do Sul;1427;783;1432;855;2859;1638;2210;2287;4497
SP;3543238;Ribeirão dos Índios;856;222;904;240;1760;462;1078;1144;2222
SP;3543253;Ribeirão Grande;1136;2438;1189;2627;2325;5065;3574;3816;7390
SP;3543303;Ribeirão Pires;52874;;51634;;104508;;52874;51634;104508
SP;3543402;Ribeirão Preto;260865;1026;241895;1137;502760;2163;261891;243032;504923
SP;3543501;Riversul;2538;977;2504;1173;5042;2150;3515;3677;7192
SP;3543600;Rifaina;1406;219;1460;240;2866;459;1625;1700;3325
SP;3543709;Rincão;4143;961;4114;1112;8257;2073;5104;5226;10330
SP;3543808;Rinópolis;3920;1064;4028;1243;7948;2307;4984;5271;10255
SP;3543907;Rio Claro;83758;2228;79719;2513;163477;4741;85986;82232;168218
SP;3544004;Rio das Pedras;10774;753;11180;787;21954;1540;11527;11967;23494
SP;3544103;Rio Grande da Serra;18624;;18467;;37091;;18624;18467;37091
SP;3544202;Riolândia;3326;461;3534;1239;6860;1700;3787;4773;8560
SP;3544251;Rosana;3143;8795;3055;9236;6198;18031;11938;12291;24229
SP;3544301;Roseira;3949;262;4064;302;8013;564;4211;4366;8577
SP;3544400;Rubiácea;638;507;630;562;1268;1069;1145;1192;2337
SP;3544509;Rubinéia;973;351;943;348;1916;699;1324;1291;2615
SP;3544608;Sabino;2054;425;2036;436;4090;861;2479;2472;4951
SP;3544707;Sagres;793;403;785;458;1578;861;1196;1243;2439
SP;3544806;Sales;1776;468;1783;536;3559;1004;2244;2319;4563
SP;3544905;Sales Oliveira;3937;706;3904;778;7841;1484;4643;4682;9325
SP;3545001;Salesópolis;4422;2672;4319;2944;8741;5616;7094;7263;14357
SP;3545100;Salmourão;1747;413;1814;427;3561;840;2160;2241;4401
SP;3545159;Saltinho;2394;482;2419;504;4813;986;2876;2923;5799
SP;3545209;Salto;46060;507;46005;587;92065;1094;46567;46592;93159
SP;3545308;Salto de Pirapora;13660;3819;13724;3869;27384;7688;17479;17593;35072
SP;3545407;Salto Grande;3697;504;3690;553;7387;1057;4201;4243;8444
SP;3545506;Sandovalina;905;654;845;685;1750;1339;1559;1530;3089
SP;3545605;Santa Adélia;6001;656;6069;723;12070;1379;6657;6792;13449
SP;3545704;Santa Albertina;2220;556;2213;597;4433;1153;2776;2810;5586
SP;3545803;Santa Bárbara d'Oeste;84081;1054;83836;1107;167917;2161;85135;84943;170078
SP;3546009;Santa Branca;5837;598;5884;691;11721;1289;6435;6575;13010
SP;3546108;Santa Clara d'Oeste;746;310;718;349;1464;659;1056;1067;2123
SP;3546207;Santa Cruz da Conceição;959;766;975;831;1934;1597;1725;1806;3531
SP;3546256;Santa Cruz da Esperança;582;295;615;304;1197;599;877;919;1796
SP;3546306;Santa Cruz das Palmeiras;11922;727;12107;800;24029;1527;12649;12907;25556
SP;3546405;Santa Cruz do Rio Pardo;17874;2770;17246;3029;35120;5799;20644;20275;40919
SP;3546504;Santa Ernestina;2145;477;2247;872;4392;1349;2622;3119;5741
SP;3546603;Santa Fé do Sul;12867;745;12044;856;24911;1601;13612;12900;26512
SP;3546702;Santa Gertrudes;7619;186;7909;192;15528;378;7805;8101;15906
SP;3546801;Santa Isabel;16725;4925;16289;5801;33014;10726;21650;22090;43740
SP;3546900;Santa Lúcia;3418;376;3627;432;7045;808;3794;4059;7853
SP;3547007;Santa Maria da Serra;1912;321;2038;402;3950;723;2233;2440;4673
SP;3547106;Santa Mercedes;1104;279;1127;293;2231;572;1383;1420;2803
SP;3547205;Santana da Ponte Pensa;550;363;556;425;1106;788;913;981;1894
SP;3547304;Santana de Parnaíba;37538;;37290;;74828;;37538;37290;74828
SP;3547403;Santa Rita d'Oeste;793;543;761;598;1554;1141;1336;1359;2695
SP;3547502;Santa Rita do Passa Quatro;11585;1808;10908;1837;22493;3645;13393;12745;26138
SP;3547601;Santa Rosa de Viterbo;10176;575;10020;664;20196;1239;10751;10684;21435
SP;3547650;Santa Salete;267;387;274;451;541;838;654;725;1379
SP;3547700;Santo Anastácio;9809;801;9235;904;19044;1705;10610;10139;20749
SP;3547809;Santo André;335516;;313815;;649331;;335516;313815;649331
SP;3547908;Santo Antônio da Alegria;2043;724;2151;846;4194;1570;2767;2997;5764
SP;3548005;Santo Antônio de Posse;7361;1631;7312;1820;14673;3451;8992;9132;18124
SP;3548054;Santo Antônio do Aracanguá;2201;1122;2335;1271;4536;2393;3323;3606;6929
SP;3548104;Santo Antônio do Jardim;1612;1325;1662;1555;3274;2880;2937;3217;6154
SP;3548203;Santo Antônio do Pinhal;1500;1581;1531;1716;3031;3297;3081;3247;6328
SP;3548302;Santo Expedito;987;237;1014;288;2001;525;1224;1302;2526
SP;3548401;Santópolis do Aguapeí;1760;113;1827;116;3587;229;1873;1943;3816
SP;3548500;Santos;223695;1066;192052;1170;415747;2236;224761;193222;417983
SP;3548609;São Bento do Sapucaí;2376;2732;2251;2996;4627;5728;5108;5247;10355
SP;3548708;São Bernardo do Campo;355122;5948;335795;6312;690917;12260;361070;342107;703177
SP;3548807;São Caetano do Sul;74642;;65517;;140159;;74642;65517;140159
SP;3548906;São Carlos;92970;4443;90463;5122;183433;9565;97413;95585;192998
SP;3549003;São Francisco;1027;393;1028;415;2055;808;1420;1443;2863
SP;3549102;São João da Boa Vista;36707;2634;35044;3002;71751;5636;39341;38046;77387
SP;3549201;São João das Duas Pontes;995;307;1020;338;2015;645;1302;1358;2660
SP;3549250;São João de Iracema;565;250;593;263;1158;513;815;856;1671
SP;3549300;São João do Pau d'Alho;810;262;801;307;1611;569;1072;1108;2180
SP;3549409;São Joaquim da Barra;20686;381;20113;407;40799;788;21067;20520;41587
SP;3549508;São José da Bela Vista;3438;514;3529;594;6967;1108;3952;4123;8075
SP;3549607;São José do Barreiro;1260;725;1211;947;2471;1672;1985;2158;4143
SP;3549706;São José do Rio Pardo;21246;4009;20390;4432;41636;8441;25255;24822;50077
SP;3549805;São José do Rio Preto;175067;9980;162222;11254;337289;21234;185047;173476;358523
SP;3549904;São José dos Campos;269764;3080;262953;3516;532717;6596;272844;266469;539313
SP;3549953;São Lourenço da Serra;5327;690;5454;728;10781;1418;6017;6182;12199
SP;3550001;São Luís do Paraitinga;3074;1949;3071;2335;6145;4284;5023;5406;10429
SP;3550100;São Manuel;17228;1192;16815;1310;34043;2502;18420;18125;36545
SP;3550209;São Miguel Arcanjo;8998;6041;8987;6772;17985;12813;15039;15759;30798
SP;3550308;São Paulo;5146325;315249;4666862;305816;9813187;621065;5461574;4972678;10434252
SP;3550407;São Pedro;11526;2622;10907;2842;22433;5464;14148;13749;27897
SP;3550506;São Pedro do Turvo;2228;1174;2171;1315;4399;2489;3402;3486;6888
SP;3550605;São Roque;24875;8589;23852;9321;48727;17910;33464;33173;66637
SP;3550704;São Sebastião;28365;268;29087;318;57452;586;28633;29405;58038
SP;3550803;São Sebastião da Grama;3763;2361;3731;2599;7494;4960;6124;6330;12454
SP;3550902;São Simão;6058;797;5882;938;11940;1735;6855;6820;13675
SP;3551009;São Vicente;156292;52;147121;86;303413;138;156344;147207;303551
SP;3551108;Sarapuí;2487;1253;2616;1449;5103;2702;3740;4065;7805
SP;3551207;Sarutaiá;1428;431;1399;481;2827;912;1859;1880;3739
SP;3551306;Sebastianópolis do Sul;825;420;824;477;1649;897;1245;1301;2546
SP;3551405;Serra Azul;3367;295;3441;343;6808;638;3662;3784;7446
SP;3551504;Serrana;15806;383;16013;401;31819;784;16189;16414;32603
SP;3551603;Serra Negra;10559;1525;10053;1714;20612;3239;12084;11767;23851
SP;3551702;Sertãozinho;45177;1959;45354;2174;90531;4133;47136;47528;94664
SP;3551801;Sete Barras;2348;4199;2296;4871;4644;9070;6547;7167;13714
SP;3551900;Severínia;5837;696;6324;748;12161;1444;6533;7072;13605
SP;3552007;Silveiras;1246;1370;1205;1557;2451;2927;2616;2762;5378
SP;3552106;Socorro;10830;5538;10150;6186;20980;11724;16368;16336;32704
SP;3552205;Sorocaba;247482;3199;239244;3543;486726;6742;250681;242787;493468
SP;3552304;Sud Mennucci;3116;497;3197;555;6313;1052;3613;3752;7365
SP;3552403;Sumaré;96700;1306;97237;1480;193937;2786;98006;98717;196723
SP;3552502;Suzano;111908;3531;109515;3736;221423;7267;115439;113251;228690
SP;3552551;Suzanápolis;957;399;982;452;1939;851;1356;1434;2790
SP;3552601;Tabapuã;4500;690;4517;786;9017;1476;5190;5303;10493
SP;3552700;Tabatinga;5063;1336;5120;1471;10183;2807;6399;6591;12990
SP;3552809;Taboão da Serra;102287;;95357;;197644;;102287;95357;197644
SP;3552908;Taciba;2110;457;2132;522;4242;979;2567;2654;5221
SP;3553005;Taguaí;3206;484;3203;575;6409;1059;3690;3778;7468
SP;3553104;Taiaçu;2406;365;2441;407;4847;772;2771;2848;5619
SP;3553203;Taiúva;2392;354;2366;394;4758;748;2746;2760;5506
SP;3553302;Tambaú;9512;1493;9532;1721;19044;3214;11005;11253;22258
SP;3553401;Tanabi;9193;2207;8796;2391;17989;4598;11400;11187;22587
SP;3553500;Tapiraí;2906;1252;2881;1531;5787;2783;4158;4412;8570
SP;3553609;Tapiratiba;4700;1816;4521;1905;9221;3721;6516;6426;12942
SP;3553658;Taquaral;1245;73;1336;68;2581;141;1318;1404;2722
SP;3553708;Taquaritinga;23932;1777;23660;2696;47592;4473;25709;26356;52065
SP;3553807;Taquarituba;9144;1778;9184;1876;18328;3654;10922;11060;21982
SP;3553856;Taquarivaí;1159;1033;1123;1158;2282;2191;2192;2281;4473
SP;3553906;Tarabai;2598;258;2629;301;5227;559;2856;2930;5786
SP;3553955;Tarumã;4724;511;4922;586;9646;1097;5235;5508;10743
SP;3554003;Tatuí;43155;3740;42458;4077;85613;7817;46895;46535;93430
SP;3554102;Taubaté;116939;6917;112916;7393;229855;14310;123856;120309;244165
SP;3554201;Tejupá;1324;1209;1399;1404;2723;2613;2533;2803;5336
SP;3554300;Teodoro Sampaio;8114;1863;7808;2218;15922;4081;9977;10026;20003
SP;3554409;Terra Roxa;3547;252;3680;273;7227;525;3799;3953;7752
SP;3554508;Tietê;14490;1473;14188;1559;28678;3032;15963;15747;31710
SP;3554607;Timburi;913;411;899;508;1812;919;1324;1407;2731
SP;3554656;Torre de Pedra;640;419;617;468;1257;887;1059;1085;2144
SP;3554706;Torrinha;3642;716;3647;832;7289;1548;4358;4479;8837
SP;3554755;Trabiju;588;74;642;76;1230;150;662;718;1380
SP;3554805;Tremembé;14752;1947;15114;3010;29866;4957;16699;18124;34823
SP;3554904;Três Fronteiras;2048;516;2019;576;4067;1092;2564;2595;5159
SP;3554953;Tuiuti;1105;1297;1166;1388;2271;2685;2402;2554;4956
SP;3555000;Tupã;31118;1364;29248;1603;60366;2967;32482;30851;63333
SP;3555109;Tupi Paulista;5603;1118;5274;1291;10877;2409;6721;6565;13286
SP;3555208;Turiúba;729;194;762;210;1491;404;923;972;1895
SP;3555307;Turmalina;800;382;747;437;1547;819;1182;1184;2366
SP;3555356;Ubarana;1826;186;1985;223;3811;409;2012;2208;4220
SP;3555406;Ubatuba;32210;761;32985;905;65195;1666;32971;33890;66861
SP;3555505;Ubirajara;1482;538;1515;621;2997;1159;2020;2136;4156
SP;3555604;Uchoa;3952;547;3930;606;7882;1153;4499;4536;9035
SP;3555703;União Paulista;474;177;499;204;973;381;651;703;1354
SP;3555802;Urânia;3553;858;3512;902;7065;1760;4411;4414;8825
SP;3555901;Uru;483;190;506;225;989;415;673;731;1404
SP;3556008;Urupês;4903;962;4884;1084;9787;2046;5865;5968;11833
SP;3556107;Valentim Gentil;3728;497;3799;581;7527;1078;4225;4380;8605
SP;3556206;Valinhos;39498;2115;39008;2352;78506;4467;41613;41360;82973
SP;3556305;Valparaíso;8018;812;8069;1675;16087;2487;8830;9744;18574
SP;3556354;Vargem;1285;2100;1325;2265;2610;4365;3385;3590;6975
SP;3556404;Vargem Grande do Sul;16964;1239;16748;1351;33712;2590;18203;18099;36302
SP;3556453;Vargem Grande Paulista;16312;;16371;;32683;;16312;16371;32683
SP;3556503;Várzea Paulista;46207;;46593;;92800;;46207;46593;92800
SP;3556602;Vera Cruz;4687;878;4477;1043;9164;1921;5565;5520;11085
SP;3556701;Vinhedo;23206;516;22968;525;46174;1041;23722;23493;47215
SP;3556800;Viradouro;7488;401;7598;475;15086;876;7889;8073;15962
SP;3556909;Vista Alegre do Alto;2080;288;2063;323;4143;611;2368;2386;4754
SP;3556958;Vitória Brasil;592;223;597;263;1189;486;815;860;1675
SP;3557006;Votorantim;46495;1560;46228;1642;92723;3202;48055;47870;95925
SP;3557105;Votuporanga;37178;1349;35629;1485;72807;2834;38527;37114;75641
SP;3557154;Zacarias;659;281;673;334;1332;615;940;1007;1947
SP;3557204;Chavantes;5277;835;5163;919;10440;1754;6112;6082;12194
SP;3557303;Estiva Gerbi;3739;545;3903;669;7642;1214;4284;4572;8856
SP;3599919;Santo Amaro;;;;;;;;;
TO;1700251;Abreulândia;514;471;559;645;1073;1116;985;1204;2189
TO;1700301;Aguiarnópolis;1131;385;1173;456;2304;841;1516;1629;3145
TO;1700350;Aliança do Tocantins;2538;462;2582;595;5120;1057;3000;3177;6177
TO;1700400;Almas;2759;1258;2818;1639;5577;2897;4017;4457;8474
TO;1700707;Alvorada;3911;280;3931;386;7842;666;4191;4317;8508
TO;1701002;Ananás;4130;1020;4266;1096;8396;2116;5150;5362;10512
TO;1701051;Angico;817;573;822;677;1639;1250;1390;1499;2889
TO;1701101;Aparecida do Rio Negro;1263;395;1326;533;2589;928;1658;1859;3517
TO;1701309;Aragominas;1170;1709;1213;2088;2383;3797;2879;3301;6180
TO;1701903;Araguacema;1507;1103;1525;1279;3032;2382;2610;2804;5414
TO;1702000;Araguaçu;3183;1396;3074;1693;6257;3089;4579;4767;9346
TO;1702109;Araguaína;54614;3305;51260;3964;105874;7269;57919;55224;113143
TO;1702158;Araguanã;1247;720;1362;864;2609;1584;1967;2226;4193
TO;1702208;Araguatins;8019;4689;7769;5533;15788;10222;12708;13302;26010
TO;1702307;Arapoema;2753;669;2750;853;5503;1522;3422;3603;7025
TO;1702406;Arraias;3173;2150;2963;2698;6136;4848;5323;5661;10984
TO;1702554;Augustinópolis;5082;1247;5145;1490;10227;2737;6329;6635;12964
TO;1702703;Aurora do Tocantins;994;489;966;652;1960;1141;1483;1618;3101
TO;1702901;Axixá do Tocantins;3854;622;3706;645;7560;1267;4476;4351;8827
TO;1703008;Babaçulândia;2112;2836;2123;3258;4235;6094;4948;5381;10329
TO;1703057;Bandeirantes do Tocantins;579;664;624;741;1203;1405;1243;1365;2608
TO;1703073;Barra do Ouro;699;985;699;1196;1398;2181;1684;1895;3579
TO;1703107;Barrolândia;2027;377;2161;517;4188;894;2404;2678;5082
TO;1703206;Bernardo Sayão;982;1103;1012;1454;1994;2557;2085;2466;4551
TO;1703305;Bom Jesus do Tocantins;565;519;565;674;1130;1193;1084;1239;2323
TO;1703602;Brasilândia do Tocantins;584;331;628;380;1212;711;915;1008;1923
TO;1703701;Brejinho de Nazaré;1899;444;1928;606;3827;1050;2343;2534;4877
TO;1703800;Buriti do Tocantins;3059;862;3057;864;6116;1726;3921;3921;7842
TO;1703826;Cachoeirinha;858;126;907;132;1765;258;984;1039;2023
TO;1703842;Campos Lindos;1065;1597;1144;1832;2209;3429;2662;2976;5638
TO;1703867;Cariri do Tocantins;956;389;986;659;1942;1048;1345;1645;2990
TO;1703883;Carmolândia;747;200;803;258;1550;458;947;1061;2008
TO;1703891;Carrasco Bonito;763;798;810;847;1573;1645;1561;1657;3218
TO;1703909;Caseara;1312;455;1338;555;2650;1010;1767;1893;3660
TO;1704105;Centenário;358;634;403;768;761;1402;992;1171;2163
TO;1704600;Chapada de Areia;258;308;291;413;549;721;566;704;1270
TO;1705102;Chapada da Natividade;558;890;683;1143;1241;2033;1448;1826;3274
TO;1705508;Colinas do Tocantins;12219;502;11895;685;24114;1187;12721;12580;25301
TO;1705557;Combinado;1854;361;1886;423;3740;784;2215;2309;4524
TO;1705607;Conceição do Tocantins;1192;943;1143;1099;2335;2042;2135;2242;4377
TO;1706001;Couto de Magalhães;913;1102;922;1398;1835;2500;2015;2320;4335
TO;1706100;Cristalândia;3351;247;3362;358;6713;605;3598;3720;7318
TO;1706258;Crixás do Tocantins;388;257;388;351;776;608;645;739;1384
TO;1706506;Darcinópolis;1156;853;1216;1048;2372;1901;2009;2264;4273
TO;1707009;Dianópolis;6262;1353;6185;1628;12447;2981;7615;7813;15428
TO;1707108;Divinópolis do Tocantins;1958;750;2029;1039;3987;1789;2708;3068;5776
TO;1707207;Dois Irmãos do Tocantins;1141;2154;1247;2727;2388;4881;3295;3974;7269
TO;1707306;Dueré;1462;668;1502;933;2964;1601;2130;2435;4565
TO;1707405;Esperantina;1763;1904;1789;2167;3552;4071;3667;3956;7623
TO;1707553;Fátima;1642;230;1653;323;3295;553;1872;1976;3848
TO;1707652;Figueirópolis;2177;528;2141;716;4318;1244;2705;2857;5562
TO;1707702;Filadélfia;2039;1866;2004;2309;4043;4175;3905;4313;8218
TO;1708205;Formoso do Araguaia;6548;2509;6710;3050;13258;5559;9057;9760;18817
TO;1708254;Fortaleza do Tabocão;760;282;846;354;1606;636;1042;1200;2242
TO;1708304;Goianorte;1094;1125;1163;1457;2257;2582;2219;2620;4839
TO;1709005;Goiatins;2092;3150;2149;3645;4241;6795;5242;5794;11036
TO;1709302;Guaraí;8884;1102;8703;1329;17587;2431;9986;10032;20018
TO;1709500;Gurupi;32360;653;31126;895;63486;1548;33013;32021;65034
TO;1709807;Ipueiras;282;269;304;311;586;580;551;615;1166
TO;1710508;Itacajá;1822;1448;1805;1740;3627;3188;3270;3545;6815
TO;1710706;Itaguatins;1642;1370;1628;1746;3270;3116;3012;3374;6386
TO;1710904;Itapiratins;556;936;606;1179;1162;2115;1492;1785;3277
TO;1711100;Itaporã do Tocantins;751;425;801;545;1552;970;1176;1346;2522
TO;1711506;Jaú do Tocantins;478;945;519;1179;997;2124;1423;1698;3121
TO;1711803;Juarina;554;544;588;647;1142;1191;1098;1235;2333
TO;1711902;Lagoa da Confusão;1605;1239;1791;1533;3396;2772;2844;3324;6168
TO;1711951;Lagoa do Tocantins;801;409;830;490;1631;899;1210;1320;2530
TO;1712009;Lajeado;723;342;860;419;1583;761;1065;1279;2344
TO;1712157;Lavandeira;296;253;333;327;629;580;549;660;1209
TO;1712405;Lizarda;724;1041;724;1298;1448;2339;1765;2022;3787
TO;1712454;Luzinópolis;636;334;691;360;1327;694;970;1051;2021
TO;1712504;Marianópolis do Tocantins;967;582;1001;782;1968;1364;1549;1783;3332
TO;1712702;Mateiros;323;478;317;528;640;1006;801;845;1646
TO;1712801;Maurilândia do Tocantins;738;576;841;699;1579;1275;1314;1540;2854
TO;1713205;Miracema do Tocantins;10030;1436;10405;2573;20435;4009;11466;12978;24444
TO;1713304;Miranorte;5270;502;5432;598;10702;1100;5772;6030;11802
TO;1713601;Monte do Carmo;1145;1238;1181;1629;2326;2867;2383;2810;5193
TO;1713700;Monte Santo do Tocantins;174;650;207;838;381;1488;824;1045;1869
TO;1713809;Palmeiras do Tocantins;1247;973;1250;1152;2497;2125;2220;2402;4622
TO;1713957;Muricilândia;862;411;863;544;1725;955;1273;1407;2680
TO;1714203;Natividade;3218;1151;3181;1317;6399;2468;4369;4498;8867
TO;1714302;Nazaré;1014;1463;989;1684;2003;3147;2477;2673;5150
TO;1714880;Nova Olinda;3073;1444;3055;1813;6128;3257;4517;4868;9385
TO;1715002;Nova Rosalândia;1214;340;1221;415;2435;755;1554;1636;3190
TO;1715101;Novo Acordo;1026;492;942;597;1968;1089;1518;1539;3057
TO;1715150;Novo Alegre;885;205;921;263;1806;468;1090;1184;2274
TO;1715259;Novo Jardim;653;371;720;407;1373;778;1024;1127;2151
TO;1715507;Oliveira de Fátima;321;114;377;146;698;260;435;523;958
TO;1715705;Palmeirante;637;1039;665;1269;1302;2308;1676;1934;3610
TO;1715754;Palmeirópolis;2836;665;2710;857;5546;1522;3501;3567;7068
TO;1716109;Paraíso do Tocantins;17441;756;16938;995;34379;1751;18197;17933;36130
TO;1716208;Paranã;1469;3432;1364;4151;2833;7583;4901;5515;10416
TO;1716307;Pau D'Arco;1341;731;1416;847;2757;1578;2072;2263;4335
TO;1716505;Pedro Afonso;3671;738;3657;962;7328;1700;4409;4619;9028
TO;1716604;Peixe;1866;2218;1806;2873;3672;5091;4084;4679;8763
TO;1716653;Pequizeiro;1123;992;1170;1306;2293;2298;2115;2476;4591
TO;1716703;Colméia;3233;1352;3125;1642;6358;2994;4585;4767;9352
TO;1717008;Pindorama do Tocantins;1126;1041;1198;1320;2324;2361;2167;2518;4685
TO;1717206;Piraquê;596;520;583;661;1179;1181;1116;1244;2360
TO;1717503;Pium;1574;1033;1620;1313;3194;2346;2607;2933;5540
TO;1717800;Ponte Alta do Bom Jesus;1208;947;1256;1163;2464;2110;2155;2419;4574
TO;1717909;Ponte Alta do Tocantins;1596;1223;1680;1673;3276;2896;2819;3353;6172
TO;1718006;Porto Alegre do Tocantins;691;463;687;552;1378;1015;1154;1239;2393
TO;1718204;Porto Nacional;19720;2792;19046;3433;38766;6225;22512;22479;44991
TO;1718303;Praia Norte;1728;1571;1747;1735;3475;3306;3299;3482;6781
TO;1718402;Presidente Kennedy;1542;278;1577;362;3119;640;1820;1939;3759
TO;1718451;Pugmil;756;186;810;237;1566;423;942;1047;1989
TO;1718501;Recursolândia;623;845;633;1037;1256;1882;1468;1670;3138
TO;1718550;Riachinho;764;941;803;1162;1567;2103;1705;1965;3670
TO;1718659;Rio da Conceição;471;81;527;110;998;191;552;637;1189
TO;1718709;Rio dos Bois;556;505;594;614;1150;1119;1061;1208;2269
TO;1718758;Rio Sono;925;1864;946;2354;1871;4218;2789;3300;6089
TO;1718808;Sampaio;1149;236;1140;276;2289;512;1385;1416;2801
TO;1718840;Sandolândia;696;862;719;1055;1415;1917;1558;1774;3332
TO;1718865;Santa Fé do Araguaia;1641;984;1727;1155;3368;2139;2625;2882;5507
TO;1718881;Santa Maria do Tocantins;512;546;522;646;1034;1192;1058;1168;2226
TO;1718899;Santa Rita do Tocantins;358;454;371;669;729;1123;812;1040;1852
TO;1718907;Santa Rosa do Tocantins;1169;901;1153;1093;2322;1994;2070;2246;4316
TO;1719004;Santa Tereza do Tocantins;659;342;681;432;1340;774;1001;1113;2114
TO;1720002;Santa Terezinha do Tocantins;690;485;697;583;1387;1068;1175;1280;2455
TO;1720101;São Bento do Tocantins;951;810;1001;976;1952;1786;1761;1977;3738
TO;1720150;São Félix do Tocantins;274;343;257;395;531;738;617;652;1269
TO;1720200;São Miguel do Tocantins;929;3157;981;3419;1910;6576;4086;4400;8486
TO;1720259;São Salvador do Tocantins;550;770;534;886;1084;1656;1320;1420;2740
TO;1720309;São Sebastião do Tocantins;1415;390;1396;468;2811;858;1805;1864;3669
TO;1720499;São Valério da Natividade;1102;1241;1136;1575;2238;2816;2343;2711;5054
TO;1720655;Silvanópolis;1601;561;1748;815;3349;1376;2162;2563;4725
TO;1720804;Sítio Novo do Tocantins;2432;2276;2324;2456;4756;4732;4708;4780;9488
TO;1720853;Sucupira;415;262;449;350;864;612;677;799;1476
TO;1720903;Taguatinga;4018;2204;4142;2805;8160;5009;6222;6947;13169
TO;1720937;Taipas do Tocantins;514;267;589;343;1103;610;781;932;1713
TO;1720978;Talismã;452;586;528;740;980;1326;1038;1268;2306
TO;1721000;Palmas;67236;1384;66943;1792;134179;3176;68620;68735;137355
TO;1721109;Tocantínia;1476;1330;1504;1478;2980;2808;2806;2982;5788
TO;1721208;Tocantinópolis;9721;1807;9157;2092;18878;3899;11528;11249;22777
TO;1721257;Tupirama;210;320;223;426;433;746;530;649;1179
TO;1721307;Tupiratins;372;297;357;339;729;636;669;696;1365
TO;1722081;Wanderlândia;2640;2287;2633;2713;5273;5000;4927;5346;10273
TO;1722107;Xambioá;4871;1124;4806;1336;9677;2460;5995;6142;12137
