Sigla;Código;Município;População - residente - urbana - mulheres (2010);População - residente - rural - mulheres (2010);População - residente - urbana - homens (2010);População - residente - rural - homens (2010);População  residente - urbana (2010);População  residente - rural (2010);População - residente - mulheres (2010);População - residente - homens (2010);População  residente -  total (2010)
AC;1200013;Acrelândia;2970;2976;2946;3646;5916;6622;5946;6592;12538
AC;1200054;Assis Brasil;1870;1111;1830;1261;3700;2372;2981;3091;6072
AC;1200104;Brasiléia;7193;3168;7064;3973;14257;7141;10361;11037;21398
AC;1200138;Bujari;1816;2086;1877;2692;3693;4778;3902;4569;8471
AC;1200179;Capixaba;1955;2188;1974;2681;3929;4869;4143;4655;8798
AC;1200203;Cruzeiro do Sul;28289;10998;27037;12183;55326;23181;39287;39220;78507
AC;1200252;Epitaciolândia;5462;2012;5156;2470;10618;4482;7474;7626;15100
AC;1200302;Feijó;8400;7296;8236;8480;16636;15776;15696;16716;32412
AC;1200328;Jordão;1131;2034;1141;2271;2272;4305;3165;3412;6577
AC;1200336;Mâncio Lima;4436;2934;4314;3522;8750;6456;7370;7836;15206
AC;1200344;Manoel Urbano;2573;1153;2705;1550;5278;2703;3726;4255;7981
AC;1200351;Marechal Thaumaturgo;1957;4807;2012;5451;3969;10258;6764;7463;14227
AC;1200385;Plácido de Castro;5157;3053;5225;3774;10382;6827;8210;8999;17209
AC;1200393;Porto Walter;1645;2737;1678;3116;3323;5853;4382;4794;9176
AC;1200401;Rio Branco;160108;12338;148437;15155;308545;27493;172446;163592;336038
AC;1200427;Rodrigues Alves;2178;4732;2137;5342;4315;10074;6910;7479;14389
AC;1200435;Santa Rosa do Purus;881;1404;1011;1395;1892;2799;2285;2406;4691
AC;1200450;Senador Guiomard;6478;3373;6225;4103;12703;7476;9851;10328;20179
AC;1200500;Sena Madureira;12478;5812;12634;7105;25112;12917;18290;19739;38029
AC;1200609;Tarauacá;9737;7500;9614;8739;19351;16239;17237;18353;35590
AC;1200708;Xapuri;5224;2550;5106;3211;10330;5761;7774;8317;16091
AC;1200807;Porto Acre;954;6081;1028;6817;1982;12898;7035;7845;14880
AL;2700102;Água Branca;2655;7067;2446;7209;5101;14276;9722;9655;19377
AL;2700201;Anadia;4705;4150;4244;4325;8949;8475;8855;8569;17424
AL;2700300;Arapiraca;95799;16323;85682;16202;181481;32525;112122;101884;214006
AL;2700409;Atalaia;11414;10699;11043;11166;22457;21865;22113;22209;44322
AL;2700508;Barra de Santo Antônio;6695;458;6547;530;13242;988;7153;7077;14230
AL;2700607;Barra de São Miguel;3301;510;3220;543;6521;1053;3811;3763;7574
AL;2700706;Batalha;6239;2451;5803;2583;12042;5034;8690;8386;17076
AL;2700805;Belém;985;1344;887;1335;1872;2679;2329;2222;4551
AL;2700904;Belo Monte;576;2904;595;2955;1171;5859;3480;3550;7030
AL;2701001;Boca da Mata;8956;4051;8494;4275;17450;8326;13007;12769;25776
AL;2701100;Branquinha;3383;1821;3290;2089;6673;3910;5204;5379;10583
AL;2701209;Cacimbinhas;2777;2370;2625;2423;5402;4793;5147;5048;10195
AL;2701308;Cajueiro;8449;1882;8035;2043;16484;3925;10331;10078;20409
AL;2701357;Campestre;2819;491;2721;567;5540;1058;3310;3288;6598
AL;2701407;Campo Alegre;11432;14359;10729;14296;22161;28655;25791;25025;50816
AL;2701506;Campo Grande;2196;2399;1989;2448;4185;4847;4595;4437;9032
AL;2701605;Canapi;2869;5719;2669;5993;5538;11712;8588;8662;17250
AL;2701704;Capela;6551;2096;6099;2331;12650;4427;8647;8430;17077
AL;2701803;Carneiros;2475;1757;2227;1831;4702;3588;4232;4058;8290
AL;2701902;Chã Preta;2279;1223;2209;1435;4488;2658;3502;3644;7146
AL;2702009;Coité do Nóia;1947;3557;1790;3632;3737;7189;5504;5422;10926
AL;2702108;Colônia Leopoldina;7777;2169;7542;2531;15319;4700;9946;10073;20019
AL;2702207;Coqueiro Seco;2506;264;2467;289;4973;553;2770;2756;5526
AL;2702306;Coruripe;23480;2902;22563;3185;46043;6087;26382;25748;52130
AL;2702355;Craíbas;3784;7700;3544;7613;7328;15313;11484;11157;22641
AL;2702405;Delmiro Gouveia;18372;6672;16482;6570;34854;13242;25044;23052;48096
AL;2702504;Dois Riachos;2637;2789;2448;3006;5085;5795;5426;5454;10880
AL;2702553;Estrela de Alagoas;2111;6736;1918;6486;4029;13222;8847;8404;17251
AL;2702603;Feira Grande;1806;8954;1615;8946;3421;17900;10760;10561;21321
AL;2702702;Feliz Deserto;1786;428;1695;436;3481;864;2214;2131;4345
AL;2702801;Flexeiras;4106;1987;3911;2321;8017;4308;6093;6232;12325
AL;2702900;Girau do Ponciano;5875;12560;5423;12742;11298;25302;18435;18165;36600
AL;2703007;Ibateguara;4817;2759;4518;3055;9335;5814;7576;7573;15149
AL;2703106;Igaci;3321;9597;2863;9407;6184;19004;12918;12270;25188
AL;2703205;Igreja Nova;2416;9129;2359;9388;4775;18517;11545;11747;23292
AL;2703304;Inhapi;3587;5500;3112;5699;6699;11199;9087;8811;17898
AL;2703403;Jacaré dos Homens;1571;1171;1461;1210;3032;2381;2742;2671;5413
AL;2703502;Jacuípe;2173;1237;2182;1405;4355;2642;3410;3587;6997
AL;2703601;Japaratinga;1705;2175;1603;2271;3308;4446;3880;3874;7754
AL;2703700;Jaramataia;1481;1272;1432;1373;2913;2645;2753;2805;5558
AL;2703759;Jequiá da Praia;1447;4454;1432;4696;2879;9150;5901;6128;12029
AL;2703809;Joaquim Gomes;7306;3749;7171;4349;14477;8098;11055;11520;22575
AL;2703908;Jundiá;1445;631;1382;744;2827;1375;2076;2126;4202
AL;2704005;Junqueiro;4071;8022;3732;8011;7803;16033;12093;11743;23836
AL;2704104;Lagoa da Canoa;4761;4518;4404;4567;9165;9085;9279;8971;18250
AL;2704203;Limoeiro de Anadia;1180;12388;1066;12358;2246;24746;13568;13424;26992
AL;2704302;Maceió;495987;269;436142;350;932129;619;496256;436492;932748
AL;2704401;Major Isidoro;4908;4721;4398;4870;9306;9591;9629;9268;18897
AL;2704500;Maragogi;9503;4730;9122;5394;18625;10124;14233;14516;28749
AL;2704609;Maravilha;2608;2479;2529;2668;5137;5147;5087;5197;10284
AL;2704708;Marechal Deodoro;22033;1235;21359;1350;43392;2585;23268;22709;45977
AL;2704807;Maribondo;5274;1808;4704;1833;9978;3641;7082;6537;13619
AL;2704906;Mar Vermelho;841;990;797;1024;1638;2014;1831;1821;3652
AL;2705002;Mata Grande;2980;9386;2694;9638;5674;19024;12366;12332;24698
AL;2705101;Matriz de Camaragibe;11410;778;10686;911;22096;1689;12188;11597;23785
AL;2705200;Messias;7308;671;6955;748;14263;1419;7979;7703;15682
AL;2705309;Minador do Negrão;1155;1504;1097;1519;2252;3023;2659;2616;5275
AL;2705408;Monteirópolis;1324;2253;1191;2167;2515;4420;3577;3358;6935
AL;2705507;Murici;11315;2117;10793;2485;22108;4602;13432;13278;26710
AL;2705606;Novo Lino;3751;2189;3577;2543;7328;4732;5940;6120;12060
AL;2705705;Olho d'Água das Flores;7457;3185;6532;3190;13989;6375;10642;9722;20364
AL;2705804;Olho d'Água do Casado;2062;2151;1965;2313;4027;4464;4213;4278;8491
AL;2705903;Olho d'Água Grande;636;1858;567;1896;1203;3754;2494;2463;4957
AL;2706000;Olivença;1604;3882;1533;4028;3137;7910;5486;5561;11047
AL;2706109;Ouro Branco;3562;1913;3318;2119;6880;4032;5475;5437;10912
AL;2706208;Palestina;1684;954;1553;921;3237;1875;2638;2474;5112
AL;2706307;Palmeira dos Índios;27438;9348;24172;9410;51610;18758;36786;33582;70368
AL;2706406;Pão de Açúcar;5610;6443;5159;6599;10769;13042;12053;11758;23811
AL;2706422;Pariconha;1431;3719;1365;3749;2796;7468;5150;5114;10264
AL;2706448;Paripueira;5161;596;4888;702;10049;1298;5757;5590;11347
AL;2706505;Passo de Camaragibe;3627;3624;3601;3911;7228;7535;7251;7512;14763
AL;2706604;Paulo Jacinto;2537;1258;2371;1260;4908;2518;3795;3631;7426
AL;2706703;Penedo;23573;7497;21447;7861;45020;15358;31070;29308;60378
AL;2706802;Piaçabuçu;5284;3304;5152;3463;10436;6767;8588;8615;17203
AL;2706901;Pilar;16442;696;15359;808;31801;1504;17138;16167;33305
AL;2707008;Pindoba;823;623;814;606;1637;1229;1446;1420;2866
AL;2707107;Piranhas;6867;4884;6322;4972;13189;9856;11751;11294;23045
AL;2707206;Poço das Trincheiras;1050;5820;993;6009;2043;11829;6870;7002;13872
AL;2707305;Porto Calvo;10335;2619;9862;2892;20197;5511;12954;12754;25708
AL;2707404;Porto de Pedras;2462;1697;2336;1934;4798;3631;4159;4270;8429
AL;2707503;Porto Real do Colégio;3406;6334;3200;6394;6606;12728;9740;9594;19334
AL;2707602;Quebrangulo;3384;2425;3090;2581;6474;5006;5809;5671;11480
AL;2707701;Rio Largo;28857;6323;27090;6211;55947;12534;35180;33301;68481
AL;2707800;Roteiro;2869;418;2961;408;5830;826;3287;3369;6656
AL;2707909;Santa Luzia do Norte;3167;354;3005;365;6172;719;3521;3370;6891
AL;2708006;Santana do Ipanema;14396;8725;12789;9022;27185;17747;23121;21811;44932
AL;2708105;Santana do Mundaú;2958;2513;2700;2790;5658;5303;5471;5490;10961
AL;2708204;São Brás;1623;1761;1560;1774;3183;3535;3384;3334;6718
AL;2708303;São José da Laje;8027;3487;7364;3808;15391;7295;11514;11172;22686
AL;2708402;São José da Tapera;6128;9110;5509;9341;11637;18451;15238;14850;30088
AL;2708501;São Luís do Quitunde;10451;5633;10137;6191;20588;11824;16084;16328;32412
AL;2708600;São Miguel dos Campos;27062;950;25504;1061;52566;2011;28012;26565;54577
AL;2708709;São Miguel dos Milagres;1132;2468;1129;2434;2261;4902;3600;3563;7163
AL;2708808;São Sebastião;6320;9839;5989;9862;12309;19701;16159;15851;32010
AL;2708907;Satuba;6617;880;6175;931;12792;1811;7497;7106;14603
AL;2708956;Senador Rui Palmeira;2156;4486;1788;4617;3944;9103;6642;6405;13047
AL;2709004;Tanque d'Arca;1126;1976;1014;2006;2140;3982;3102;3020;6122
AL;2709103;Taquarana;3865;5918;3449;5788;7314;11706;9783;9237;19020
AL;2709152;Teotônio Vilela;17850;3138;16935;3229;34785;6367;20988;20164;41152
AL;2709202;Traipu;4150;8601;3877;9074;8027;17675;12751;12951;25702
AL;2709301;União dos Palmares;25093;7094;22558;7613;47651;14707;32187;30171;62358
AL;2709400;Viçosa;9506;3491;8807;3603;18313;7094;12997;12410;25407
AM;1300029;Alvarães;3819;2853;4068;3348;7887;6201;6672;7416;14088
AM;1300060;Amaturá;2423;2142;2537;2365;4960;4507;4565;4902;9467
AM;1300086;Anamã;2005;2763;2169;3277;4174;6040;4768;5446;10214
AM;1300102;Anori;4843;2963;5157;3354;10000;6317;7806;8511;16317
AM;1300144;Apuí;5168;3288;5427;4124;10595;7412;8456;9551;18007
AM;1300201;Atalaia do Norte;3351;3950;3542;4310;6893;8260;7301;7852;15153
AM;1300300;Autazes;6930;8216;6963;10026;13893;18242;15146;16989;32135
AM;1300409;Barcelos;5312;6590;5845;7971;11157;14561;11902;13816;25718
AM;1300508;Barreirinha;6088;6955;6330;7982;12418;14937;13043;14312;27355
AM;1300607;Benjamin Constant;9971;6180;10167;7093;20138;13273;16151;17260;33411
AM;1300631;Beruri;3813;3527;3965;4181;7778;7708;7340;8146;15486
AM;1300680;Boa Vista do Ramos;3662;3372;3888;4057;7550;7429;7034;7945;14979
AM;1300706;Boca do Acre;9602;5083;9746;6201;19348;11284;14685;15947;30632
AM;1300805;Borba;7149;9575;7285;10952;14434;20527;16724;18237;34961
AM;1300839;Caapiranga;2466;2697;2674;3138;5140;5835;5163;5812;10975
AM;1300904;Canutama;3257;2609;3425;3447;6682;6056;5866;6872;12738
AM;1301001;Carauari;9709;2806;10035;3224;19744;6030;12515;13259;25774
AM;1301100;Careiro;4639;11105;4798;12192;9437;23297;15744;16990;32734
AM;1301159;Careiro da Várzea;519;10723;481;12207;1000;22930;11242;12688;23930
AM;1301209;Coari;24514;11975;25137;14339;49651;26314;36489;39476;75965
AM;1301308;Codajás;7676;3423;8130;3977;15806;7400;11099;12107;23206
AM;1301407;Eirunepé;10961;3925;11205;4574;22166;8499;14886;15779;30665
AM;1301506;Envira;5238;2708;5314;3078;10552;5786;7946;8392;16338
AM;1301605;Fonte Boa;7421;3572;7694;4130;15115;7702;10993;11824;22817
AM;1301654;Guajará;3703;3006;3724;3541;7427;6547;6709;7265;13974
AM;1301704;Humaitá;14920;6103;15581;7623;30501;13726;21023;23204;44227
AM;1301803;Ipixuna;4732;6167;4767;6588;9499;12755;10899;11355;22254
AM;1301852;Iranduba;14317;5468;14662;6334;28979;11802;19785;20996;40781
AM;1301902;Itacoatiara;29425;12988;28732;15694;58157;28682;42413;44426;86839
AM;1301951;Itamarati;2156;1646;2316;1920;4472;3566;3802;4236;8038
AM;1302009;Itapiranga;3112;800;3339;960;6451;1760;3912;4299;8211
AM;1302108;Japurá;1597;1894;1701;2134;3298;4028;3491;3835;7326
AM;1302207;Juruá;2771;2483;2915;2633;5686;5116;5254;5548;10802
AM;1302306;Jutaí;5149;3411;5403;4029;10552;7440;8560;9432;17992
AM;1302405;Lábrea;12000;6063;12207;7431;24207;13494;18063;19638;37701
AM;1302504;Manacapuru;30197;11483;29977;13484;60174;24967;41680;43461;85141
AM;1302553;Manaquiri;3548;7509;3514;8230;7062;15739;11057;11744;22801
AM;1302603;Manaus;918132;4140;874749;4993;1792881;9133;922272;879742;1802014
AM;1302702;Manicoré;10057;12276;10292;14392;20349;26668;22333;24684;47017
AM;1302801;Maraã;4068;4053;4685;4722;8753;8775;8121;9407;17528
AM;1302900;Maués;12902;12051;12930;14353;25832;26404;24953;27283;52236
AM;1303007;Nhamundá;3477;5305;3533;5963;7010;11268;8782;9496;18278
AM;1303106;Nova Olinda do Norte;6810;8138;6816;8932;13626;17070;14948;15748;30696
AM;1303205;Novo Airão;4747;2369;4752;2855;9499;5224;7116;7607;14723
AM;1303304;Novo Aripuanã;6885;3137;7189;4240;14074;7377;10022;11429;21451
AM;1303403;Parintins;35127;14602;34763;17541;69890;32143;49729;52304;102033
AM;1303502;Pauini;4576;4100;4688;4802;9264;8902;8676;9490;18166
AM;1303536;Presidente Figueiredo;6379;6446;6622;7728;13001;14174;12825;14350;27175
AM;1303569;Rio Preto da Eva;6121;6192;6084;7322;12205;13514;12313;13406;25719
AM;1303601;Santa Isabel do Rio Negro;3458;5366;3398;5924;6856;11290;8824;9322;18146
AM;1303700;Santo Antônio do Içá;6322;5567;6625;5967;12947;11534;11889;12592;24481
AM;1303809;São Gabriel da Cachoeira;9420;9013;9634;9829;19054;18842;18433;19463;37896
AM;1303908;São Paulo de Olivença;6907;8249;7356;8910;14263;17159;15156;16266;31422
AM;1303957;São Sebastião do Uatumã;2808;2217;3096;2584;5904;4801;5025;5680;10705
AM;1304005;Silves;1919;2027;2110;2388;4029;4415;3946;4498;8444
AM;1304062;Tabatinga;18306;7607;18049;8310;36355;15917;25913;26359;52272
AM;1304104;Tapauá;5121;3881;5497;4578;10618;8459;9002;10075;19077
AM;1304203;Tefé;24694;5241;25375;6143;50069;11384;29935;31518;61453
AM;1304237;Tonantins;4319;3983;4580;4197;8899;8180;8302;8777;17079
AM;1304260;Uarini;3323;2236;3472;2860;6795;5096;5559;6332;11891
AM;1304302;Urucará;4818;3422;5068;3786;9886;7208;8240;8854;17094
AM;1304401;Urucurituba;5069;3239;5379;4150;10448;7389;8308;9529;17837
AP;1600055;Serra do Navio;1220;827;1355;978;2575;1805;2047;2333;4380
AP;1600105;Amapá;3378;480;3581;630;6959;1110;3858;4211;8069
AP;1600154;Pedra Branca do Amaparí;2826;2080;3137;2729;5963;4809;4906;5866;10772
AP;1600204;Calçoene;3477;702;3830;991;7307;1693;4179;4821;9000
AP;1600212;Cutias;1228;1044;1214;1210;2442;2254;2272;2424;4696
AP;1600238;Ferreira Gomes;2056;700;2119;927;4175;1627;2756;3046;5802
AP;1600253;Itaubal;833;1112;921;1399;1754;2511;1945;2320;4265
AP;1600279;Laranjal do Jari;18603;905;19301;1133;37904;2038;19508;20434;39942
AP;1600303;Macapá;194557;8034;186657;8956;381214;16990;202591;195613;398204
AP;1600402;Mazagão;4033;4025;4239;4735;8272;8760;8058;8974;17032
AP;1600501;Oiapoque;6678;3127;7174;3530;13852;6657;9805;10704;20509
AP;1600535;Porto Grande;5348;2589;5461;3411;10809;6000;7937;8872;16809
AP;1600550;Pracuúba;883;913;998;999;1881;1912;1796;1997;3793
AP;1600600;Santana;49910;938;49201;1213;99111;2151;50848;50414;101262
AP;1600709;Tartarugalzinho;3176;2708;3340;3339;6516;6047;5884;6679;12563
AP;1600808;Vitória do Jari;5034;967;5268;1159;10302;2126;6001;6427;12428
BA;2900108;Abaíra;1948;2286;1788;2294;3736;4580;4234;4082;8316
BA;2900207;Abaré;4663;3837;4366;4198;9029;8035;8500;8564;17064
BA;2900306;Acajutiba;6529;916;6245;963;12774;1879;7445;7208;14653
BA;2900355;Adustina;2948;4847;2624;5283;5572;10130;7795;7907;15702
BA;2900405;Água Fria;3021;4807;2756;5147;5777;9954;7828;7903;15731
BA;2900504;Érico Cardoso;1041;4396;975;4447;2016;8843;5437;5422;10859
BA;2900603;Aiquara;1342;909;1338;1013;2680;1922;2251;2351;4602
BA;2900702;Alagoinhas;65910;8827;58132;9080;124042;17907;74737;67212;141949
BA;2900801;Alcobaça;5627;4829;5458;5357;11085;10186;10456;10815;21271
BA;2900900;Almadina;2613;544;2467;733;5080;1277;3157;3200;6357
BA;2901007;Amargosa;13134;4570;11757;4890;24891;9460;17704;16647;34351
BA;2901106;Amélia Rodrigues;10344;2563;9613;2670;19957;5233;12907;12283;25190
BA;2901155;América Dourada;5456;2432;5376;2697;10832;5129;7888;8073;15961
BA;2901205;Anagé;2484;10140;2440;10452;4924;20592;12624;12892;25516
BA;2901304;Andaraí;3892;2887;3881;3300;7773;6187;6779;7181;13960
BA;2901353;Andorinha;3192;3894;3016;4312;6208;8206;7086;7328;14414
BA;2901403;Angical;3227;3386;3304;4156;6531;7542;6613;7460;14073
BA;2901502;Anguera;2215;2944;2111;2972;4326;5916;5159;5083;10242
BA;2901601;Antas;3230;5261;3130;5451;6360;10712;8491;8581;17072
BA;2901700;Antônio Cardoso;1629;4191;1596;4138;3225;8329;5820;5734;11554
BA;2901809;Antônio Gonçalves;2969;2473;2814;2759;5783;5232;5442;5573;11015
BA;2901908;Aporá;4293;4477;4212;4749;8505;9226;8770;8961;17731
BA;2901957;Apuarema;2583;1082;2534;1260;5117;2342;3665;3794;7459
BA;2902005;Aracatu;2031;4660;1907;5145;3938;9805;6691;7052;13743
BA;2902054;Araças;2995;2738;2812;3016;5807;5754;5733;5828;11561
BA;2902104;Araci;10234;15477;9404;16536;19638;32013;25711;25940;51651
BA;2902203;Aramari;2618;2419;2507;2492;5125;4911;5037;4999;10036
BA;2902252;Arataca;2746;2144;2842;2660;5588;4804;4890;5502;10392
BA;2902302;Aratuípe;2787;1436;2726;1650;5513;3086;4223;4376;8599
BA;2902401;Aurelino Leal;5836;926;5590;1243;11426;2169;6762;6833;13595
BA;2902500;Baianópolis;1770;4918;1712;5450;3482;10368;6688;7162;13850
BA;2902609;Baixa Grande;4365;5729;3973;5993;8338;11722;10094;9966;20060
BA;2902658;Banzaê;2046;3775;1996;3997;4042;7772;5821;5993;11814
BA;2902708;Barra;11486;12679;10960;14200;22446;26879;24165;25160;49325
BA;2902807;Barra da Estiva;5332;5207;5072;5576;10404;10783;10539;10648;21187
BA;2902906;Barra do Choça;11321;5914;11086;6467;22407;12381;17235;17553;34788
BA;2903003;Barra do Mendes;3263;3712;2993;4019;6256;7731;6975;7012;13987
BA;2903102;Barra do Rocha;1898;1078;1908;1429;3806;2507;2976;3337;6313
BA;2903201;Barreiras;63096;6418;60645;7268;123741;13686;69514;67913;137427
BA;2903235;Barro Alto;3394;3309;3318;3591;6712;6900;6703;6909;13612
BA;2903276;Barrocas;2836;4137;2859;4359;5695;8496;6973;7218;14191
BA;2903300;Governador Lomanto Júnior;2657;490;2638;668;5295;1158;3147;3306;6453
BA;2903409;Belmonte;5751;4888;5669;5490;11420;10378;10639;11159;21798
BA;2903508;Belo Campo;4631;3270;4398;3722;9029;6992;7901;8120;16021
BA;2903607;Biritinga;1856;5427;1661;5892;3517;11319;7283;7553;14836
BA;2903706;Boa Nova;2965;4622;2839;4985;5804;9607;7587;7824;15411
BA;2903805;Boa Vista do Tupim;3450;5407;3143;5991;6593;11398;8857;9134;17991
BA;2903904;Bom Jesus da Lapa;22195;9609;20904;10772;43099;20381;31804;31676;63480
BA;2903953;Bom Jesus da Serra;1405;3517;1363;3828;2768;7345;4922;5191;10113
BA;2904001;Boninal;2413;4580;2194;4508;4607;9088;6993;6702;13695
BA;2904050;Bonito;3172;4141;3060;4461;6232;8602;7313;7521;14834
BA;2904100;Boquira;3881;7300;3483;7373;7364;14673;11181;10856;22037
BA;2904209;Botuporã;2088;3458;1988;3620;4076;7078;5546;5608;11154
BA;2904308;Brejões;2553;4615;2384;4730;4937;9345;7168;7114;14282
BA;2904407;Brejolândia;1027;4252;957;4841;1984;9093;5279;5798;11077
BA;2904506;Brotas de Macaúbas;1585;3660;1533;3939;3118;7599;5245;5472;10717
BA;2904605;Brumado;23415;9440;21716;10031;45131;19471;32855;31747;64602
BA;2904704;Buerarema;7830;1468;7447;1860;15277;3328;9298;9307;18605
BA;2904753;Buritirama;3976;5422;3929;6273;7905;11695;9398;10202;19600
BA;2904803;Caatiba;2624;2804;2774;3218;5398;6022;5428;5992;11420
BA;2904852;Cabaceiras do Paraguaçu;2383;6395;2261;6288;4644;12683;8778;8549;17327
BA;2904902;Cachoeira;8703;7870;7684;7769;16387;15639;16573;15453;32026
BA;2905008;Caculé;6867;4232;6442;4695;13309;8927;11099;11137;22236
BA;2905107;Caém;1951;3277;1704;3436;3655;6713;5228;5140;10368
BA;2905156;Caetanos;1637;4948;1654;5400;3291;10348;6585;7054;13639
BA;2905206;Caetité;14920;9176;13527;9892;28447;19068;24096;23419;47515
BA;2905305;Cafarnaum;5322;3123;5241;3523;10563;6646;8445;8764;17209
BA;2905404;Cairu;4070;3463;4077;3764;8147;7227;7533;7841;15374
BA;2905503;Caldeirão Grande;2406;3933;2152;4000;4558;7933;6339;6152;12491
BA;2905602;Camacan;12663;3075;12022;3712;24685;6787;15738;15734;31472
BA;2905701;Camaçari;117099;5167;114874;5830;231973;10997;122266;120704;242970
BA;2905800;Camamu;8052;9229;7566;10333;15618;19562;17281;17899;35180
BA;2905909;Campo Alegre de Lourdes;4169;9779;3957;10185;8126;19964;13948;14142;28090
BA;2906006;Campo Formoso;13056;20096;11807;21657;24863;41753;33152;33464;66616
BA;2906105;Canápolis;1624;2978;1601;3207;3225;6185;4602;4808;9410
BA;2906204;Canarana;5859;6082;5596;6530;11455;12612;11941;12126;24067
BA;2906303;Canavieiras;13412;2835;12491;3598;25903;6433;16247;16089;32336
BA;2906402;Candeal;1777;2619;1699;2800;3476;5419;4396;4499;8895
BA;2906501;Candeias;39388;3456;36606;3708;75994;7164;42844;40314;83158
BA;2906600;Candiba;3835;2560;3890;2925;7725;5485;6395;6815;13210
BA;2906709;Cândido Sales;9694;4192;9592;4440;19286;8632;13886;14032;27918
BA;2906808;Cansanção;5717;10631;5304;11256;11021;21887;16348;16560;32908
BA;2906824;Canudos;4407;3328;4291;3706;8698;7034;7735;7997;15732
BA;2906857;Capela do Alto Alegre;2872;2847;2723;3085;5595;5932;5719;5808;11527
BA;2906873;Capim Grosso;11221;2358;10541;2457;21762;4815;13579;12998;26577
BA;2906899;Caraíbas;1271;3735;1242;3974;2513;7709;5006;5216;10222
BA;2906907;Caravelas;5674;4867;5635;5238;11309;10105;10541;10873;21414
BA;2907004;Cardeal da Silva;1445;2952;1456;3046;2901;5998;4397;4502;8899
BA;2907103;Carinhanha;6467;7390;6118;8405;12585;15795;13857;14523;28380
BA;2907202;Casa Nova;18984;12865;18559;14532;37543;27397;31849;33091;64940
BA;2907301;Castro Alves;8315;4825;7371;4897;15686;9722;13140;12268;25408
BA;2907400;Catolândia;483;775;484;870;967;1645;1258;1354;2612
BA;2907509;Catu;22253;4008;20502;4314;42755;8322;26261;24816;51077
BA;2907558;Caturama;1212;3088;1162;3381;2374;6469;4300;4543;8843
BA;2907608;Central;4166;4158;3991;4698;8157;8856;8324;8689;17013
BA;2907707;Chorrochó;1399;3893;1232;4210;2631;8103;5292;5442;10734
BA;2907806;Cícero Dantas;9364;7076;8362;7498;17726;14574;16440;15860;32300
BA;2907905;Cipó;5906;2171;5381;2297;11287;4468;8077;7678;15755
BA;2908002;Coaraci;9935;755;9195;1079;19130;1834;10690;10274;20964
BA;2908101;Cocos;4352;4498;4220;5083;8572;9581;8850;9303;18153
BA;2908200;Conceição da Feira;6879;3590;6258;3664;13137;7254;10469;9922;20391
BA;2908309;Conceição do Almeida;4176;5009;3750;4954;7926;9963;9185;8704;17889
BA;2908408;Conceição do Coité;18860;12473;17418;13289;36278;25762;31333;30707;62040
BA;2908507;Conceição do Jacuípe;12280;3284;11259;3300;23539;6584;15564;14559;30123
BA;2908606;Conde;6225;5561;5904;5930;12129;11491;11786;11834;23620
BA;2908705;Condeúba;3974;4654;3488;4782;7462;9436;8628;8270;16898
BA;2908804;Contendas do Sincorá;1156;1127;1141;1239;2297;2366;2283;2380;4663
BA;2908903;Coração de Maria;5043;6517;4357;6484;9400;13001;11560;10841;22401
BA;2909000;Cordeiros;1345;2775;1206;2842;2551;5617;4120;4048;8168
BA;2909109;Coribe;3160;3948;2981;4218;6141;8166;7108;7199;14307
BA;2909208;Coronel João Sá;3530;4740;3513;5283;7043;10023;8270;8796;17066
BA;2909307;Correntina;6489;8997;6115;9648;12604;18645;15486;15763;31249
BA;2909406;Cotegipe;3382;3139;3266;3849;6648;6988;6521;7115;13636
BA;2909505;Cravolândia;1601;883;1579;978;3180;1861;2484;2557;5041
BA;2909604;Crisópolis;4354;5456;4258;5978;8612;11434;9810;10236;20046
BA;2909703;Cristópolis;1562;4849;1571;5298;3133;10147;6411;6869;13280
BA;2909802;Cruz das Almas;26593;4331;23292;4390;49885;8721;30924;27682;58606
BA;2909901;Curaçá;7165;8536;6554;9913;13719;18449;15701;16467;32168
BA;2910008;Dário Meira;2523;3587;2567;4159;5090;7746;6110;6726;12836
BA;2910057;Dias d'Ávila;31739;1883;30734;2084;62473;3967;33622;32818;66440
BA;2910107;Dom Basílio;1113;4372;1128;4742;2241;9114;5485;5870;11355
BA;2910206;Dom Macedo Costa;922;1055;839;1058;1761;2113;1977;1897;3874
BA;2910305;Elísio Medrado;1701;2289;1547;2410;3248;4699;3990;3957;7947
BA;2910404;Encruzilhada;2578;8812;2552;9824;5130;18636;11390;12376;23766
BA;2910503;Entre Rios;12491;7750;11349;8282;23840;16032;20241;19631;39872
BA;2910602;Esplanada;10744;5724;10078;6256;20822;11980;16468;16334;32802
BA;2910701;Euclides da Cunha;14150;13820;13266;15053;27416;28873;27970;28319;56289
BA;2910727;Eunápolis;47593;3207;45820;3576;93413;6783;50800;49396;100196
BA;2910750;Fátima;3583;5120;3333;5616;6916;10736;8703;8949;17652
BA;2910776;Feira da Mata;1625;1362;1618;1579;3243;2941;2987;3197;6184
BA;2910800;Feira de Santana;269325;23318;241310;22689;510635;46007;292643;263999;556642
BA;2910859;Filadélfia;4643;3660;4379;4058;9022;7718;8303;8437;16740
BA;2910909;Firmino Alves;2173;479;2164;568;4337;1047;2652;2732;5384
BA;2911006;Floresta Azul;3721;1501;3622;1816;7343;3317;5222;5438;10660
BA;2911105;Formosa do Rio Preto;6876;3992;6771;4889;13647;8881;10868;11660;22528
BA;2911204;Gandu;12717;2516;12131;2972;24848;5488;15233;15103;30336
BA;2911253;Gavião;1256;949;1282;1074;2538;2023;2205;2356;4561
BA;2911303;Gentio do Ouro;2696;2478;2654;2794;5350;5272;5174;5448;10622
BA;2911402;Glória;1444;6093;1383;6156;2827;12249;7537;7539;15076
BA;2911501;Gongogi;2734;1388;2624;1611;5358;2999;4122;4235;8357
BA;2911600;Governador Mangabeira;3968;6353;3449;6048;7417;12401;10321;9497;19818
BA;2911659;Guajeru;1083;4087;994;4248;2077;8335;5170;5242;10412
BA;2911709;Guanambi;32490;7862;30075;8406;62565;16268;40352;38481;78833
BA;2911808;Guaratinga;5214;5333;5211;6407;10425;11740;10547;11618;22165
BA;2911857;Heliópolis;2811;3715;2617;4049;5428;7764;6526;6666;13192
BA;2911907;Iaçu;10477;2628;9691;2940;20168;5568;13105;12631;25736
BA;2912004;Ibiassucê;2383;2582;2323;2774;4706;5356;4965;5097;10062
BA;2912103;Ibicaraí;9295;3089;8590;3298;17885;6387;12384;11888;24272
BA;2912202;Ibicoara;5451;3077;5510;3244;10961;6321;8528;8754;17282
BA;2912301;Ibicuí;6076;1646;5888;2175;11964;3821;7722;8063;15785
BA;2912400;Ibipeba;5010;3240;5039;3719;10049;6959;8250;8758;17008
BA;2912509;Ibipitanga;2704;4419;2451;4597;5155;9016;7123;7048;14171
BA;2912608;Ibiquera;1238;1099;1223;1306;2461;2405;2337;2529;4866
BA;2912707;Ibirapitanga;3214;7850;2949;8585;6163;16435;11064;11534;22598
BA;2912806;Ibirapuã;2228;1630;2304;1794;4532;3424;3858;4098;7956
BA;2912905;Ibirataia;8035;1468;7707;1733;15742;3201;9503;9440;18943
BA;2913002;Ibitiara;1799;6014;1638;6057;3437;12071;7813;7695;15508
BA;2913101;Ibititá;4221;4561;4117;4941;8338;9502;8782;9058;17840
BA;2913200;Ibotirama;9889;2733;9612;3190;19501;5923;12622;12802;25424
BA;2913309;Ichu;1731;936;1634;954;3365;1890;2667;2588;5255
BA;2913408;Igaporã;4061;3501;3803;3840;7864;7341;7562;7643;15205
BA;2913457;Igrapiúna;2200;4101;2075;4967;4275;9068;6301;7042;13343
BA;2913507;Iguaí;7412;5170;7168;5955;14580;11125;12582;13123;25705
BA;2913606;Ilhéus;81232;13564;74049;15391;155281;28955;94796;89440;184236
BA;2913705;Inhambupe;8144;10134;7491;10537;15635;20671;18278;18028;36306
BA;2913804;Ipecaetá;1376;6369;1261;6325;2637;12694;7745;7586;15331
BA;2913903;Ipiaú;20720;1839;19664;2167;40384;4006;22559;21831;44390
BA;2914000;Ipirá;15402;14865;13607;15469;29009;30334;30267;29076;59343
BA;2914109;Ipupiara;3003;1541;2976;1765;5979;3306;4544;4741;9285
BA;2914208;Irajuba;1670;1826;1603;1903;3273;3729;3496;3506;7002
BA;2914307;Iramaia;2729;3094;2675;3492;5404;6586;5823;6167;11990
BA;2914406;Iraquara;3527;7830;3230;8014;6757;15844;11357;11244;22601
BA;2914505;Irará;6036;8133;5210;8087;11246;16220;14169;13297;27466
BA;2914604;Irecê;31746;2417;29273;2745;61019;5162;34163;32018;66181
BA;2914653;Itabela;10607;3302;10777;3704;21384;7006;13909;14481;28390
BA;2914703;Itaberaba;25486;6210;22999;6936;48485;13146;31696;29935;61631
BA;2914802;Itabuna;105445;2286;94198;2738;199643;5024;107731;96936;204667
BA;2914901;Itacaré;6853;4768;6789;5908;13642;10676;11621;12697;24318
BA;2915007;Itaeté;3199;4212;3010;4503;6209;8715;7411;7513;14924
BA;2915106;Itagi;5214;1249;4996;1592;10210;2841;6463;6588;13051
BA;2915205;Itagibá;4838;2551;4734;3070;9572;5621;7389;7804;15193
BA;2915304;Itagimirim;2885;669;2764;792;5649;1461;3554;3556;7110
BA;2915353;Itaguaçu da Bahia;1289;4961;1309;5650;2598;10611;6250;6959;13209
BA;2915403;Itaju do Colônia;2951;659;2909;790;5860;1449;3610;3699;7309
BA;2915502;Itajuípe;8681;1948;8158;2294;16839;4242;10629;10452;21081
BA;2915601;Itamaraju;25485;6124;24300;7160;49785;13284;31609;31460;63069
BA;2915700;Itamari;2932;935;2907;1129;5839;2064;3867;4036;7903
BA;2915809;Itambé;10001;1505;9697;1886;19698;3391;11506;11583;23089
BA;2915908;Itanagra;1156;2557;1171;2714;2327;5271;3713;3885;7598
BA;2916005;Itanhém;7171;2750;7035;3260;14206;6010;9921;10295;20216
BA;2916104;Itaparica;10559;0;10166;0;20725;0;10559;10166;20725
BA;2916203;Itapé;3614;1773;3566;2042;7180;3815;5387;5608;10995
BA;2916302;Itapebi;4225;1010;4043;1217;8268;2227;5235;5260;10495
BA;2916401;Itapetinga;33935;889;32341;1108;66276;1997;34824;33449;68273
BA;2916500;Itapicuru;3482;12312;3193;13274;6675;25586;15794;16467;32261
BA;2916609;Itapitanga;3910;1119;3681;1497;7591;2616;5029;5178;10207
BA;2916708;Itaquara;2388;1448;2220;1622;4608;3070;3836;3842;7678
BA;2916807;Itarantim;7649;1367;7653;1870;15302;3237;9016;9523;18539
BA;2916856;Itatim;5158;2112;4954;2298;10112;4410;7270;7252;14522
BA;2916906;Itiruçu;4960;1492;4566;1675;9526;3167;6452;6241;12693
BA;2917003;Itiúba;4952;12844;4747;13570;9699;26414;17796;18317;36113
BA;2917102;Itororó;9147;777;8953;1037;18100;1814;9924;9990;19914
BA;2917201;Ituaçu;3446;5650;3123;5908;6569;11558;9096;9031;18127
BA;2917300;Ituberá;9900;3303;9352;4036;19252;7339;13203;13388;26591
BA;2917334;Iuiú;2607;2647;2677;2969;5284;5616;5254;5646;10900
BA;2917359;Jaborandi;1547;2766;1493;3167;3040;5933;4313;4660;8973
BA;2917409;Jacaraci;2517;4208;2406;4520;4923;8728;6725;6926;13651
BA;2917508;Jacobina;29356;11563;26512;11816;55868;23379;40919;38328;79247
BA;2917607;Jaguaquara;20205;5764;18645;6397;38850;12161;25969;25042;51011
BA;2917706;Jaguarari;8348;6557;8264;7174;16612;13731;14905;15438;30343
BA;2917805;Jaguaripe;2711;5307;2587;5862;5298;11169;8018;8449;16467
BA;2917904;Jandaíra;3055;1967;3092;2217;6147;4184;5022;5309;10331
BA;2918001;Jequié;72571;5712;66855;6757;139426;12469;78283;73612;151895
BA;2918100;Jeremoabo;9013;9649;8424;10594;17437;20243;18662;19018;37680
BA;2918209;Jiquiriçá;2892;4071;2689;4466;5581;8537;6963;7155;14118
BA;2918308;Jitaúna;4780;2211;4480;2644;9260;4855;6991;7124;14115
BA;2918357;João Dourado;6845;4321;6724;4659;13569;8980;11166;11383;22549
BA;2918407;Juazeiro;82976;17904;77799;19286;160775;37190;100880;97085;197965
BA;2918456;Jucuruçu;1133;3758;1159;4240;2292;7998;4891;5399;10290
BA;2918506;Jussara;4917;2323;5135;2677;10052;5000;7240;7812;15052
BA;2918555;Jussari;2476;718;2400;880;4876;1598;3194;3280;6474
BA;2918605;Jussiape;1645;2479;1423;2484;3068;4963;4124;3907;8031
BA;2918704;Lafaiete Coutinho;1066;805;1038;992;2104;1797;1871;2030;3901
BA;2918753;Lagoa Real;1434;5300;1374;5826;2808;11126;6734;7200;13934
BA;2918803;Laje;3145;7770;2935;8351;6080;16121;10915;11286;22201
BA;2918902;Lajedão;1094;802;982;855;2076;1657;1896;1837;3733
BA;2919009;Lajedinho;626;1265;619;1426;1245;2691;1891;2045;3936
BA;2919058;Lajedo do Tabocal;2641;1477;2508;1679;5149;3156;4118;4187;8305
BA;2919108;Lamarão;1095;3704;990;3771;2085;7475;4799;4761;9560
BA;2919157;Lapão;5007;7556;5043;8040;10050;15596;12563;13083;25646
BA;2919207;Lauro de Freitas;84173;0;79276;0;163449;0;84173;79276;163449
BA;2919306;Lençóis;4090;1068;3947;1263;8037;2331;5158;5210;10368
BA;2919405;Licínio de Almeida;3171;2864;3082;3194;6253;6058;6035;6276;12311
BA;2919504;Livramento de Nossa Senhora;10610;10591;9920;11572;20530;22163;21201;21492;42693
BA;2919553;Luís Eduardo Magalhães;26691;2358;28190;2866;54881;5224;29049;31056;60105
BA;2919603;Macajuba;3614;2095;3257;2263;6871;4358;5709;5520;11229
BA;2919702;Macarani;6965;1545;6674;1909;13639;3454;8510;8583;17093
BA;2919801;Macaúbas;8069;15441;7342;16199;15411;31640;23510;23541;47051
BA;2919900;Macururé;1503;2569;1357;2644;2860;5213;4072;4001;8073
BA;2919926;Madre de Deus;8737;262;8117;260;16854;522;8999;8377;17376
BA;2919959;Maetinga;1425;2032;1392;2189;2817;4221;3457;3581;7038
BA;2920007;Maiquinique;3414;824;3502;1042;6916;1866;4238;4544;8782
BA;2920106;Mairi;5847;3924;5268;4287;11115;8211;9771;9555;19326
BA;2920205;Malhada;3296;4433;3263;5022;6559;9455;7729;8285;16014
BA;2920304;Malhada de Pedras;1631;2515;1603;2719;3234;5234;4146;4322;8468
BA;2920403;Manoel Vitorino;3753;3296;3606;3732;7359;7028;7049;7338;14387
BA;2920452;Mansidão;2390;3617;2392;4193;4782;7810;6007;6585;12592
BA;2920502;Maracás;9269;3140;8438;3766;17707;6906;12409;12204;24613
BA;2920601;Maragogipe;12884;8415;12209;9307;25093;17722;21299;21516;42815
BA;2920700;Maraú;1813;7212;1748;8328;3561;15540;9025;10076;19101
BA;2920809;Marcionílio Souza;2748;2454;2564;2734;5312;5188;5202;5298;10500
BA;2920908;Mascote;5830;1259;5849;1702;11679;2961;7089;7551;14640
BA;2921005;Mata de São João;15371;4933;14454;5425;29825;10358;20304;19879;40183
BA;2921054;Matina;1766;3705;1707;3967;3473;7672;5471;5674;11145
BA;2921104;Medeiros Neto;8461;2050;8603;2446;17064;4496;10511;11049;21560
BA;2921203;Miguel Calmon;8378;4900;7688;5509;16066;10409;13278;13197;26475
BA;2921302;Milagres;4079;1224;3710;1293;7789;2517;5303;5003;10306
BA;2921401;Mirangaba;4052;4051;3827;4349;7879;8400;8103;8176;16279
BA;2921450;Mirante;926;4188;883;4510;1809;8698;5114;5393;10507
BA;2921500;Monte Santo;4600;21152;4245;22341;8845;43493;25752;26586;52338
BA;2921609;Morpará;2777;1262;2761;1480;5538;2742;4039;4241;8280
BA;2921708;Morro do Chapéu;10477;6999;9790;7898;20267;14897;17476;17688;35164
BA;2921807;Mortugaba;3010;3240;2877;3350;5887;6590;6250;6227;12477
BA;2921906;Mucugê;2168;3149;2012;3216;4180;6365;5317;5228;10545
BA;2922003;Mucuri;13913;3927;13579;4607;27492;8534;17840;18186;36026
BA;2922052;Mulungu do Morro;3017;3057;2902;3273;5919;6330;6074;6175;12249
BA;2922102;Mundo Novo;6896;5134;6668;5697;13564;10831;12030;12365;24395
BA;2922201;Muniz Ferreira;1740;1896;1654;2027;3394;3923;3636;3681;7317
BA;2922250;Muquém de São Francisco;608;4215;675;4774;1283;8989;4823;5449;10272
BA;2922300;Muritiba;9632;5541;8408;5318;18040;10859;15173;13726;28899
BA;2922409;Mutuípe;5246;5606;4413;6184;9659;11790;10852;10597;21449
BA;2922508;Nazaré;11991;2058;10873;2352;22864;4410;14049;13225;27274
BA;2922607;Nilo Peçanha;1556;4510;1549;4915;3105;9425;6066;6464;12530
BA;2922656;Nordestina;2013;3951;1908;4499;3921;8450;5964;6407;12371
BA;2922706;Nova Canaã;3478;4664;3374;5197;6852;9861;8142;8571;16713
BA;2922730;Nova Fátima;2625;1184;2449;1344;5074;2528;3809;3793;7602
BA;2922755;Nova Ibiá;1421;1735;1386;2106;2807;3841;3156;3492;6648
BA;2922805;Nova Itarana;1380;2284;1335;2436;2715;4720;3664;3771;7435
BA;2922854;Nova Redenção;2656;1309;2581;1488;5237;2797;3965;4069;8034
BA;2922904;Nova Soure;6107;5899;5623;6507;11730;12406;12006;12130;24136
BA;2923001;Nova Viçosa;16763;2375;16763;2655;33526;5030;19138;19418;38556
BA;2923035;Novo Horizonte;1739;3432;1766;3736;3505;7168;5171;5502;10673
BA;2923050;Novo Triunfo;3748;3770;3755;3778;7503;7548;7518;7533;15051
BA;2923100;Olindina;6684;5969;6089;6201;12773;12170;12653;12290;24943
BA;2923209;Oliveira dos Brejinhos;3366;7334;3218;7913;6584;15247;10700;11131;21831
BA;2923308;Ouriçangas;1369;2712;1393;2824;2762;5536;4081;4217;8298
BA;2923357;Ourolândia;3226;4837;3115;5247;6341;10084;8063;8362;16425
BA;2923407;Palmas de Monte Alto;5058;5118;4774;5825;9832;10943;10176;10599;20775
BA;2923506;Palmeiras;2689;1547;2550;1624;5239;3171;4236;4174;8410
BA;2923605;Paramirim;5132;5304;4897;5668;10029;10972;10436;10565;21001
BA;2923704;Paratinga;5621;8953;5284;9646;10905;18599;14574;14930;29504
BA;2923803;Paripiranga;5065;9043;4468;9202;9533;18245;14108;13670;27778
BA;2923902;Pau Brasil;3810;1547;3572;1923;7382;3470;5357;5495;10852
BA;2924009;Paulo Afonso;49125;7301;44279;7691;93404;14992;56426;51970;108396
BA;2924058;Pé de Serra;2732;4203;2442;4375;5174;8578;6935;6817;13752
BA;2924108;Pedrão;892;2590;824;2570;1716;5160;3482;3394;6876
BA;2924207;Pedro Alexandre;1422;6890;1364;7319;2786;14209;8312;8683;16995
BA;2924306;Piatã;4016;5232;3596;5138;7612;10370;9248;8734;17982
BA;2924405;Pilão Arcado;5645;10532;5382;11301;11027;21833;16177;16683;32860
BA;2924504;Pindaí;2198;5413;2121;5896;4319;11309;7611;8017;15628
BA;2924603;Pindobaçu;5618;4174;5619;4710;11237;8884;9792;10329;20121
BA;2924652;Pintadas;2993;2151;2847;2351;5840;4502;5144;5198;10342
BA;2924678;Piraí do Norte;1871;2734;1818;3376;3689;6110;4605;5194;9799
BA;2924702;Piripá;3231;3112;2964;3476;6195;6588;6343;6440;12783
BA;2924801;Piritiba;7686;3426;7476;3811;15162;7237;11112;11287;22399
BA;2924900;Planaltino;1846;2402;1794;2780;3640;5182;4248;4574;8822
BA;2925006;Planalto;7678;4711;7191;4901;14869;9612;12389;12092;24481
BA;2925105;Poções;18072;4867;16587;5175;34659;10042;22939;21762;44701
BA;2925204;Pojuca;14775;2213;13603;2475;28378;4688;16988;16078;33066
BA;2925253;Ponto Novo;4264;3554;4141;3783;8405;7337;7818;7924;15742
BA;2925303;Porto Seguro;52566;10874;51512;11977;104078;22851;63440;63489;126929
BA;2925402;Potiraguá;3282;1462;3322;1744;6604;3206;4744;5066;9810
BA;2925501;Prado;7932;5705;7542;6448;15474;12153;13637;13990;27627
BA;2925600;Presidente Dutra;4560;2198;4496;2496;9056;4694;6758;6992;13750
BA;2925709;Presidente Jânio Quadros;2128;4546;2070;4908;4198;9454;6674;6978;13652
BA;2925758;Presidente Tancredo Neves;4894;6740;4675;7537;9569;14277;11634;12212;23846
BA;2925808;Queimadas;6426;5891;6066;6219;12492;12110;12317;12285;24602
BA;2925907;Quijingue;3309;9908;3068;10943;6377;20851;13217;14011;27228
BA;2925931;Quixabeira;1862;2813;1801;3078;3663;5891;4675;4879;9554
BA;2925956;Rafael Jambeiro;3620;8118;3230;7906;6850;16024;11738;11136;22874
BA;2926004;Remanso;12173;7333;11297;8154;23470;15487;19506;19451;38957
BA;2926103;Retirolândia;3439;2591;3283;2742;6722;5333;6030;6025;12055
BA;2926202;Riachão das Neves;5353;5144;5391;6049;10744;11193;10497;11440;21937
BA;2926301;Riachão do Jacuípe;10543;6460;9317;6852;19860;13312;17003;16169;33172
BA;2926400;Riacho de Santana;6670;8382;6421;9173;13091;17555;15052;15594;30646
BA;2926509;Ribeira do Amparo;983;6059;938;6296;1921;12355;7042;7234;14276
BA;2926608;Ribeira do Pombal;15470;8672;14286;9090;29756;17762;24142;23376;47518
BA;2926657;Ribeirão do Largo;2358;1770;2289;2185;4647;3955;4128;4474;8602
BA;2926707;Rio de Contas;3361;3413;2948;3285;6309;6698;6774;6233;13007
BA;2926806;Rio do Antônio;3101;4273;2892;4549;5993;8822;7374;7441;14815
BA;2926905;Rio do Pires;2724;3266;2543;3385;5267;6651;5990;5928;11918
BA;2927002;Rio Real;11898;6612;11412;7242;23310;13854;18510;18654;37164
BA;2927101;Rodelas;3333;607;3207;628;6540;1235;3940;3835;7775
BA;2927200;Ruy Barbosa;11676;3662;10417;4132;22093;7794;15338;14549;29887
BA;2927309;Salinas da Margarida;3066;3836;2894;3660;5960;7496;6902;6554;13456
BA;2927408;Salvador;1426410;349;1248513;384;2674923;733;1426759;1248897;2675656
BA;2927507;Santa Bárbara;4603;5161;4066;5234;8669;10395;9764;9300;19064
BA;2927606;Santa Brígida;2925;4420;2686;5029;5611;9449;7345;7715;15060
BA;2927705;Santa Cruz Cabrália;9539;3394;9463;3868;19002;7262;12933;13331;26264
BA;2927804;Santa Cruz da Vitória;2546;705;2530;892;5076;1597;3251;3422;6673
BA;2927903;Santa Inês;4866;362;4648;487;9514;849;5228;5135;10363
BA;2928000;Santaluz;10845;6373;9950;6670;20795;13043;17218;16620;33838
BA;2928059;Santa Luzia;4032;2261;4040;3011;8072;5272;6293;7051;13344
BA;2928109;Santa Maria da Vitória;12107;7865;11709;8628;23816;16493;19972;20337;40309
BA;2928208;Santana;6888;5311;6595;5956;13483;11267;12199;12551;24750
BA;2928307;Santanópolis;874;3656;810;3436;1684;7092;4530;4246;8776
BA;2928406;Santa Rita de Cássia;7594;5084;7313;6259;14907;11343;12678;13572;26250
BA;2928505;Santa Teresinha;1206;3620;1128;3694;2334;7314;4826;4822;9648
BA;2928604;Santo Amaro;23559;6486;21207;6548;44766;13034;30045;27755;57800
BA;2928703;Santo Antônio de Jesus;42293;5727;37006;5959;79299;11686;48020;42965;90985
BA;2928802;Santo Estêvão;14573;10401;13117;9789;27690;20190;24974;22906;47880
BA;2928901;São Desidério;4315;8814;4318;10212;8633;19026;13129;14530;27659
BA;2928950;São Domingos;3044;1591;2872;1719;5916;3310;4635;4591;9226
BA;2929008;São Félix;4868;2348;4397;2485;9265;4833;7216;6882;14098
BA;2929057;São Félix do Coribe;5398;1114;5189;1347;10587;2461;6512;6536;13048
BA;2929107;São Felipe;5128;5094;4692;5391;9820;10485;10222;10083;20305
BA;2929206;São Francisco do Conde;14051;2929;13340;2863;27391;5792;16980;16203;33183
BA;2929255;São Gabriel;5199;3779;5295;4154;10494;7933;8978;9449;18427
BA;2929305;São Gonçalo dos Campos;8755;8509;7750;8269;16505;16778;17264;16019;33283
BA;2929354;São José da Vitória;2574;239;2588;314;5162;553;2813;2902;5715
BA;2929370;São José do Jacuípe;3565;1521;3426;1668;6991;3189;5086;5094;10180
BA;2929404;São Miguel das Matas;1761;3375;1599;3679;3360;7054;5136;5278;10414
BA;2929503;São Sebastião do Passé;17171;4274;15941;4767;33112;9041;21445;20708;42153
BA;2929602;Sapeaçu;4288;4319;3796;4182;8084;8501;8607;7978;16585
BA;2929701;Sátiro Dias;2289;7108;2043;7524;4332;14632;9397;9567;18964
BA;2929750;Saubara;5592;127;5356;126;10948;253;5719;5482;11201
BA;2929800;Saúde;3427;2485;3219;2714;6646;5199;5912;5933;11845
BA;2929909;Seabra;10543;10570;9734;10951;20277;21521;21113;20685;41798
BA;2930006;Sebastião Laranjeiras;2049;3068;2035;3219;4084;6287;5117;5254;10371
BA;2930105;Senhor do Bonfim;30179;8220;27387;8633;57566;16853;38399;36020;74419
BA;2930154;Serra do Ramalho;3106;12155;3168;13209;6274;25364;15261;16377;31638
BA;2930204;Sento Sé;10808;7340;10868;8409;21676;15749;18148;19277;37425
BA;2930303;Serra Dourada;3106;5763;2896;6347;6002;12110;8869;9243;18112
BA;2930402;Serra Preta;3602;4212;3318;4269;6920;8481;7814;7587;15401
BA;2930501;Serrinha;24809;14273;22379;15301;47188;29574;39082;37680;76762
BA;2930600;Serrolândia;3786;2518;3493;2547;7279;5065;6304;6040;12344
BA;2930709;Simões Filho;54187;5847;51624;6389;105811;12236;60034;58013;118047
BA;2930758;Sítio do Mato;3364;2421;3502;2763;6866;5184;5785;6265;12050
BA;2930766;Sítio do Quinto;2680;3630;2492;3790;5172;7420;6310;6282;12592
BA;2930774;Sobradinho;10269;932;9733;1066;20002;1998;11201;10799;22000
BA;2930808;Souto Soares;3039;4807;3000;5053;6039;9860;7846;8053;15899
BA;2930907;Tabocas do Brejo Velho;1954;3538;1978;3961;3932;7499;5492;5939;11431
BA;2931004;Tanhaçu;4342;5600;3948;6123;8290;11723;9942;10071;20013
BA;2931053;Tanque Novo;3691;4311;3626;4500;7317;8811;8002;8126;16128
BA;2931103;Tanquinho;2967;1064;2744;1233;5711;2297;4031;3977;8008
BA;2931202;Taperoá;4529;4633;4196;5390;8725;10023;9162;9586;18748
BA;2931301;Tapiramutá;6460;1719;6324;2013;12784;3732;8179;8337;16516
BA;2931350;Teixeira de Freitas;65929;4335;63334;4743;129263;9078;70264;68077;138341
BA;2931400;Teodoro Sampaio;3331;708;3010;846;6341;1554;4039;3856;7895
BA;2931509;Teofilândia;3472;7209;3220;7581;6692;14790;10681;10801;21482
BA;2931608;Teolândia;2545;4566;2523;5202;5068;9768;7111;7725;14836
BA;2931707;Terra Nova;5941;641;5547;674;11488;1315;6582;6221;12803
BA;2931806;Tremedal;2033;6464;1906;6626;3939;13090;8497;8532;17029
BA;2931905;Tucano;11452;14712;10506;15748;21958;30460;26164;26254;52418
BA;2932002;Uauá;5599;6477;5162;7056;10761;13533;12076;12218;24294
BA;2932101;Ubaíra;4558;5157;4264;5771;8822;10928;9715;10035;19750
BA;2932200;Ubaitaba;9232;1359;8366;1734;17598;3093;10591;10100;20691
BA;2932309;Ubatã;9173;3343;8778;3710;17951;7053;12516;12488;25004
BA;2932408;Uibaí;4172;2485;4139;2829;8311;5314;6657;6968;13625
BA;2932457;Umburanas;3704;4519;3806;4971;7510;9490;8223;8777;17000
BA;2932507;Una;7636;3917;7394;5163;15030;9080;11553;12557;24110
BA;2932606;Urandi;3004;5131;2935;5396;5939;10527;8135;8331;16466
BA;2932705;Uruçuca;8166;1814;7613;2244;15779;4058;9980;9857;19837
BA;2932804;Utinga;6652;2585;6158;2778;12810;5363;9237;8936;18173
BA;2932903;Valença;33786;11356;30582;12949;64368;24305;45142;43531;88673
BA;2933000;Valente;7065;5343;6422;5730;13487;11073;12408;12152;24560
BA;2933059;Várzea da Roça;3300;3502;3181;3803;6481;7305;6802;6984;13786
BA;2933109;Várzea do Poço;2932;1374;2857;1498;5789;2872;4306;4355;8661
BA;2933158;Várzea Nova;4390;2061;4163;2459;8553;4520;6451;6622;13073
BA;2933174;Varzedo;1755;2820;1609;2925;3364;5745;4575;4534;9109
BA;2933208;Vera Cruz;17722;1123;17522;1200;35244;2323;18845;18722;37567
BA;2933257;Vereda;682;2554;697;2867;1379;5421;3236;3564;6800
BA;2933307;Vitória da Conquista;143477;15510;131262;16617;274739;32127;158987;147879;306866
BA;2933406;Wagner;3301;1184;3181;1317;6482;2501;4485;4498;8983
BA;2933455;Wanderley;2985;3004;2893;3603;5878;6607;5989;6496;12485
BA;2933505;Wenceslau Guimarães;3838;6876;3673;7802;7511;14678;10714;11475;22189
BA;2933604;Xique-Xique;16886;6141;15655;6854;32541;12995;23027;22509;45536
BA;2999919;Trancoso;;;;;;;;;
BA;2999929;Barcellos;;;;;;;;;
BA;2999939;Olivença;;;;;;;;;
BA;2999949;Villa Verde;;;;;;;;;
CE;2300101;Abaiara;2341;2945;2211;2999;4552;5944;5286;5210;10496
CE;2300150;Acarapé;4170;3597;3812;3759;7982;7356;7767;7571;15338
CE;2300200;Acaraú;14263;14186;13979;15123;28242;29309;28449;29102;57551
CE;2300309;Acopiara;13219;12317;12009;13615;25228;25932;25536;25624;51160
CE;2300408;Aiuaba;2141;5945;1810;6307;3951;12252;8086;8117;16203
CE;2300507;Alcântaras;1803;3654;1645;3669;3448;7323;5457;5314;10771
CE;2300606;Altaneira;2587;952;2370;947;4957;1899;3539;3317;6856
CE;2300705;Alto Santo;4169;3973;3872;4345;8041;8318;8142;8217;16359
CE;2300754;Amontada;7995;10881;7952;12404;15947;23285;18876;20356;39232
CE;2300804;Antonina do Norte;2700;940;2299;1045;4999;1985;3640;3344;6984
CE;2300903;Apuiarés;2947;3906;2825;4247;5772;8153;6853;7072;13925
CE;2301000;Aquiraz;33147;2351;33936;3194;67083;5545;35498;37130;72628
CE;2301109;Aracati;22876;12136;21159;12988;44035;25124;35012;34147;69159
CE;2301208;Aracoiaba;7016;5587;6721;6067;13737;11654;12603;12788;25391
CE;2301257;Ararendá;2570;2741;2336;2844;4906;5585;5311;5180;10491
CE;2301307;Araripe;6531;3862;6202;4090;12733;7952;10393;10292;20685
CE;2301406;Aratuba;1953;3753;1816;4007;3769;7760;5706;5823;11529
CE;2301505;Arneiroz;2001;1799;1878;1972;3879;3771;3800;3850;7650
CE;2301604;Assaré;6330;5035;5622;5458;11952;10493;11365;11080;22445
CE;2301703;Aurora;6126;6216;5699;6525;11825;12741;12342;12224;24566
CE;2301802;Baixio;1681;1290;1623;1432;3304;2722;2971;3055;6026
CE;2301851;Banabuiú;4531;4047;4222;4515;8753;8562;8578;8737;17315
CE;2301901;Barbalha;19758;8661;18264;8640;38022;17301;28419;26904;55323
CE;2301950;Barreira;4241;5596;3886;5850;8127;11446;9837;9736;19573
CE;2302008;Barro;6818;4069;6342;4285;13160;8354;10887;10627;21514
CE;2302057;Barroquinha;4953;2202;4817;2504;9770;4706;7155;7321;14476
CE;2302107;Baturité;12654;4271;11783;4613;24437;8884;16925;16396;33321
CE;2302206;Beberibe;10878;13576;10733;14124;21611;27700;24454;24857;49311
CE;2302305;Bela Cruz;6583;8594;6414;9287;12997;17881;15177;15701;30878
CE;2302404;Boa Viagem;13825;12333;12779;13561;26604;25894;26158;26340;52498
CE;2302503;Brejo Santo;14775;8500;13280;8638;28055;17138;23275;21918;45193
CE;2302602;Camocim;23014;7374;21643;8127;44657;15501;30388;29770;60158
CE;2302701;Campos Sales;10172;3628;8909;3797;19081;7425;13800;12706;26506
CE;2302800;Canindé;24467;13094;22408;14504;46875;27598;37561;36912;74473
CE;2302909;Capistrano;3152;5272;3060;5578;6212;10850;8424;8638;17062
CE;2303006;Caridade;5823;4073;5700;4424;11523;8497;9896;10124;20020
CE;2303105;Cariré;4314;4891;3987;5155;8301;10046;9205;9142;18347
CE;2303204;Caririaçu;7354;6227;6677;6135;14031;12362;13581;12812;26393
CE;2303303;Cariús;4296;4937;4014;5320;8310;10257;9233;9334;18567
CE;2303402;Carnaubal;4114;4285;3846;4501;7960;8786;8399;8347;16746
CE;2303501;Cascavel;28499;4756;27658;5229;56157;9985;33255;32887;66142
CE;2303600;Catarina;4528;4915;4200;5102;8728;10017;9443;9302;18745
CE;2303659;Catunda;2760;2159;2635;2398;5395;4557;4919;5033;9952
CE;2303709;Caucaia;149010;16833;141210;18388;290220;35221;165843;159598;325441
CE;2303808;Cedro;7857;4562;7302;4806;15159;9368;12419;12108;24527
CE;2303907;Chaval;4769;1652;4399;1795;9168;3447;6421;6194;12615
CE;2303931;Choró;1919;4348;1875;4711;3794;9059;6267;6586;12853
CE;2303956;Chorozinho;5701;3614;5725;3875;11426;7489;9315;9600;18915
CE;2304004;Coreaú;7335;3675;6888;4056;14223;7731;11010;10944;21954
CE;2304103;Crateús;27568;9735;25076;10433;52644;20168;37303;35509;72812
CE;2304202;Crato;53631;10181;47285;10331;100916;20512;63812;57616;121428
CE;2304236;Croatá;4755;3986;4283;4045;9038;8031;8741;8328;17069
CE;2304251;Cruz;4992;6396;4577;6514;9569;12910;11388;11091;22479
CE;2304269;Deputado Irapuan Pinheiro;2153;2380;1980;2582;4133;4962;4533;4562;9095
CE;2304277;Ererê;1801;1611;1657;1771;3458;3382;3412;3428;6840
CE;2304285;Eusébio;23082;0;22951;0;46033;0;23082;22951;46033
CE;2304301;Farias Brito;4674;5004;4197;5132;8871;10136;9678;9329;19007
CE;2304350;Forquilha;7967;3033;7506;3280;15473;6313;11000;10786;21786
CE;2304400;Fortaleza;1304267;0;1147918;0;2452185;0;1304267;1147918;2452185
CE;2304459;Fortim;4818;2543;4790;2666;9608;5209;7361;7456;14817
CE;2304509;Frecheirinha;3991;2622;3645;2733;7636;5355;6613;6378;12991
CE;2304608;General Sampaio;1871;1183;1777;1387;3648;2570;3054;3164;6218
CE;2304657;Graça;3007;4603;2808;4631;5815;9234;7610;7439;15049
CE;2304707;Granja;13210;12721;12682;14032;25892;26753;25931;26714;52645
CE;2304806;Granjeiro;713;1653;657;1606;1370;3259;2366;2263;4629
CE;2304905;Groaíras;3657;1526;3419;1626;7076;3152;5183;5045;10228
CE;2304954;Guaiúba;9463;2489;9414;2725;18877;5214;11952;12139;24091
CE;2305001;Guaraciaba do Norte;9024;10091;8379;10281;17403;20372;19115;18660;37775
CE;2305100;Guaramiranga;1263;802;1232;867;2495;1669;2065;2099;4164
CE;2305209;Hidrolândia;5739;3960;5315;4311;11054;8271;9699;9626;19325
CE;2305233;Horizonte;25714;1941;25335;2197;51049;4138;27655;27532;55187
CE;2305266;Ibaretama;2230;4025;2217;4450;4447;8475;6255;6667;12922
CE;2305308;Ibiapina;5514;6361;5229;6704;10743;13065;11875;11933;23808
CE;2305332;Ibicuitinga;2812;2658;2930;2935;5742;5593;5470;5865;11335
CE;2305357;Icapuí;2923;6055;2864;6550;5787;12605;8978;9414;18392
CE;2305407;Icó;16153;17422;14310;17571;30463;34993;33575;31881;65456
CE;2305506;Iguatu;39405;10665;35222;11203;74627;21868;50070;46425;96495
CE;2305605;Independência;6054;6778;5419;7322;11473;14100;12832;12741;25573
CE;2305654;Ipaporanga;2136;3549;2000;3658;4136;7207;5685;5658;11343
CE;2305704;Ipaumirim;3688;2325;3445;2551;7133;4876;6013;5996;12009
CE;2305803;Ipu;13229;7111;12352;7604;25581;14715;20340;19956;40296
CE;2305902;Ipueiras;9574;9755;8784;9749;18358;19504;19329;18533;37862
CE;2306009;Iracema;5147;1812;4672;2091;9819;3903;6959;6763;13722
CE;2306108;Irauçuba;7230;3747;7113;4234;14343;7981;10977;11347;22324
CE;2306207;Itaiçaba;2211;1463;2068;1574;4279;3037;3674;3642;7316
CE;2306256;Itaitinga;17419;110;18146;142;35565;252;17529;18288;35817
CE;2306306;Itapagé;17532;6828;16458;7532;33990;14360;24360;23990;48350
CE;2306405;Itapipoca;34432;23390;32477;25766;66909;49156;57822;58243;116065
CE;2306504;Itapiúna;4522;4643;4297;5164;8819;9807;9165;9461;18626
CE;2306553;Itarema;7952;10168;7986;11365;15938;21533;18120;19351;37471
CE;2306603;Itatira;4842;4463;4680;4909;9522;9372;9305;9589;18894
CE;2306702;Jaguaretama;4423;4369;4046;5025;8469;9394;8792;9071;17863
CE;2306801;Jaguaribara;3710;1412;3502;1775;7212;3187;5122;5277;10399
CE;2306900;Jaguaribe;12232;5348;11036;5793;23268;11141;17580;16829;34409
CE;2307007;Jaguaruana;9824;6336;9311;6765;19135;13101;16160;16076;32236
CE;2307106;Jardim;4736;8885;4258;8809;8994;17694;13621;13067;26688
CE;2307205;Jati;2305;1525;2184;1646;4489;3171;3830;3830;7660
CE;2307254;Jijoca de Jericoacoara;2874;5608;2682;5838;5556;11446;8482;8520;17002
CE;2307304;Juazeiro do Norte;126719;4867;113409;4944;240128;9811;131586;118353;249939
CE;2307403;Jucás;7363;4678;6787;4979;14150;9657;12041;11766;23807
CE;2307502;Lavras da Mangabeira;9298;6224;8834;6734;18132;12958;15522;15568;31090
CE;2307601;Limoeiro do Norte;16992;11695;15491;12086;32483;23781;28687;27577;56264
CE;2307635;Madalena;4552;4453;4363;4720;8915;9173;9005;9083;18088
CE;2307650;Maracanaú;106269;710;101354;724;207623;1434;106979;102078;209057
CE;2307700;Maranguape;44115;12827;42194;14425;86309;27252;56942;56619;113561
CE;2307809;Marco;7713;4391;7722;4877;15435;9268;12104;12599;24703
CE;2307908;Martinópole;4103;1011;3904;1196;8007;2207;5114;5100;10214
CE;2308005;Massapê;12330;5417;11653;5791;23983;11208;17747;17444;35191
CE;2308104;Mauriti;11876;10273;11409;10682;23285;20955;22149;22091;44240
CE;2308203;Meruoca;3766;3053;3654;3220;7420;6273;6819;6874;13693
CE;2308302;Milagres;7061;7329;6495;7431;13556;14760;14390;13926;28316
CE;2308351;Milhã;3096;3462;2873;3655;5969;7117;6558;6528;13086
CE;2308377;Miraíma;3410;2783;3437;3170;6847;5953;6193;6607;12800
CE;2308401;Missão Velha;8009;9350;7410;9505;15419;18855;17359;16915;34274
CE;2308500;Mombaça;9901;11540;8915;12334;18816;23874;21441;21249;42690
CE;2308609;Monsenhor Tabosa;4875;3535;4487;3808;9362;7343;8410;8295;16705
CE;2308708;Morada Nova;18193;12729;17208;13935;35401;26664;30922;31143;62065
CE;2308807;Moraújo;1834;2166;1770;2300;3604;4466;4000;4070;8070
CE;2308906;Morrinhos;4883;5377;4729;5711;9612;11088;10260;10440;20700
CE;2309003;Mucambo;4901;2502;4165;2534;9066;5036;7403;6699;14102
CE;2309102;Mulungu;2167;3476;2031;3811;4198;7287;5643;5842;11485
CE;2309201;Nova Olinda;5008;2228;4688;2332;9696;4560;7236;7020;14256
CE;2309300;Nova Russas;12144;3797;11100;3924;23244;7721;15941;15024;30965
CE;2309409;Novo Oriente;7417;6487;6813;6736;14230;13223;13904;13549;27453
CE;2309458;Ocara;3855;7835;3750;8567;7605;16402;11690;12317;24007
CE;2309508;Orós;8311;2657;7712;2709;16023;5366;10968;10421;21389
CE;2309607;Pacajus;26055;5413;24620;5750;50675;11163;31468;30370;61838
CE;2309706;Pacatuba;31735;4965;30360;5239;62095;10204;36700;35599;72299
CE;2309805;Pacoti;2448;3309;2297;3553;4745;6862;5757;5850;11607
CE;2309904;Pacujá;1941;1143;1782;1120;3723;2263;3084;2902;5986
CE;2310001;Palhano;2290;2106;2225;2245;4515;4351;4396;4470;8866
CE;2310100;Palmácia;2521;3482;2436;3566;4957;7048;6003;6002;12005
CE;2310209;Paracuru;10491;5293;10098;5754;20589;11047;15784;15852;31636
CE;2310258;Paraipaba;6890;7860;6545;8746;13435;16606;14750;15291;30041
CE;2310298;Cococi;;;;;;;;;
CE;2310308;Parambu;7537;8510;6569;8693;14106;17203;16047;15262;31309
CE;2310407;Paramoti;2803;2691;2737;3077;5540;5768;5494;5814;11308
CE;2310506;Pedra Branca;12849;8344;11661;9036;24510;17380;21193;20697;41890
CE;2310605;Penaforte;3304;878;3095;949;6399;1827;4182;4044;8226
CE;2310704;Pentecoste;10909;6592;10485;7414;21394;14006;17501;17899;35400
CE;2310803;Pereiro;2843;5152;2590;5172;5433;10324;7995;7762;15757
CE;2310852;Pindoretama;5761;3582;5519;3821;11280;7403;9343;9340;18683
CE;2310902;Piquet Carneiro;3858;3819;3582;4208;7440;8027;7677;7790;15467
CE;2310951;Pires Ferreira;1704;3373;1650;3489;3354;6862;5077;5139;10216
CE;2311009;Poranga;3997;2030;3801;2173;7798;4203;6027;5974;12001
CE;2311108;Porteiras;3211;4484;2978;4388;6189;8872;7695;7366;15061
CE;2311207;Potengi;3011;2278;2703;2284;5714;4562;5289;4987;10276
CE;2311231;Potiretama;1380;1587;1323;1836;2703;3423;2967;3159;6126
CE;2311264;Quiterianópolis;3283;6786;3022;6830;6305;13616;10069;9852;19921
CE;2311306;Quixadá;29979;10856;27506;12263;57485;23119;40835;39769;80604
CE;2311355;Quixelô;2594;4857;2335;5214;4929;10071;7451;7549;15000
CE;2311405;Quixeramobim;22720;13438;20704;15025;43424;28463;36158;35729;71887
CE;2311504;Quixeré;6088;3618;5842;3864;11930;7482;9706;9706;19412
CE;2311603;Redenção;7771;5522;7363;5759;15134;11281;13293;13122;26415
CE;2311702;Reriutaba;5471;4303;5119;4562;10590;8865;9774;9681;19455
CE;2311801;Russas;23386;12042;21566;12839;44952;24881;35428;34405;69833
CE;2311900;Saboeiro;4441;3549;4014;3748;8455;7297;7990;7762;15752
CE;2311959;Salitre;3227;4456;3036;4734;6263;9190;7683;7770;15453
CE;2312007;Santana do Acaraú;7878;6897;7494;7677;15372;14574;14775;15171;29946
CE;2312106;Santana do Cariri;4495;4035;4327;4313;8822;8348;8530;8640;17170
CE;2312205;Santa Quitéria;11553;9769;10707;10734;22260;20503;21322;21441;42763
CE;2312304;São Benedito;12681;9668;11873;9956;24554;19624;22349;21829;44178
CE;2312403;São Gonçalo do Amarante;14217;7325;14320;8028;28537;15353;21542;22348;43890
CE;2312502;São João do Jaguaribe;1693;2355;1476;2376;3169;4731;4048;3852;7900
CE;2312601;São Luís do Curu;4155;2035;3806;2336;7961;4371;6190;6142;12332
CE;2312700;Senador Pompeu;8274;5176;7432;5587;15706;10763;13450;13019;26469
CE;2312809;Senador Sá;2633;788;2435;996;5068;1784;3421;3431;6852
CE;2312908;Sobral;86097;10674;80213;11249;166310;21923;96771;91462;188233
CE;2313005;Solonópole;4726;4101;4380;4458;9106;8559;8827;8838;17665
CE;2313104;Tabuleiro do Norte;9948;5042;8858;5356;18806;10398;14990;14214;29204
CE;2313203;Tamboril;7340;5480;6862;5769;14202;11249;12820;12631;25451
CE;2313252;Tarrafas;1367;3091;1257;3195;2624;6286;4458;4452;8910
CE;2313302;Tauá;17008;11351;15251;12106;32259;23457;28359;27357;55716
CE;2313351;Tejuçuoca;3191;5028;3144;5464;6335;10492;8219;8608;16827
CE;2313401;Tianguá;23503;11214;22316;11859;45819;23073;34717;34175;68892
CE;2313500;Trairi;9527;15458;9257;17180;18784;32638;24985;26437;51422
CE;2313559;Tururu;2667;4268;2621;4852;5288;9120;6935;7473;14408
CE;2313609;Ubajara;7948;8079;7402;8358;15350;16437;16027;15760;31787
CE;2313708;Umari;1989;1784;1929;1843;3918;3627;3773;3772;7545
CE;2313757;Umirim;5525;3636;5566;4075;11091;7711;9161;9641;18802
CE;2313807;Uruburetama;7441;2399;7248;2677;14689;5076;9840;9925;19765
CE;2313906;Uruoca;3922;2463;3749;2749;7671;5212;6385;6498;12883
CE;2313955;Varjota;7322;1566;7094;1611;14416;3177;8888;8705;17593
CE;2314003;Várzea Alegre;12658;7116;11238;7422;23896;14538;19774;18660;38434
CE;2314102;Viçosa do Ceará;9167;18125;8660;19003;17827;37128;27292;27663;54955
CE;2399919;Entre Rios;;;;;;;;;
CE;2399929;Mecejana;;;;;;;;;
CE;2399939;Vertentes;;;;;;;;;
DF;5300108;Brasília;1301433;39847;1180777;48103;2482210;87950;1341280;1228880;2570160
ES;3200102;Afonso Cláudio;8218;7186;7637;8050;15855;15236;15404;15687;31091
ES;3200136;Águia Branca;1588;3030;1463;3438;3051;6468;4618;4901;9519
ES;3200169;Água Doce do Norte;3407;2404;3292;2668;6699;5072;5811;5960;11771
ES;3200201;Alegre;11204;4277;10308;4979;21512;9256;15481;15287;30768
ES;3200300;Alfredo Chaves;3351;3501;3194;3909;6545;7410;6852;7103;13955
ES;3200359;Alto Rio Novo;2174;1469;2082;1592;4256;3061;3643;3674;7317
ES;3200409;Anchieta;9117;2723;9044;3018;18161;5741;11840;12062;23902
ES;3200508;Apiacá;2657;1077;2554;1224;5211;2301;3734;3778;7512
ES;3200607;Aracruz;36064;4973;35387;5408;71451;10381;41037;40795;81832
ES;3200706;Atilio Vivacqua;3095;1756;3021;1978;6116;3734;4851;4999;9850
ES;3200805;Baixo Guandu;11733;3128;10779;3441;22512;6569;14861;14220;29081
ES;3200904;Barra de São Francisco;13637;6604;12720;7688;26357;14292;20241;20408;40649
ES;3201001;Boa Esperança;5174;1846;5065;2114;10239;3960;7020;7179;14199
ES;3201100;Bom Jesus do Norte;4541;351;4158;426;8699;777;4892;4584;9476
ES;3201159;Brejetuba;1676;4028;1740;4471;3416;8499;5704;6211;11915
ES;3201209;Cachoeiro de Itapemirim;89388;7656;84201;8644;173589;16300;97044;92845;189889
ES;3201308;Cariacica;173269;5511;164374;5584;337643;11095;178780;169958;348738
ES;3201407;Castelo;11248;6098;10569;6832;21817;12930;17346;17401;34747
ES;3201506;Colatina;51160;6337;47235;7056;98395;13393;57497;54291;111788
ES;3201605;Conceição da Barra;11490;2798;11085;3076;22575;5874;14288;14161;28449
ES;3201704;Conceição do Castelo;3054;2689;2844;3094;5898;5783;5743;5938;11681
ES;3201803;Divino de São Lourenço;880;1286;862;1488;1742;2774;2166;2350;4516
ES;3201902;Domingos Martins;4078;11675;3663;12431;7741;24106;15753;16094;31847
ES;3202009;Dores do Rio Preto;1822;1349;1725;1501;3547;2850;3171;3226;6397
ES;3202108;Ecoporanga;7688;3958;7091;4475;14779;8433;11646;11566;23212
ES;3202207;Fundão;7302;1234;7076;1413;14378;2647;8536;8489;17025
ES;3202256;Governador Lindenberg;2089;3106;2137;3537;4226;6643;5195;5674;10869
ES;3202306;Guaçuí;11639;2526;10762;2924;22401;5450;14165;13686;27851
ES;3202405;Guarapari;51543;2249;48985;2509;100528;4758;53792;51494;105286
ES;3202454;Ibatiba;6826;4252;6552;4736;13378;8988;11078;11288;22366
ES;3202504;Ibiraçu;4343;1301;4123;1411;8466;2712;5644;5534;11178
ES;3202553;Ibitirama;1605;2703;1572;3077;3177;5780;4308;4649;8957
ES;3202603;Iconha;3631;2483;3646;2763;7277;5246;6114;6409;12523
ES;3202652;Irupi;2243;3450;2194;3836;4437;7286;5693;6030;11723
ES;3202702;Itaguaçu;4127;2810;3927;3270;8054;6080;6937;7197;14134
ES;3202801;Itapemirim;9821;5632;9509;6026;19330;11658;15453;15535;30988
ES;3202900;Itarana;2162;3263;1933;3523;4095;6786;5425;5456;10881
ES;3203007;Iúna;8148;5540;7472;6168;15620;11708;13688;13640;27328
ES;3203056;Jaguaré;7523;4687;7510;4958;15033;9645;12210;12468;24678
ES;3203106;Jerônimo Monteiro;4504;1083;4031;1261;8535;2344;5587;5292;10879
ES;3203130;João Neiva;6517;1481;6235;1576;12752;3057;7998;7811;15809
ES;3203163;Laranja da Terra;1792;3510;1736;3788;3528;7298;5302;5524;10826
ES;3203205;Linhares;61685;9206;59882;10533;121567;19739;70891;70415;141306
ES;3203304;Mantenópolis;4443;2364;4204;2601;8647;4965;6807;6805;13612
ES;3203320;Marataízes;14080;3184;13534;3342;27614;6526;17264;16876;34140
ES;3203346;Marechal Floriano;3743;3259;3678;3582;7421;6841;7002;7260;14262
ES;3203353;Marilândia;2919;2616;2729;2843;5648;5459;5535;5572;11107
ES;3203403;Mimoso do Sul;8359;4502;7873;5168;16232;9670;12861;13041;25902
ES;3203502;Montanha;6876;1999;6646;2328;13522;4327;8875;8974;17849
ES;3203601;Mucurici;1841;943;1749;1122;3590;2065;2784;2871;5655
ES;3203700;Muniz Freire;4499;4595;4171;5132;8670;9727;9094;9303;18397
ES;3203809;Muqui;4846;2294;4463;2793;9309;5087;7140;7256;14396
ES;3203908;Nova Venécia;15780;7140;15051;8060;30831;15200;22920;23111;46031
ES;3204005;Pancas;5177;5370;4922;6079;10099;11449;10547;11001;21548
ES;3204054;Pedro Canário;11086;807;10967;934;22053;1741;11893;11901;23794
ES;3204104;Pinheiros;9486;2404;9232;2773;18718;5177;11890;12005;23895
ES;3204203;Piúma;8840;327;8609;347;17449;674;9167;8956;18123
ES;3204252;Ponto Belo;2857;629;2731;762;5588;1391;3486;3493;6979
ES;3204302;Presidente Kennedy;1730;3326;1710;3548;3440;6874;5056;5258;10314
ES;3204351;Rio Bananal;3421;5030;3367;5712;6788;10742;8451;9079;17530
ES;3204401;Rio Novo do Sul;3031;2557;2915;2822;5946;5379;5588;5737;11325
ES;3204500;Santa Leopoldina;1297;4518;1318;5107;2615;9625;5815;6425;12240
ES;3204559;Santa Maria de Jetibá;5931;10713;5866;11666;11797;22379;16644;17532;34176
ES;3204609;Santa Teresa;6081;4827;5687;5228;11768;10055;10908;10915;21823
ES;3204658;São Domingos do Norte;1722;2115;1715;2449;3437;4564;3837;4164;8001
ES;3204708;São Gabriel da Palha;12403;3551;11922;3983;24325;7534;15954;15905;31859
ES;3204807;São José do Calçado;4268;945;4082;1113;8350;2058;5213;5195;10408
ES;3204906;São Mateus;43370;11728;41171;12759;84541;24487;55098;53930;109028
ES;3204955;São Roque do Canaã;2812;2773;2772;2916;5584;5689;5585;5688;11273
ES;3205002;Serra;206809;1043;199641;1774;406450;2817;207852;201415;409267
ES;3205010;Sooretama;8446;3264;8427;3706;16873;6970;11710;12133;23843
ES;3205036;Vargem Alta;3331;5972;3391;6436;6722;12408;9303;9827;19130
ES;3205069;Venda Nova do Imigrante;7481;2631;7328;3007;14809;5638;10112;10335;20447
ES;3205101;Viana;30157;1653;29475;3716;59632;5369;31810;33191;65001
ES;3205150;Vila Pavão;1509;2670;1489;3004;2998;5674;4179;4493;8672
ES;3205176;Vila Valério;2522;4100;2520;4688;5042;8788;6622;7208;13830
ES;3205200;Vila Velha;214649;791;197926;1220;412575;2011;215440;199146;414586
ES;3205309;Vitória;173853;0;153948;0;327801;0;173853;153948;327801
ES;3299919;Riacho;;;;;;;;;
ES;3299929;Ponte do Itabapoana;;;;;;;;;
GO;5200050;Abadia de Goiás;2673;832;2408;963;5081;1795;3505;3371;6876
GO;5200100;Abadiânia;5503;2165;5275;2814;10778;4979;7668;8089;15757
GO;5200134;Acreúna;8730;1170;8966;1413;17696;2583;9900;10379;20279
GO;5200159;Adelândia;1079;125;1128;145;2207;270;1204;1273;2477
GO;5200175;Água Fria de Goiás;1042;1317;1095;1636;2137;2953;2359;2731;5090
GO;5200209;Água Limpa;697;268;729;319;1426;587;965;1048;2013
GO;5200258;Águas Lindas de Goiás;79551;101;79587;139;159138;240;79652;79726;159378
GO;5200308;Alexânia;9934;1870;9742;2268;19676;4138;11804;12010;23814
GO;5200506;Aloândia;877;126;892;156;1769;282;1003;1048;2051
GO;5200555;Alto Horizonte;1877;277;1986;365;3863;642;2154;2351;4505
GO;5200605;Alto Paraíso de Goiás;2698;779;2521;887;5219;1666;3477;3408;6885
GO;5200803;Alvorada do Norte;3445;531;3428;680;6873;1211;3976;4108;8084
GO;5200829;Amaralina;551;1050;550;1283;1101;2333;1601;1833;3434
GO;5200852;Americano do Brasil;2285;365;2433;425;4718;790;2650;2858;5508
GO;5200902;Amorinópolis;1113;666;1058;772;2171;1438;1779;1830;3609
GO;5201108;Anápolis;168632;2725;160123;3133;328755;5858;171357;163256;334613
GO;5201207;Anhanguera;478;26;477;39;955;65;504;516;1020
GO;5201306;Anicuns;8529;1303;8782;1625;17311;2928;9832;10407;20239
GO;5201405;Aparecida de Goiânia;230646;213;224547;251;455193;464;230859;224798;455657
GO;5201454;Aparecida do Rio Doce;970;216;980;261;1950;477;1186;1241;2427
GO;5201504;Aporé;1209;589;1332;673;2541;1262;1798;2005;3803
GO;5201603;Araçu;1688;205;1669;240;3357;445;1893;1909;3802
GO;5201702;Aragarças;8815;304;8802;384;17617;688;9119;9186;18305
GO;5201801;Aragoiânia;2775;1325;2753;1512;5528;2837;4100;4265;8365
GO;5202155;Araguapaz;2595;1064;2604;1247;5199;2311;3659;3851;7510
GO;5202353;Arenópolis;985;616;934;742;1919;1358;1601;1676;3277
GO;5202502;Aruanã;2978;597;3200;721;6178;1318;3575;3921;7496
GO;5202601;Aurilândia;1427;384;1373;466;2800;850;1811;1839;3650
GO;5202809;Avelinópolis;948;268;929;305;1877;573;1216;1234;2450
GO;5203104;Baliza;530;1141;564;1479;1094;2620;1671;2043;3714
GO;5203203;Barro Alto;3055;1152;3196;1313;6251;2465;4207;4509;8716
GO;5203302;Bela Vista de Goiás;8999;2943;8956;3656;17955;6599;11942;12612;24554
GO;5203401;Bom Jardim de Goiás;3207;912;3142;1162;6349;2074;4119;4304;8423
GO;5203500;Bom Jesus de Goiás;9295;675;9958;799;19253;1474;9970;10757;20727
GO;5203559;Bonfinópolis;3515;244;3506;271;7021;515;3759;3777;7536
GO;5203575;Bonópolis;660;1009;641;1193;1301;2202;1669;1834;3503
GO;5203609;Brazabrantes;1084;502;1086;560;2170;1062;1586;1646;3232
GO;5203807;Britânia;2255;445;2288;521;4543;966;2700;2809;5509
GO;5203906;Buriti Alegre;4247;272;4165;370;8412;642;4519;4535;9054
GO;5203939;Buriti de Goiás;844;395;891;430;1735;825;1239;1321;2560
GO;5203962;Buritinópolis;954;664;931;772;1885;1436;1618;1703;3321
GO;5204003;Cabeceiras;2742;834;2763;1015;5505;1849;3576;3778;7354
GO;5204102;Cachoeira Alta;3866;938;4516;1233;8382;2171;4804;5749;10553
GO;5204201;Cachoeira de Goiás;580;106;591;140;1171;246;686;731;1417
GO;5204250;Cachoeira Dourada;2696;1385;2661;1512;5357;2897;4081;4173;8254
GO;5204300;Caçu;5191;1061;5544;1487;10735;2548;6252;7031;13283
GO;5204409;Caiapônia;6222;1990;6047;2498;12269;4488;8212;8545;16757
GO;5204508;Caldas Novas;34211;1241;33503;1518;67714;2759;35452;35021;70473
GO;5204557;Caldazinha;987;649;931;758;1918;1407;1636;1689;3325
GO;5204607;Campestre de Goiás;1161;454;1215;557;2376;1011;1615;1772;3387
GO;5204656;Campinaçu;1075;643;1098;840;2173;1483;1718;1938;3656
GO;5204706;Campinorte;4434;976;4561;1140;8995;2116;5410;5701;11111
GO;5204805;Campo Alegre de Goiás;2243;709;2238;870;4481;1579;2952;3108;6060
GO;5204854;Campo Limpo de Goiás;2604;452;2685;500;5289;952;3056;3185;6241
GO;5204904;Campos Belos;8278;1007;7928;1197;16206;2204;9285;9125;18410
GO;5204953;Campos Verdes;2210;239;2266;305;4476;544;2449;2571;5020
GO;5205000;Carmo do Rio Verde;3536;845;3518;1029;7054;1874;4381;4547;8928
GO;5205059;Castelândia;1589;131;1755;163;3344;294;1720;1918;3638
GO;5205109;Catalão;40665;2446;40399;3137;81064;5583;43111;43536;86647
GO;5205208;Caturaí;1823;465;1841;557;3664;1022;2288;2398;4686
GO;5205307;Cavalcante;2411;2066;2331;2584;4742;4650;4477;4915;9392
GO;5205406;Ceres;10152;426;9638;506;19790;932;10578;10144;20722
GO;5205455;Cezarina;2757;917;2838;1033;5595;1950;3674;3871;7545
GO;5205471;Chapadão do Céu;2809;528;3069;595;5878;1123;3337;3664;7001
GO;5205497;Cidade Ocidental;22472;6013;21182;6248;43654;12261;28485;27430;55915
GO;5205513;Cocalzinho de Goiás;3252;5203;3192;5760;6444;10963;8455;8952;17407
GO;5205521;Colinas do Sul;1260;425;1265;573;2525;998;1685;1838;3523
GO;5205703;Córrego do Ouro;830;464;803;535;1633;999;1294;1338;2632
GO;5205802;Corumbá de Goiás;3158;1788;3258;2157;6416;3945;4946;5415;10361
GO;5205901;Corumbaíba;3105;792;3202;1082;6307;1874;3897;4284;8181
GO;5206206;Cristalina;18858;3745;19563;4414;38421;8159;22603;23977;46580
GO;5206305;Cristianópolis;1225;204;1247;256;2472;460;1429;1503;2932
GO;5206404;Crixás;5999;1507;6319;1935;12318;3442;7506;8254;15760
GO;5206503;Cromínia;1364;397;1311;483;2675;880;1761;1794;3555
GO;5206602;Cumari;1203;246;1216;299;2419;545;1449;1515;2964
GO;5206701;Damianópolis;939;644;914;795;1853;1439;1583;1709;3292
GO;5206800;Damolândia;1093;271;1089;294;2182;565;1364;1383;2747
GO;5206909;Davinópolis;687;287;713;369;1400;656;974;1082;2056
GO;5207105;Diorama;764;453;742;520;1506;973;1217;1262;2479
GO;5207253;Doverlândia;2435;1295;2481;1681;4916;2976;3730;4162;7892
GO;5207352;Edealina;1279;524;1290;640;2569;1164;1803;1930;3733
GO;5207402;Edéia;4711;776;4827;952;9538;1728;5487;5779;11266
GO;5207501;Estrela do Norte;1431;169;1500;220;2931;389;1600;1720;3320
GO;5207535;Faina;1931;1400;1918;1734;3849;3134;3331;3652;6983
GO;5207600;Fazenda Nova;2051;1023;2027;1221;4078;2244;3074;3248;6322
GO;5207808;Firminópolis;4587;1292;4191;1510;8778;2802;5879;5701;11580
GO;5207907;Flores de Goiás;1461;3948;1709;4948;3170;8896;5409;6657;12066
GO;5208004;Formosa;46638;3488;45385;4574;92023;8062;50126;49959;100085
GO;5208103;Formoso;1834;575;1773;701;3607;1276;2409;2474;4883
GO;5208152;Gameleira de Goiás;541;1010;553;1171;1094;2181;1551;1724;3275
GO;5208301;Divinópolis de Goiás;1703;664;1788;807;3491;1471;2367;2595;4962
GO;5208400;Goianápolis;4776;466;4915;538;9691;1004;5242;5453;10695
GO;5208509;Goiandira;2311;321;2227;406;4538;727;2632;2633;5265
GO;5208608;Goianésia;27683;1791;27977;2098;55660;3889;29474;30075;59549
GO;5208707;Goiânia;678805;2339;618271;2586;1297076;4925;681144;620857;1302001
GO;5208806;Goianira;16664;276;16787;333;33451;609;16940;17120;34060
GO;5208905;Goiás;9691;2780;8947;3309;18638;6089;12471;12256;24727
GO;5209101;Goiatuba;15154;1119;14787;1432;29941;2551;16273;16219;32492
GO;5209150;Gouvelândia;1900;480;1995;574;3895;1054;2380;2569;4949
GO;5209200;Guapó;5785;1221;5548;1422;11333;2643;7006;6970;13976
GO;5209291;Guaraíta;728;461;714;473;1442;934;1189;1187;2376
GO;5209408;Guarani de Goiás;860;1107;903;1388;1763;2495;1967;2291;4258
GO;5209457;Guarinos;551;523;580;645;1131;1168;1074;1225;2299
GO;5209606;Heitoraí;1317;424;1328;502;2645;926;1741;1830;3571
GO;5209705;Hidrolândia;5207;3249;5263;3679;10470;6928;8456;8942;17398
GO;5209804;Hidrolina;1507;479;1473;570;2980;1049;1986;2043;4029
GO;5209903;Iaciara;4615;1433;4685;1694;9300;3127;6048;6379;12427
GO;5209937;Inaciolândia;2347;435;2468;449;4815;884;2782;2917;5699
GO;5209952;Indiara;5682;919;5972;1114;11654;2033;6601;7086;13687
GO;5210000;Inhumas;23152;1428;21951;1715;45103;3143;24580;23666;48246
GO;5210109;Ipameri;10805;1486;10531;1913;21336;3399;12291;12444;24735
GO;5210158;Ipiranga de Goiás;628;765;644;807;1272;1572;1393;1451;2844
GO;5210208;Iporá;14712;1260;13833;1469;28545;2729;15972;15302;31274
GO;5210307;Israelândia;1118;306;1131;332;2249;638;1424;1463;2887
GO;5210406;Itaberaí;14906;2616;14878;2971;29784;5587;17522;17849;35371
GO;5210562;Itaguari;1992;245;1976;300;3968;545;2237;2276;4513
GO;5210604;Itaguaru;2256;439;2265;477;4521;916;2695;2742;5437
GO;5210802;Itajá;1919;635;1821;687;3740;1322;2554;2508;5062
GO;5210901;Itapaci;8275;804;8400;979;16675;1783;9079;9379;18458
GO;5211008;Itapirapuã;2811;1061;2725;1238;5536;2299;3872;3963;7835
GO;5211206;Itapuranga;10888;2315;10347;2575;21235;4890;13203;12922;26125
GO;5211305;Itarumã;1966;1016;2112;1206;4078;2222;2982;3318;6300
GO;5211404;Itauçu;3352;988;3109;1126;6461;2114;4340;4235;8575
GO;5211503;Itumbiara;45341;1746;43601;2195;88942;3941;47087;45796;92883
GO;5211602;Ivolândia;762;496;773;632;1535;1128;1258;1405;2663
GO;5211701;Jandaia;2061;928;2093;1082;4154;2010;2989;3175;6164
GO;5211800;Jaraguá;17646;2983;17682;3559;35328;6542;20629;21241;41870
GO;5211909;Jataí;40902;3143;40108;3853;81010;6996;44045;43961;88006
GO;5212006;Jaupaci;1195;288;1163;354;2358;642;1483;1517;3000
GO;5212055;Jesúpolis;879;215;955;251;1834;466;1094;1206;2300
GO;5212105;Joviânia;3206;304;3266;342;6472;646;3510;3608;7118
GO;5212204;Jussara;7765;1801;7442;2145;15207;3946;9566;9587;19153
GO;5212253;Lagoa Santa;386;225;390;253;776;478;611;643;1254
GO;5212303;Leopoldo de Bulhões;2463;1406;2380;1633;4843;3039;3869;4013;7882
GO;5212501;Luziânia;82123;5321;80684;6403;162807;11724;87444;87087;174531
GO;5212600;Mairipotaba;768;368;802;436;1570;804;1136;1238;2374
GO;5212709;Mambaí;2377;965;2425;1104;4802;2069;3342;3529;6871
GO;5212808;Mara Rosa;3990;1233;3971;1455;7961;2688;5223;5426;10649
GO;5212907;Marzagão;921;125;883;143;1804;268;1046;1026;2072
GO;5212956;Matrinchã;1497;663;1498;756;2995;1419;2160;2254;4414
GO;5213004;Maurilândia;5316;183;5804;218;11120;401;5499;6022;11521
GO;5213053;Mimoso de Goiás;610;648;632;795;1242;1443;1258;1427;2685
GO;5213087;Minaçu;13250;2067;13304;2533;26554;4600;15317;15837;31154
GO;5213103;Mineiros;23891;1904;24395;2745;48286;4649;25795;27140;52935
GO;5213400;Moiporá;562;302;571;328;1133;630;864;899;1763
GO;5213509;Monte Alegre de Goiás;1608;2128;1556;2438;3164;4566;3736;3994;7730
GO;5213707;Montes Claros de Goiás;2628;1265;2697;1397;5325;2662;3893;4094;7987
GO;5213756;Montividiu;4126;947;4458;1041;8584;1988;5073;5499;10572
GO;5213772;Montividiu do Norte;707;1306;640;1469;1347;2775;2013;2109;4122
GO;5213806;Morrinhos;18183;2504;17776;2997;35959;5501;20687;20773;41460
GO;5213855;Morro Agudo de Goiás;846;337;803;370;1649;707;1183;1173;2356
GO;5213905;Mossâmedes;1650;800;1625;932;3275;1732;2450;2557;5007
GO;5214002;Mozarlândia;5995;566;6166;677;12161;1243;6561;6843;13404
GO;5214051;Mundo Novo;1817;1193;1950;1478;3767;2671;3010;3428;6438
GO;5214101;Mutunópolis;1264;582;1276;727;2540;1309;1846;2003;3849
GO;5214408;Nazário;3129;782;3058;905;6187;1687;3911;3963;7874
GO;5214507;Nerópolis;11833;454;11396;527;23229;981;12287;11923;24210
GO;5214606;Niquelândia;16596;4076;16747;4942;33343;9018;20672;21689;42361
GO;5214705;Nova América;806;295;841;317;1647;612;1101;1158;2259
GO;5214804;Nova Aurora;911;77;962;112;1873;189;988;1074;2062
GO;5214838;Nova Crixás;3815;1889;3913;2310;7728;4199;5704;6223;11927
GO;5214861;Nova Glória;2953;1309;2777;1469;5730;2778;4262;4246;8508
GO;5214879;Nova Iguaçu de Goiás;1019;352;1005;450;2024;802;1371;1455;2826
GO;5214903;Nova Roma;736;941;690;1104;1426;2045;1677;1794;3471
GO;5215009;Nova Veneza;3478;523;3548;580;7026;1103;4001;4128;8129
GO;5215207;Novo Brasil;1134;566;1140;679;2274;1245;1700;1819;3519
GO;5215231;Novo Gama;47897;449;46074;598;93971;1047;48346;46672;95018
GO;5215256;Novo Planalto;1283;601;1304;768;2587;1369;1884;2072;3956
GO;5215306;Orizona;4035;2876;3940;3449;7975;6325;6911;7389;14300
GO;5215405;Ouro Verde de Goiás;1392;634;1291;717;2683;1351;2026;2008;4034
GO;5215504;Ouvidor;2358;298;2452;359;4810;657;2656;2811;5467
GO;5215603;Padre Bernardo;5517;8162;5269;8723;10786;16885;13679;13992;27671
GO;5215652;Palestina de Goiás;1085;510;1095;681;2180;1191;1595;1776;3371
GO;5215702;Palmeiras de Goiás;9639;1880;9527;2292;19166;4172;11519;11819;23338
GO;5215801;Palmelo;1134;52;1082;67;2216;119;1186;1149;2335
GO;5215900;Palminópolis;1394;384;1305;474;2699;858;1778;1779;3557
GO;5216007;Panamá;1027;285;1008;362;2035;647;1312;1370;2682
GO;5216304;Paranaiguara;4188;324;4200;388;8388;712;4512;4588;9100
GO;5216403;Paraúna;4021;1321;3966;1555;7987;2876;5342;5521;10863
GO;5216452;Perolândia;904;476;955;615;1859;1091;1380;1570;2950
GO;5216809;Petrolina de Goiás;3190;1725;3493;1875;6683;3600;4915;5368;10283
GO;5216908;Pilar de Goiás;591;715;610;857;1201;1572;1306;1467;2773
GO;5217104;Piracanjuba;8947;2885;8604;3590;17551;6475;11832;12194;24026
GO;5217203;Piranhas;4588;960;4483;1235;9071;2195;5548;5718;11266
GO;5217302;Pirenópolis;7813;3396;7750;4047;15563;7443;11209;11797;23006
GO;5217401;Pires do Rio;13886;771;13208;897;27094;1668;14657;14105;28762
GO;5217609;Planaltina;39319;1756;38263;2311;77582;4067;41075;40574;81649
GO;5217708;Pontalina;7086;1457;6811;1767;13897;3224;8543;8578;17121
GO;5218003;Porangatu;18080;2990;17651;3634;35731;6624;21070;21285;42355
GO;5218052;Porteirão;1347;192;1582;226;2929;418;1539;1808;3347
GO;5218102;Portelândia;1533;320;1577;409;3110;729;1853;1986;3839
GO;5218300;Posse;12013;3481;11926;3999;23939;7480;15494;15925;31419
GO;5218391;Professor Jamil;1133;430;1128;548;2261;978;1563;1676;3239
GO;5218508;Quirinópolis;19003;2283;19160;2774;38163;5057;21286;21934;43220
GO;5218607;Rialma;4957;327;4841;398;9798;725;5284;5239;10523
GO;5218706;Rianápolis;2035;212;2046;273;4081;485;2247;2319;4566
GO;5218789;Rio Quente;1373;206;1466;267;2839;473;1579;1733;3312
GO;5218805;Rio Verde;80670;5724;82870;7160;163540;12884;86394;90030;176424
GO;5218904;Rubiataba;8240;1246;7944;1485;16184;2731;9486;9429;18915
GO;5219001;Sanclerlândia;3041;666;3027;816;6068;1482;3707;3843;7550
GO;5219100;Santa Bárbara de Goiás;2579;240;2627;305;5206;545;2819;2932;5751
GO;5219209;Santa Cruz de Goiás;505;992;476;1169;981;2161;1497;1645;3142
GO;5219258;Santa Fé de Goiás;1901;456;1910;495;3811;951;2357;2405;4762
GO;5219308;Santa Helena de Goiás;17410;742;17405;912;34815;1654;18152;18317;36469
GO;5219357;Santa Isabel;682;1098;685;1221;1367;2319;1780;1906;3686
GO;5219407;Santa Rita do Araguaia;3062;317;3097;448;6159;765;3379;3545;6924
GO;5219456;Santa Rita do Novo Destino;533;913;580;1147;1113;2060;1446;1727;3173
GO;5219506;Santa Rosa de Goiás;1116;341;1061;391;2177;732;1457;1452;2909
GO;5219605;Santa Tereza de Goiás;1706;295;1649;345;3355;640;2001;1994;3995
GO;5219704;Santa Terezinha de Goiás;3907;1134;3861;1400;7768;2534;5041;5261;10302
GO;5219712;Santo Antônio da Barra;1604;473;1768;578;3372;1051;2077;2346;4423
GO;5219738;Santo Antônio de Goiás;2127;187;2144;245;4271;432;2314;2389;4703
GO;5219753;Santo Antônio do Descoberto;28857;3020;27951;3420;56808;6440;31877;31371;63248
GO;5219803;São Domingos;2915;2429;2859;3069;5774;5498;5344;5928;11272
GO;5219902;São Francisco de Goiás;2209;764;2255;892;4464;1656;2973;3147;6120
GO;5220009;São João d'Aliança;3420;1563;3304;1970;6724;3533;4983;5274;10257
GO;5220058;São João da Paraúna;652;194;625;218;1277;412;846;843;1689
GO;5220108;São Luís de Montes Belos;13691;1612;12894;1837;26585;3449;15303;14731;30034
GO;5220157;São Luíz do Norte;1953;330;1955;379;3908;709;2283;2334;4617
GO;5220207;São Miguel do Araguaia;8824;2068;8837;2554;17661;4622;10892;11391;22283
GO;5220264;São Miguel do Passa Quatro;1026;787;1048;896;2074;1683;1813;1944;3757
GO;5220280;São Patrício;582;409;589;411;1171;820;991;1000;1991
GO;5220405;São Simão;7869;353;8440;426;16309;779;8222;8866;17088
GO;5220454;Senador Canedo;42075;157;42036;175;84111;332;42232;42211;84443
GO;5220504;Serranópolis;2671;840;2863;1107;5534;1947;3511;3970;7481
GO;5220603;Silvânia;6448;2834;6221;3586;12669;6420;9282;9807;19089
GO;5220686;Simolândia;2682;529;2696;607;5378;1136;3211;3303;6514
GO;5220702;Sítio d'Abadia;512;794;482;1037;994;1831;1306;1519;2825
GO;5221007;Taquaral de Goiás;1478;297;1403;363;2881;660;1775;1766;3541
GO;5221080;Teresina de Goiás;1064;410;1070;472;2134;882;1474;1542;3016
GO;5221197;Terezópolis de Goiás;2829;386;2848;498;5677;884;3215;3346;6561
GO;5221304;Três Ranchos;1251;144;1237;187;2488;331;1395;1424;2819
GO;5221403;Trindade;51036;2007;49070;2375;100106;4382;53043;51445;104488
GO;5221452;Trombas;1102;566;1092;692;2194;1258;1668;1784;3452
GO;5221502;Turvânia;1986;422;1905;526;3891;948;2408;2431;4839
GO;5221551;Turvelândia;1473;588;1665;673;3138;1261;2061;2338;4399
GO;5221577;Uirapuru;725;683;739;786;1464;1469;1408;1525;2933
GO;5221601;Uruaçu;17112;1380;16684;1753;33796;3133;18492;18437;36929
GO;5221700;Uruana;5614;1206;5618;1388;11232;2594;6820;7006;13826
GO;5221809;Urutaí;1103;409;1059;503;2162;912;1512;1562;3074
GO;5221858;Valparaíso de Goiás;68358;0;64624;0;132982;0;68358;64624;132982
GO;5221908;Varjão;1148;659;1095;757;2243;1416;1807;1852;3659
GO;5222005;Vianópolis;4678;1573;4492;1805;9170;3378;6251;6297;12548
GO;5222054;Vicentinópolis;3027;471;3294;579;6321;1050;3498;3873;7371
GO;5222203;Vila Boa;1627;520;1875;713;3502;1233;2147;2588;4735
GO;5222302;Vila Propício;744;1712;760;1929;1504;3641;2456;2689;5145
MA;2100055;Açailândia;39666;12266;38571;13544;78237;25810;51932;52115;104047
MA;2100105;Afonso Cunha;1649;1284;1585;1387;3234;2671;2933;2972;5905
MA;2100154;Água Doce do Maranhão;1559;4004;1574;4444;3133;8448;5563;6018;11581
MA;2100204;Alcântara;3185;7408;3214;8044;6399;15452;10593;11258;21851
MA;2100303;Aldeias Altas;6787;4770;6847;5548;13634;10318;11557;12395;23952
MA;2100402;Altamira do Maranhão;1633;3863;1521;4046;3154;7909;5496;5567;11063
MA;2100436;Alto Alegre do Maranhão;9841;2484;9533;2741;19374;5225;12325;12274;24599
MA;2100477;Alto Alegre do Pindaré;5007;10028;4822;11200;9829;21228;15035;16022;31057
MA;2100501;Alto Parnaíba;3590;1708;3438;2030;7028;3738;5298;5468;10766
MA;2100550;Amapá do Maranhão;2380;739;2461;851;4841;1590;3119;3312;6431
MA;2100600;Amarante do Maranhão;7507;10643;7497;12285;15004;22928;18150;19782;37932
MA;2100709;Anajatuba;3642;8690;3373;9586;7015;18276;12332;12959;25291
MA;2100808;Anapurus;3697;3222;3467;3553;7164;6775;6919;7020;13939
MA;2100832;Apicum-Açu;4387;2756;4775;3041;9162;5797;7143;7816;14959
MA;2100873;Araguanã;2667;4187;2710;4409;5377;8596;6854;7119;13973
MA;2100907;Araioses;6018;14480;6027;15980;12045;30460;20498;22007;42505
MA;2100956;Arame;6361;8858;6190;10293;12551;19151;15219;16483;31702
MA;2101004;Arari;8991;5182;8492;5823;17483;11005;14173;14315;28488
MA;2101103;Axixá;2402;3183;2301;3521;4703;6704;5585;5822;11407
MA;2101202;Bacabal;41454;10803;36406;11351;77860;22154;52257;47757;100014
MA;2101251;Bacabeira;1671;5744;1653;5857;3324;11601;7415;7510;14925
MA;2101301;Bacuri;4407;3710;4279;4208;8686;7918;8117;8487;16604
MA;2101350;Bacurituba;707;1841;717;2028;1424;3869;2548;2745;5293
MA;2101400;Balsas;36999;4955;35772;5802;72771;10757;41954;41574;83528
MA;2101509;Barão de Grajaú;5333;3571;5005;3932;10338;7503;8904;8937;17841
MA;2101608;Barra do Corda;26582;14592;25066;16590;51648;31182;41174;41656;82830
MA;2101707;Barreirinhas;11242;15556;10811;17321;22053;32877;26798;28132;54930
MA;2101731;Belágua;1618;1483;1645;1778;3263;3261;3101;3423;6524
MA;2101772;Bela Vista do Maranhão;2633;3307;2537;3572;5170;6879;5940;6109;12049
MA;2101806;Benedito Leite;1407;1207;1406;1449;2813;2656;2614;2855;5469
MA;2101905;Bequimão;3385;6610;3221;7128;6606;13738;9995;10349;20344
MA;2101939;Bernardo do Mearim;1175;1848;1149;1824;2324;3672;3023;2973;5996
MA;2101970;Boa Vista do Gurupi;2817;1091;2802;1239;5619;2330;3908;4041;7949
MA;2102002;Bom Jardim;8548;10651;7838;12012;16386;22663;19199;19850;39049
MA;2102036;Bom Jesus das Selvas;6637;6950;6794;8078;13431;15028;13587;14872;28459
MA;2102077;Bom Lugar;2110;5155;2071;5482;4181;10637;7265;7553;14818
MA;2102101;Brejo;6412;10064;5928;10955;12340;21019;16476;16883;33359
MA;2102150;Brejo de Areia;1413;1297;1440;1427;2853;2724;2710;2867;5577
MA;2102200;Buriti;4414;8921;3985;9693;8399;18614;13335;13678;27013
MA;2102309;Buriti Bravo;8836;2738;8178;3147;17014;5885;11574;11325;22899
MA;2102325;Buriticupu;17972;13949;17817;15499;35789;29448;31921;33316;65237
MA;2102358;Buritirana;2132;5116;2014;5522;4146;10638;7248;7536;14784
MA;2102374;Cachoeira Grande;1892;2151;1900;2503;3792;4654;4043;4403;8446
MA;2102408;Cajapió;1949;3279;1936;3429;3885;6708;5228;5365;10593
MA;2102507;Cajari;2184;6645;2100;7409;4284;14054;8829;9509;18338
MA;2102556;Campestre do Maranhão;5274;1276;5347;1472;10621;2748;6550;6819;13369
MA;2102606;Cândido Mendes;5763;3052;6148;3542;11911;6594;8815;9690;18505
MA;2102705;Cantanhede;6583;3611;6376;3878;12959;7489;10194;10254;20448
MA;2102754;Capinzal do Norte;2813;2540;2797;2548;5610;5088;5353;5345;10698
MA;2102804;Carolina;8222;3452;8015;4270;16237;7722;11674;12285;23959
MA;2102903;Carutapera;7991;2677;8233;3105;16224;5782;10668;11338;22006
MA;2103000;Caxias;62723;17324;55811;19271;118534;36595;80047;75082;155129
MA;2103109;Cedral;1183;3719;1214;4181;2397;7900;4902;5395;10297
MA;2103125;Central do Maranhão;1987;1813;2099;1988;4086;3801;3800;4087;7887
MA;2103158;Centro do Guilherme;3328;2596;3744;2897;7072;5493;5924;6641;12565
MA;2103174;Centro Novo do Maranhão;2692;5599;2830;6501;5522;12100;8291;9331;17622
MA;2103208;Chapadinha;27504;9603;25378;10865;52882;20468;37107;36243;73350
MA;2103257;Cidelândia;3037;3633;2999;4012;6036;7645;6670;7011;13681
MA;2103307;Codó;42838;17797;38207;19196;81045;36993;60635;57403;118038
MA;2103406;Coelho Neto;19981;3767;18748;4254;38729;8021;23748;23002;46750
MA;2103505;Colinas;13314;6423;12261;7134;25575;13557;19737;19395;39132
MA;2103554;Conceição do Lago-Açu;3378;3577;3491;3990;6869;7567;6955;7481;14436
MA;2103604;Coroatá;22343;8720;20714;9948;43057;18668;31063;30662;61725
MA;2103703;Cururupu;11374;4679;10896;5703;22270;10382;16053;16599;32652
MA;2103752;Davinópolis;5321;987;5166;1105;10487;2092;6308;6271;12579
MA;2103802;Dom Pedro;8059;3672;7202;3748;15261;7420;11731;10950;22681
MA;2103901;Duque Bacelar;2743;2523;2597;2786;5340;5309;5266;5383;10649
MA;2104008;Esperantinópolis;5236;4141;4799;4276;10035;8417;9377;9075;18452
MA;2104057;Estreito;12711;4107;13067;5950;25778;10057;16818;19017;35835
MA;2104073;Feira Nova do Maranhão;964;2896;963;3303;1927;6199;3860;4266;8126
MA;2104081;Fernando Falcão;749;3653;757;4082;1506;7735;4402;4839;9241
MA;2104099;Formosa da Serra Negra;2979;5454;2936;6388;5915;11842;8433;9324;17757
MA;2104107;Fortaleza dos Nogueiras;3543;2131;3476;2496;7019;4627;5674;5972;11646
MA;2104206;Fortuna;4830;2656;4674;2938;9504;5594;7486;7612;15098
MA;2104305;Godofredo Viana;3207;1862;3516;2050;6723;3912;5069;5566;10635
MA;2104404;Gonçalves Dias;4063;4742;3707;4970;7770;9712;8805;8677;17482
MA;2104503;Governador Archer;3417;1722;3213;1853;6630;3575;5139;5066;10205
MA;2104552;Governador Edison Lobão;3457;4286;3500;4652;6957;8938;7743;8152;15895
MA;2104602;Governador Eugênio Barros;2482;5449;2208;5852;4690;11301;7931;8060;15991
MA;2104628;Governador Luiz Rocha;2574;1013;2613;1137;5187;2150;3587;3750;7337
MA;2104651;Governador Newton Bello;2223;3683;2068;3947;4291;7630;5906;6015;11921
MA;2104677;Governador Nunes Freire;8010;4528;7935;4928;15945;9456;12538;12863;25401
MA;2104701;Graça Aranha;1502;1607;1410;1621;2912;3228;3109;3031;6140
MA;2104800;Grajaú;18721;11676;18320;13376;37041;25052;30397;31696;62093
MA;2104909;Guimarães;3522;2419;3387;2753;6909;5172;5941;6140;12081
MA;2105005;Humberto de Campos;5250;7255;5256;8428;10506;15683;12505;13684;26189
MA;2105104;Icatu;3892;8161;3924;9168;7816;17329;12053;13092;25145
MA;2105153;Igarapé do Meio;3166;3036;3041;3307;6207;6343;6202;6348;12550
MA;2105203;Igarapé Grande;3484;2131;3180;2246;6664;4377;5615;5426;11041
MA;2105302;Imperatriz;121981;6297;112566;6661;234547;12958;128278;119227;247505
MA;2105351;Itaipava do Grajaú;2155;4754;2141;5247;4296;10001;6909;7388;14297
MA;2105401;Itapecuru Mirim;17845;13240;16823;14202;34668;27442;31085;31025;62110
MA;2105427;Itinga do Maranhão;9011;3264;8629;3959;17640;7223;12275;12588;24863
MA;2105450;Jatobá;1895;2328;1845;2458;3740;4786;4223;4303;8526
MA;2105476;Jenipapo dos Vieiras;1245;6219;1274;6702;2519;12921;7464;7976;15440
MA;2105500;João Lisboa;7957;2447;7379;2598;15336;5045;10404;9977;20381
MA;2105609;Joselândia;3047;4571;2913;4902;5960;9473;7618;7815;15433
MA;2105658;Junco do Maranhão;1447;566;1372;635;2819;1201;2013;2007;4020
MA;2105708;Lago da Pedra;15523;7595;14523;8442;30046;16037;23118;22965;46083
MA;2105807;Lago do Junco;2058;3256;1855;3560;3913;6816;5314;5415;10729
MA;2105906;Lago Verde;2611;5072;2441;5288;5052;10360;7683;7729;15412
MA;2105922;Lagoa do Mato;2274;3051;2179;3430;4453;6481;5325;5609;10934
MA;2105948;Lago dos Rodrigues;2507;1421;2342;1524;4849;2945;3928;3866;7794
MA;2105963;Lagoa Grande do Maranhão;2704;2269;2795;2749;5499;5018;4973;5544;10517
MA;2105989;Lajeado Novo;1600;1699;1594;2030;3194;3729;3299;3624;6923
MA;2106003;Lima Campos;3591;2217;3202;2413;6793;4630;5808;5615;11423
MA;2106102;Loreto;3209;2311;3151;2719;6360;5030;5520;5870;11390
MA;2106201;Luís Domingues;2683;428;2820;579;5503;1007;3111;3399;6510
MA;2106300;Magalhães de Almeida;4481;4127;4482;4497;8963;8624;8608;8979;17587
MA;2106326;Maracaçumé;8006;1556;7823;1770;15829;3326;9562;9593;19155
MA;2106359;Marajá do Sena;569;3092;589;3801;1158;6893;3661;4390;8051
MA;2106375;Maranhãozinho;4489;2408;4531;2637;9020;5045;6897;7168;14065
MA;2106409;Mata Roma;3620;3939;3512;4079;7132;8018;7559;7591;15150
MA;2106508;Matinha;4552;6306;4331;6696;8883;13002;10858;11027;21885
MA;2106607;Matões;6961;8471;6674;8909;13635;17380;15432;15583;31015
MA;2106631;Matões do Norte;2333;4220;2346;4895;4679;9115;6553;7241;13794
MA;2106672;Milagres do Maranhão;886;3036;874;3322;1760;6358;3922;4196;8118
MA;2106706;Mirador;4813;5183;4560;5896;9373;11079;9996;10456;20452
MA;2106755;Miranda do Norte;10113;2505;9406;2403;19519;4908;12618;11809;24427
MA;2106805;Mirinzal;4525;2406;4506;2781;9031;5187;6931;7287;14218
MA;2106904;Monção;5982;9565;5777;10414;11759;19979;15547;16191;31738
MA;2107001;Montes Altos;2547;1962;2579;2325;5126;4287;4509;4904;9413
MA;2107100;Morros;3442;5189;3278;5874;6720;11063;8631;9152;17783
MA;2107209;Nina Rodrigues;2278;3850;2161;4175;4439;8025;6128;6336;12464
MA;2107258;Nova Colinas;1068;1217;1142;1458;2210;2675;2285;2600;4885
MA;2107308;Nova Iorque;1457;802;1419;912;2876;1714;2259;2331;4590
MA;2107357;Nova Olinda do Maranhão;6081;3472;5781;3800;11862;7272;9553;9581;19134
MA;2107407;Olho d'Água das Cunhãs;5033;4383;4559;4626;9592;9009;9416;9185;18601
MA;2107456;Olinda Nova do Maranhão;2945;3431;3036;3769;5981;7200;6376;6805;13181
MA;2107506;Paço do Lumiar;41047;13164;37764;13146;78811;26310;54211;50910;105121
MA;2107605;Palmeirândia;1852;7524;1607;7781;3459;15305;9376;9388;18764
MA;2107704;Paraibano;8109;2116;7637;2241;15746;4357;10225;9878;20103
MA;2107803;Parnarama;7014;10048;6516;11008;13530;21056;17062;17524;34586
MA;2107902;Passagem Franca;5440;3429;5024;3669;10464;7098;8869;8693;17562
MA;2108009;Pastos Bons;6187;2701;6120;3059;12307;5760;8888;9179;18067
MA;2108058;Paulino Neves;2305;4712;2349;5153;4654;9865;7017;7502;14519
MA;2108108;Paulo Ramos;5551;4400;5274;4854;10825;9254;9951;10128;20079
MA;2108207;Pedreiras;17478;3110;15459;3401;32937;6511;20588;18860;39448
MA;2108256;Pedro do Rosário;2965;7931;2925;8911;5890;16842;10896;11836;22732
MA;2108306;Penalva;8466;8398;8127;9276;16593;17674;16864;17403;34267
MA;2108405;Peri Mirim;1879;4935;1789;5200;3668;10135;6814;6989;13803
MA;2108454;Peritoró;4003;6629;3749;6820;7752;13449;10632;10569;21201
MA;2108504;Pindaré-Mirim;11675;4234;10742;4501;22417;8735;15909;15243;31152
MA;2108603;Pinheiro;24632;15451;21855;16224;46487;31675;40083;38079;78162
MA;2108702;Pio XII;6421;4591;6038;4966;12459;9557;11012;11004;22016
MA;2108801;Pirapemas;5756;2959;5390;3276;11146;6235;8715;8666;17381
MA;2108900;Poção de Pedras;4352;5437;4026;5893;8378;11330;9789;9919;19708
MA;2109007;Porto Franco;8555;2127;8311;2537;16866;4664;10682;10848;21530
MA;2109056;Porto Rico do Maranhão;1151;1685;1260;1934;2411;3619;2836;3194;6030
MA;2109106;Presidente Dutra;16590;6175;15410;6556;32000;12731;22765;21966;44731
MA;2109205;Presidente Juscelino;2084;3453;2036;3968;4120;7421;5537;6004;11541
MA;2109239;Presidente Médici;1933;1147;1971;1323;3904;2470;3080;3294;6374
MA;2109270;Presidente Sarney;2208;6064;2080;6813;4288;12877;8272;8893;17165
MA;2109304;Presidente Vargas;2362;2895;2219;3241;4581;6136;5257;5460;10717
MA;2109403;Primeira Cruz;2091;4453;2198;5212;4289;9665;6544;7410;13954
MA;2109452;Raposa;8348;4858;8327;4794;16675;9652;13206;13121;26327
MA;2109502;Riachão;5189;4630;5016;5374;10205;10004;9819;10390;20209
MA;2109551;Ribamar Fiquene;1901;1646;1776;1995;3677;3641;3547;3771;7318
MA;2109601;Rosário;11893;8025;11359;8299;23252;16324;19918;19658;39576
MA;2109700;Sambaíba;1409;1184;1427;1467;2836;2651;2593;2894;5487
MA;2109759;Santa Filomena do Maranhão;1112;2279;1181;2489;2293;4768;3391;3670;7061
MA;2109809;Santa Helena;10262;9423;9316;10109;19578;19532;19685;19425;39110
MA;2109908;Santa Inês;38401;1994;34796;2091;73197;4085;40395;36887;77282
MA;2110005;Santa Luzia;13437;22907;12352;25347;25789;48254;36344;37699;74043
MA;2110039;Santa Luzia do Paruá;6418;4849;6173;5204;12591;10053;11267;11377;22644
MA;2110104;Santa Quitéria do Maranhão;7279;7176;6862;7874;14141;15050;14455;14736;29191
MA;2110203;Santa Rita;7605;8435;7310;9016;14915;17451;16040;16326;32366
MA;2110237;Santana do Maranhão;914;4719;928;5100;1842;9819;5633;6028;11661
MA;2110278;Santo Amaro do Maranhão;1824;4682;1806;5508;3630;10190;6506;7314;13820
MA;2110302;Santo Antônio dos Lopes;3011;4087;2721;4469;5732;8556;7098;7190;14288
MA;2110401;São Benedito do Rio Preto;5582;3177;5467;3573;11049;6750;8759;9040;17799
MA;2110500;São Bento;12337;8455;11171;8773;23508;17228;20792;19944;40736
MA;2110609;São Bernardo;6064;7056;5736;7620;11800;14676;13120;13356;26476
MA;2110658;São Domingos do Azeitão;2449;968;2512;1054;4961;2022;3417;3566;6983
MA;2110708;São Domingos do Maranhão;8947;7756;8366;8538;17313;16294;16703;16904;33607
MA;2110807;São Félix de Balsas;823;1425;805;1649;1628;3074;2248;2454;4702
MA;2110856;São Francisco do Brejão;2449;2544;2387;2881;4836;5425;4993;5268;10261
MA;2110906;São Francisco do Maranhão;2169;3825;1935;4217;4104;8042;5994;6152;12146
MA;2111003;São João Batista;2745;7044;2599;7532;5344;14576;9789;10131;19920
MA;2111029;São João do Carú;3131;2839;3192;3147;6323;5986;5970;6339;12309
MA;2111052;São João do Paraíso;2639;2398;2637;3140;5276;5538;5037;5777;10814
MA;2111078;São João do Soter;3378;5044;3268;5548;6646;10592;8422;8816;17238
MA;2111102;São João dos Patos;10654;2064;9913;2297;20567;4361;12718;12210;24928
MA;2111201;São José de Ribamar;19317;65045;18392;60291;37709;125336;84362;78683;163045
MA;2111250;São José dos Basílios;1531;2208;1475;2282;3006;4490;3739;3757;7496
MA;2111300;São Luís;511515;28327;447007;27988;958522;56315;539842;474995;1014837
MA;2111409;São Luís Gonzaga do Maranhão;4153;5839;3743;6418;7896;12257;9992;10161;20153
MA;2111508;São Mateus do Maranhão;14919;4943;13793;5438;28712;10381;19862;19231;39093
MA;2111532;São Pedro da Água Branca;5319;594;5393;722;10712;1316;5913;6115;12028
MA;2111573;São Pedro dos Crentes;1195;875;1242;1113;2437;1988;2070;2355;4425
MA;2111607;São Raimundo das Mangabeiras;6274;2316;6259;2625;12533;4941;8590;8884;17474
MA;2111631;São Raimundo do Doca Bezerra;873;2031;858;2328;1731;4359;2904;3186;6090
MA;2111672;São Roberto;1414;1452;1431;1660;2845;3112;2866;3091;5957
MA;2111706;São Vicente Ferrer;2825;7458;2606;7974;5431;15432;10283;10580;20863
MA;2111722;Satubinha;1789;4031;1845;4325;3634;8356;5820;6170;11990
MA;2111748;Senador Alexandre Costa;3128;2006;3036;2086;6164;4092;5134;5122;10256
MA;2111763;Senador La Rocque;4488;4450;4251;4809;8739;9259;8938;9060;17998
MA;2111789;Serrano do Maranhão;2066;3023;2161;3690;4227;6713;5089;5851;10940
MA;2111805;Sítio Novo;2647;5413;2492;6450;5139;11863;8060;8942;17002
MA;2111904;Sucupira do Norte;2527;2580;2417;2920;4944;5500;5107;5337;10444
MA;2111953;Sucupira do Riachão;1416;825;1446;926;2862;1751;2241;2372;4613
MA;2112001;Tasso Fragoso;2376;1447;2272;1701;4648;3148;3823;3973;7796
MA;2112100;Timbiras;8977;4928;8494;5598;17471;10526;13905;14092;27997
MA;2112209;Timon;70108;9791;65025;10536;135133;20327;79899;75561;155460
MA;2112233;Trizidela do Vale;8454;1358;7716;1425;16170;2783;9812;9141;18953
MA;2112274;Tufilândia;1354;1385;1378;1479;2732;2864;2739;2857;5596
MA;2112308;Tuntum;9154;10037;8773;11219;17927;21256;19191;19992;39183
MA;2112407;Turiaçu;5571;10736;5360;12266;10931;23002;16307;17626;33933
MA;2112456;Turilândia;5405;5960;4948;6533;10353;12493;11365;11481;22846
MA;2112506;Tutóia;9514;16594;9166;17514;18680;34108;26108;26680;52788
MA;2112605;Urbano Santos;8746;3455;8628;3744;17374;7199;12201;12372;24573
MA;2112704;Vargem Grande;13754;11039;12933;11686;26687;22725;24793;24619;49412
MA;2112803;Viana;13935;10849;12980;11732;26915;22581;24784;24712;49496
MA;2112852;Vila Nova dos Martírios;3008;2312;3180;2758;6188;5070;5320;5938;11258
MA;2112902;Vitória do Mearim;7674;7979;7137;8427;14811;16406;15653;15564;31217
MA;2113009;Vitorino Freire;8467;7470;7709;8012;16176;15482;15937;15721;31658
MA;2114007;Zé Doca;16080;9195;14784;10114;30864;19309;25275;24898;50173
MG;3100104;Abadia dos Dourados;2157;1147;2032;1368;4189;2515;3304;3400;6704
MG;3100203;Abaeté;10123;1337;9581;1649;19704;2986;11460;11230;22690
MG;3100302;Abre Campo;3765;2877;3516;3153;7281;6030;6642;6669;13311
MG;3100401;Acaiaca;1334;692;1219;675;2553;1367;2026;1894;3920
MG;3100500;Açucena;2439;2609;2366;2862;4805;5471;5048;5228;10276
MG;3100609;Água Boa;3684;3769;3351;4391;7035;8160;7453;7742;15195
MG;3100708;Água Comprida;740;212;780;293;1520;505;952;1073;2025
MG;3100807;Aguanil;1193;800;1152;909;2345;1709;1993;2061;4054
MG;3100906;Águas Formosas;7244;1917;7074;2244;14318;4161;9161;9318;18479
MG;3101003;Águas Vermelhas;4433;1763;4508;2018;8941;3781;6196;6526;12722
MG;3101102;Aimorés;10371;2527;9329;2732;19700;5259;12898;12061;24959
MG;3101201;Aiuruoca;1575;1381;1548;1658;3123;3039;2956;3206;6162
MG;3101300;Alagoa;574;727;536;872;1110;1599;1301;1408;2709
MG;3101409;Albertina;997;428;1015;473;2012;901;1425;1488;2913
MG;3101508;Além Paraíba;16754;1057;15313;1225;32067;2282;17811;16538;34349
MG;3101607;Alfenas;35628;2065;33548;2533;69176;4598;37693;36081;73774
MG;3101631;Alfredo Vasconcelos;2014;951;2017;1093;4031;2044;2965;3110;6075
MG;3101706;Almenara;16169;3072;15581;3953;31750;7025;19241;19534;38775
MG;3101805;Alpercata;2884;698;2776;814;5660;1512;3582;3590;7172
MG;3101904;Alpinópolis;7434;1561;7556;1937;14990;3498;8995;9493;18488
MG;3102001;Alterosa;4999;1737;5003;1978;10002;3715;6736;6981;13717
MG;3102050;Alto Caparaó;1942;629;2022;704;3964;1333;2571;2726;5297
MG;3102100;Alto Rio Doce;2620;3437;2450;3652;5070;7089;6057;6102;12159
MG;3102209;Alvarenga;1085;1120;1034;1205;2119;2325;2205;2239;4444
MG;3102308;Alvinópolis;5946;1780;5487;2048;11433;3828;7726;7535;15261
MG;3102407;Alvorada de Minas;743;1024;707;1072;1450;2096;1767;1779;3546
MG;3102506;Amparo do Serra;1367;1202;1275;1209;2642;2411;2569;2484;5053
MG;3102605;Andradas;14302;4287;13724;4957;28026;9244;18589;18681;37270
MG;3102704;Cachoeira de Pajeú;2269;2180;2192;2318;4461;4498;4449;4510;8959
MG;3102803;Andrelândia;5037;1070;4773;1293;9810;2363;6107;6066;12173
MG;3102852;Angelândia;2088;1965;1948;2002;4036;3967;4053;3950;8003
MG;3102902;Antônio Carlos;4036;1548;3790;1740;7826;3288;5584;5530;11114
MG;3103009;Antônio Dias;2409;2327;2263;2566;4672;4893;4736;4829;9565
MG;3103108;Antônio Prado de Minas;505;305;498;363;1003;668;810;861;1671
MG;3103207;Araçaí;949;211;834;249;1783;460;1160;1083;2243
MG;3103306;Aracitaba;814;191;827;226;1641;417;1005;1053;2058
MG;3103405;Araçuaí;12181;5984;11254;6594;23435;12578;18165;17848;36013
MG;3103504;Araguari;52397;3244;50186;3974;102583;7218;55641;54160;109801
MG;3103603;Arantina;1322;86;1311;104;2633;190;1408;1415;2823
MG;3103702;Araponga;1524;2437;1517;2674;3041;5111;3961;4191;8152
MG;3103751;Araporã;2930;103;2968;143;5898;246;3033;3111;6144
MG;3103801;Arapuá;1046;323;1042;364;2088;687;1369;1406;2775
MG;3103900;Araújos;3386;487;3426;584;6812;1071;3873;4010;7883
MG;3104007;Araxá;46792;615;45492;773;92284;1388;47407;46265;93672
MG;3104106;Arceburgo;3968;627;4211;703;8179;1330;4595;4914;9509
MG;3104205;Arcos;17166;1222;16795;1414;33961;2636;18388;18209;36597
MG;3104304;Areado;5772;1034;5753;1172;11525;2206;6806;6925;13731
MG;3104403;Argirita;1101;315;1091;394;2192;709;1416;1485;2901
MG;3104452;Aricanduva;902;1439;793;1636;1695;3075;2341;2429;4770
MG;3104502;Arinos;5497;3006;5357;3814;10854;6820;8503;9171;17674
MG;3104601;Astolfo Dutra;5960;536;5922;631;11882;1167;6496;6553;13049
MG;3104700;Ataléia;3700;3444;3499;3812;7199;7256;7144;7311;14455
MG;3104809;Augusto de Lima;1471;964;1453;1072;2924;2036;2435;2525;4960
MG;3104908;Baependi;6781;2351;6466;2709;13247;5060;9132;9175;18307
MG;3105004;Baldim;2611;1361;2456;1485;5067;2846;3972;3941;7913
MG;3105103;Bambuí;9983;1499;9342;1910;19325;3409;11482;11252;22734
MG;3105202;Bandeira;1216;1234;1161;1376;2377;2610;2450;2537;4987
MG;3105301;Bandeira do Sul;2372;224;2498;244;4870;468;2596;2742;5338
MG;3105400;Barão de Cocais;13110;1262;12676;1394;25786;2656;14372;14070;28442
MG;3105509;Barão de Monte Alto;2073;800;2044;803;4117;1603;2873;2847;5720
MG;3105608;Barbacena;61002;5120;54566;5596;115568;10716;66122;60162;126284
MG;3105707;Barra Longa;1248;1873;1065;1957;2313;3830;3121;3022;6143
MG;3105905;Barroso;9756;293;9223;327;18979;620;10049;9550;19599
MG;3106002;Bela Vista de Minas;4890;294;4488;332;9378;626;5184;4820;10004
MG;3106101;Belmiro Braga;584;1097;515;1207;1099;2304;1681;1722;3403
MG;3106200;Belo Horizonte;1261638;0;1113513;0;2375151;0;1261638;1113513;2375151
MG;3106309;Belo Oriente;9920;1856;9762;1859;19682;3715;11776;11621;23397
MG;3106408;Belo Vale;1688;2072;1607;2169;3295;4241;3760;3776;7536
MG;3106507;Berilo;1999;4018;1889;4394;3888;8412;6017;6283;12300
MG;3106606;Bertópolis;1315;799;1416;968;2731;1767;2114;2384;4498
MG;3106655;Berizal;1272;908;1213;977;2485;1885;2180;2190;4370
MG;3106705;Betim;190421;1316;184910;1442;375331;2758;191737;186352;378089
MG;3106804;Bias Fortes;783;1040;716;1254;1499;2294;1823;1970;3793
MG;3106903;Bicas;6778;317;6179;379;12957;696;7095;6558;13653
MG;3107000;Biquinhas;852;458;787;533;1639;991;1310;1320;2630
MG;3107109;Boa Esperança;16421;2821;15770;3504;32191;6325;19242;19274;38516
MG;3107208;Bocaina de Minas;1185;1186;1211;1425;2396;2611;2371;2636;5007
MG;3107307;Bocaiúva;18632;4656;17968;5398;36600;10054;23288;23366;46654
MG;3107406;Bom Despacho;21836;1163;21127;1498;42963;2661;22999;22625;45624
MG;3107505;Bom Jardim de Minas;2840;412;2736;513;5576;925;3252;3249;6501
MG;3107604;Bom Jesus da Penha;1382;483;1443;579;2825;1062;1865;2022;3887
MG;3107703;Bom Jesus do Amparo;1329;1453;1187;1522;2516;2975;2782;2709;5491
MG;3107802;Bom Jesus do Galho;5045;2495;4979;2845;10024;5340;7540;7824;15364
MG;3107901;Bom Repouso;2792;2221;2887;2557;5679;4778;5013;5444;10457
MG;3108008;Bom Sucesso;7348;1344;6846;1705;14194;3049;8692;8551;17243
MG;3108107;Bonfim;1709;1686;1623;1800;3332;3486;3395;3423;6818
MG;3108206;Bonfinópolis de Minas;2122;766;2015;962;4137;1728;2888;2977;5865
MG;3108255;Bonito de Minas;1146;3532;1063;3932;2209;7464;4678;4995;9673
MG;3108305;Borda da Mata;6895;1552;6823;1848;13718;3400;8447;8671;17118
MG;3108404;Botelhos;5757;1691;5609;1863;11366;3554;7448;7472;14920
MG;3108503;Botumirim;1745;1357;1725;1670;3470;3027;3102;3395;6497
MG;3108552;Brasilândia de Minas;6024;818;6348;1036;12372;1854;6842;7384;14226
MG;3108602;Brasília de Minas;10638;4984;10037;5554;20675;10538;15622;15591;31213
MG;3108701;Brás Pires;1135;1180;1088;1234;2223;2414;2315;2322;4637
MG;3108800;Braúnas;850;1717;743;1720;1593;3437;2567;2463;5030
MG;3108909;Brasópolis;4081;3147;3810;3623;7891;6770;7228;7433;14661
MG;3109006;Brumadinho;14434;2516;14208;2815;28642;5331;16950;17023;33973
MG;3109105;Bueno Brandão;2873;2359;2801;2859;5674;5218;5232;5660;10892
MG;3109204;Buenópolis;3982;1144;3785;1381;7767;2525;5126;5166;10292
MG;3109253;Bugre;777;1185;754;1276;1531;2461;1962;2030;3992
MG;3109303;Buritis;8153;3032;7947;3605;16100;6637;11185;11552;22737
MG;3109402;Buritizeiro;11932;1461;11698;1831;23630;3292;13393;13529;26922
MG;3109451;Cabeceira Grande;2554;504;2743;652;5297;1156;3058;3395;6453
MG;3109501;Cabo Verde;3783;2588;3844;3608;7627;6196;6371;7452;13823
MG;3109600;Cachoeira da Prata;1874;62;1654;64;3528;126;1936;1718;3654
MG;3109709;Cachoeira de Minas;3478;1789;3586;2181;7064;3970;5267;5767;11034
MG;3109808;Cachoeira Dourada;1135;116;1090;164;2225;280;1251;1254;2505
MG;3109907;Caetanópolis;4253;850;4136;979;8389;1829;5103;5115;10218
MG;3110004;Caeté;18358;2565;17078;2749;35436;5314;20923;19827;40750
MG;3110103;Caiana;1316;1065;1302;1285;2618;2350;2381;2587;4968
MG;3110202;Cajuri;1049;878;1047;1073;2096;1951;1927;2120;4047
MG;3110301;Caldas;3967;2713;3772;3181;7739;5894;6680;6953;13633
MG;3110400;Camacho;715;774;743;922;1458;1696;1489;1665;3154
MG;3110509;Camanducaia;7637;2586;7832;3025;15469;5611;10223;10857;21080
MG;3110608;Cambuí;11363;1892;10996;2237;22359;4129;13255;13233;26488
MG;3110707;Cambuquira;5378;1002;5079;1143;10457;2145;6380;6222;12602
MG;3110806;Campanário;1415;415;1236;498;2651;913;1830;1734;3564
MG;3110905;Campanha;6728;945;6598;1162;13326;2107;7673;7760;15433
MG;3111002;Campestre;5446;4476;5513;5251;10959;9727;9922;10764;20686
MG;3111101;Campina Verde;7339;2181;7094;2710;14433;4891;9520;9804;19324
MG;3111150;Campo Azul;755;983;796;1150;1551;2133;1738;1946;3684
MG;3111200;Campo Belo;25105;1295;23521;1623;48626;2918;26400;25144;51544
MG;3111309;Campo do Meio;5021;626;5038;791;10059;1417;5647;5829;11476
MG;3111408;Campo Florido;2461;730;2747;932;5208;1662;3191;3679;6870
MG;3111507;Campos Altos;6356;587;6557;706;12913;1293;6943;7263;14206
MG;3111606;Campos Gerais;9669;3867;9487;4577;19156;8444;13536;14064;27600
MG;3111705;Canaã;933;1321;926;1448;1859;2769;2254;2374;4628
MG;3111804;Canápolis;4876;505;5304;680;10180;1185;5381;5984;11365
MG;3111903;Cana Verde;2016;712;2052;809;4068;1521;2728;2861;5589
MG;3112000;Candeias;5155;1983;5051;2406;10206;4389;7138;7457;14595
MG;3112059;Cantagalo;1299;851;1180;865;2479;1716;2150;2045;4195
MG;3112109;Caparaó;983;1483;1023;1720;2006;3203;2466;2743;5209
MG;3112208;Capela Nova;1136;1286;996;1337;2132;2623;2422;2333;4755
MG;3112307;Capelinha;12808;4850;11945;5200;24753;10050;17658;17145;34803
MG;3112406;Capetinga;2877;471;3042;699;5919;1170;3348;3741;7089
MG;3112505;Capim Branco;4106;361;3984;430;8090;791;4467;4414;8881
MG;3112604;Capinópolis;7023;443;7279;545;14302;988;7466;7824;15290
MG;3112653;Capitão Andrade;1859;647;1714;705;3573;1352;2506;2419;4925
MG;3112703;Capitão Enéas;5781;1222;5739;1464;11520;2686;7003;7203;14206
MG;3112802;Capitólio;3246;769;3256;912;6502;1681;4015;4168;8183
MG;3112901;Caputira;1905;2485;1874;2766;3779;5251;4390;4640;9030
MG;3113008;Caraí;3723;7321;3468;7831;7191;15152;11044;11299;22343
MG;3113107;Caranaíba;569;1042;607;1070;1176;2112;1611;1677;3288
MG;3113206;Carandaí;9288;2497;8917;2644;18205;5141;11785;11561;23346
MG;3113305;Carangola;13697;2907;12362;3330;26059;6237;16604;15692;32296
MG;3113404;Caratinga;36656;6912;33818;7853;70474;14765;43568;41671;85239
MG;3113503;Carbonita;3404;1062;3334;1348;6738;2410;4466;4682;9148
MG;3113602;Careaçu;2359;716;2343;880;4702;1596;3075;3223;6298
MG;3113701;Carlos Chagas;6678;3384;6286;3721;12964;7105;10062;10007;20069
MG;3113800;Carmésia;689;538;622;597;1311;1135;1227;1219;2446
MG;3113909;Carmo da Cachoeira;4523;1337;4443;1533;8966;2870;5860;5976;11836
MG;3114006;Carmo da Mata;4388;1087;4222;1230;8610;2317;5475;5452;10927
MG;3114105;Carmo de Minas;5185;1670;5004;1891;10189;3561;6855;6895;13750
MG;3114204;Carmo do Cajuru;8759;1223;8581;1449;17340;2672;9982;10030;20012
MG;3114303;Carmo do Paranaíba;12658;2025;12542;2510;25200;4535;14683;15052;29735
MG;3114402;Carmo do Rio Claro;7199;2744;7163;3320;14362;6064;9943;10483;20426
MG;3114501;Carmópolis de Minas;5923;2364;5898;2863;11821;5227;8287;8761;17048
MG;3114550;Carneirinho;3438;1166;3537;1330;6975;2496;4604;4867;9471
MG;3114600;Carrancas;1353;584;1259;752;2612;1336;1937;2011;3948
MG;3114709;Carvalhópolis;1227;410;1232;472;2459;882;1637;1704;3341
MG;3114808;Carvalhos;1251;965;1186;1154;2437;2119;2216;2340;4556
MG;3114907;Casa Grande;566;526;556;596;1122;1122;1092;1152;2244
MG;3115003;Cascalho Rico;871;459;925;602;1796;1061;1330;1527;2857
MG;3115102;Cássia;7210;1402;7011;1789;14221;3191;8612;8800;17412
MG;3115201;Conceição da Barra de Minas;1361;530;1432;631;2793;1161;1891;2063;3954
MG;3115300;Cataguases;34193;1348;32587;1629;66780;2977;35541;34216;69757
MG;3115359;Catas Altas;2189;268;2051;338;4240;606;2457;2389;4846
MG;3115409;Catas Altas da Noruega;730;971;699;1062;1429;2033;1701;1761;3462
MG;3115458;Catuji;894;2451;798;2565;1692;5016;3345;3363;6708
MG;3115474;Catuti;1471;1004;1507;1120;2978;2124;2475;2627;5102
MG;3115508;Caxambu;10965;214;10287;239;21252;453;11179;10526;21705
MG;3115607;Cedro do Abaeté;512;70;521;107;1033;177;582;628;1210
MG;3115706;Central de Minas;2913;558;2681;620;5594;1178;3471;3301;6772
MG;3115805;Centralina;4588;427;4726;525;9314;952;5015;5251;10266
MG;3115904;Chácara;967;415;936;474;1903;889;1382;1410;2792
MG;3116001;Chalé;1408;1374;1376;1487;2784;2861;2782;2863;5645
MG;3116100;Chapada do Norte;2980;4763;2714;4732;5694;9495;7743;7446;15189
MG;3116159;Chapada Gaúcha;2833;2336;2928;2708;5761;5044;5169;5636;10805
MG;3116209;Chiador;771;659;715;640;1486;1299;1430;1355;2785
MG;3116308;Cipotânea;1531;1669;1483;1864;3014;3533;3200;3347;6547
MG;3116407;Claraval;1264;908;1266;1104;2530;2012;2172;2370;4542
MG;3116506;Claro dos Poções;2644;1168;2607;1356;5251;2524;3812;3963;7775
MG;3116605;Cláudio;10550;2133;10604;2484;21154;4617;12683;13088;25771
MG;3116704;Coimbra;2612;895;2544;1003;5156;1898;3507;3547;7054
MG;3116803;Coluna;2010;2534;1804;2676;3814;5210;4544;4480;9024
MG;3116902;Comendador Gomes;727;654;781;810;1508;1464;1381;1591;2972
MG;3117009;Comercinho;1803;2271;1744;2480;3547;4751;4074;4224;8298
MG;3117108;Conceição da Aparecida;3115;1697;3084;1924;6199;3621;4812;5008;9820
MG;3117207;Conceição das Pedras;744;537;765;703;1509;1240;1281;1468;2749
MG;3117306;Conceição das Alagoas;10038;956;10842;1207;20880;2163;10994;12049;23043
MG;3117405;Conceição de Ipanema;807;1407;716;1526;1523;2933;2214;2242;4456
MG;3117504;Conceição do Mato Dentro;6321;2584;5948;3055;12269;5639;8905;9003;17908
MG;3117603;Conceição do Pará;1022;1481;993;1662;2015;3143;2503;2655;5158
MG;3117702;Conceição do Rio Verde;5753;678;5701;817;11454;1495;6431;6518;12949
MG;3117801;Conceição dos Ouros;4030;1047;4093;1218;8123;2265;5077;5311;10388
MG;3117836;Cônego Marinho;935;2562;980;2624;1915;5186;3497;3604;7101
MG;3117876;Confins;3013;0;2923;0;5936;0;3013;2923;5936
MG;3117900;Congonhal;3859;1204;3896;1509;7755;2713;5063;5405;10468
MG;3118007;Congonhas;24053;632;23183;651;47236;1283;24685;23834;48519
MG;3118106;Congonhas do Norte;1359;1102;1239;1243;2598;2345;2461;2482;4943
MG;3118205;Conquista;2819;391;2852;464;5671;855;3210;3316;6526
MG;3118304;Conselheiro Lafaiete;57515;2614;53751;2632;111266;5246;60129;56383;116512
MG;3118403;Conselheiro Pena;9301;2187;8300;2454;17601;4641;11488;10754;22242
MG;3118502;Consolação;485;354;465;423;950;777;839;888;1727
MG;3118601;Contagem;309691;953;291709;1089;601400;2042;310644;292798;603442
MG;3118700;Coqueiral;3377;1280;3211;1421;6588;2701;4657;4632;9289
MG;3118809;Coração de Jesus;7530;5319;7236;5948;14766;11267;12849;13184;26033
MG;3118908;Cordisburgo;3035;1197;2926;1509;5961;2706;4232;4435;8667
MG;3119005;Cordislândia;1365;303;1392;375;2757;678;1668;1767;3435
MG;3119104;Corinto;10901;1253;10293;1467;21194;2720;12154;11760;23914
MG;3119203;Coroaci;2615;2430;2566;2659;5181;5089;5045;5225;10270
MG;3119302;Coromandel;10983;2607;10682;3275;21665;5882;13590;13957;27547
MG;3119401;Coronel Fabriciano;53017;642;49378;657;102395;1299;53659;50035;103694
MG;3119500;Coronel Murta;3340;1119;3353;1305;6693;2424;4459;4658;9117
MG;3119609;Coronel Pacheco;1090;377;1055;461;2145;838;1467;1516;2983
MG;3119708;Coronel Xavier Chaves;930;726;870;775;1800;1501;1656;1645;3301
MG;3119807;Córrego Danta;1046;556;1042;747;2088;1303;1602;1789;3391
MG;3119906;Córrego do Bom Jesus;1040;742;1009;939;2049;1681;1782;1948;3730
MG;3119955;Córrego Fundo;2160;647;2270;713;4430;1360;2807;2983;5790
MG;3120003;Córrego Novo;1044;528;994;561;2038;1089;1572;1555;3127
MG;3120102;Couto de Magalhães de Minas;1940;161;1895;208;3835;369;2101;2103;4204
MG;3120151;Crisólita;1796;1171;1693;1387;3489;2558;2967;3080;6047
MG;3120201;Cristais;4444;1077;4401;1364;8845;2441;5521;5765;11286
MG;3120300;Cristália;1578;1271;1475;1436;3053;2707;2849;2911;5760
MG;3120409;Cristiano Otoni;2082;409;2074;442;4156;851;2491;2516;5007
MG;3120508;Cristina;3033;1953;2922;2302;5955;4255;4986;5224;10210
MG;3120607;Crucilândia;1497;830;1482;948;2979;1778;2327;2430;4757
MG;3120706;Cruzeiro da Fortaleza;1655;271;1706;302;3361;573;1926;2008;3934
MG;3120805;Cruzília;6763;583;6523;722;13286;1305;7346;7245;14591
MG;3120839;Cuparaque;1966;359;1919;436;3885;795;2325;2355;4680
MG;3120870;Curral de Dentro;2917;496;2920;580;5837;1076;3413;3500;6913
MG;3120904;Curvelo;34978;3100;32404;3737;67382;6837;38078;36141;74219
MG;3121001;Datas;1587;1073;1501;1050;3088;2123;2660;2551;5211
MG;3121100;Delfim Moreira;1505;2278;1520;2668;3025;4946;3783;4188;7971
MG;3121209;Delfinópolis;2382;898;2464;1086;4846;1984;3280;3550;6830
MG;3121258;Delta;3318;233;4266;272;7584;505;3551;4538;8089
MG;3121308;Descoberto;2062;298;2007;401;4069;699;2360;2408;4768
MG;3121407;Desterro de Entre Rios;1844;1587;1752;1819;3596;3406;3431;3571;7002
MG;3121506;Desterro do Melo;714;755;676;870;1390;1625;1469;1546;3015
MG;3121605;Diamantina;20890;2751;19174;3065;40064;5816;23641;22239;45880
MG;3121704;Diogo de Vasconcelos;579;1339;520;1410;1099;2749;1918;1930;3848
MG;3121803;Dionísio;3681;757;3484;817;7165;1574;4438;4301;8739
MG;3121902;Divinésia;1116;522;1059;596;2175;1118;1638;1655;3293
MG;3122009;Divino;5563;3889;5233;4448;10796;8337;9452;9681;19133
MG;3122108;Divino das Laranjeiras;2104;373;2004;456;4108;829;2477;2460;4937
MG;3122207;Divinolândia de Minas;2973;572;2787;692;5760;1264;3545;3479;7024
MG;3122306;Divinópolis;106636;2552;100880;2948;207516;5500;109188;103828;213016
MG;3122355;Divisa Alegre;2891;88;2802;103;5693;191;2979;2905;5884
MG;3122405;Divisa Nova;2252;529;2407;575;4659;1104;2781;2982;5763
MG;3122454;Divisópolis;3187;1128;3216;1443;6403;2571;4315;4659;8974
MG;3122470;Dom Bosco;1027;765;1025;997;2052;1762;1792;2022;3814
MG;3122504;Dom Cavati;2383;290;2224;312;4607;602;2673;2536;5209
MG;3122603;Dom Joaquim;1558;755;1364;858;2922;1613;2313;2222;4535
MG;3122702;Dom Silvério;2174;529;1884;609;4058;1138;2703;2493;5196
MG;3122801;Dom Viçoso;505;945;493;1051;998;1996;1450;1544;2994
MG;3122900;Dona Eusébia;2567;396;2566;472;5133;868;2963;3038;6001
MG;3123007;Dores de Campos;4315;370;4142;472;8457;842;4685;4614;9299
MG;3123106;Dores de Guanhães;831;1780;791;1821;1622;3601;2611;2612;5223
MG;3123205;Dores do Indaiá;6579;484;6035;680;12614;1164;7063;6715;13778
MG;3123304;Dores do Turvo;1033;1132;997;1300;2030;2432;2165;2297;4462
MG;3123403;Doresópolis;559;134;573;174;1132;308;693;747;1440
MG;3123502;Douradoquara;605;266;628;342;1233;608;871;970;1841
MG;3123528;Durandé;1786;1867;1761;2009;3547;3876;3653;3770;7423
MG;3123601;Elói Mendes;10458;2273;9916;2573;20374;4846;12731;12489;25220
MG;3123700;Engenheiro Caldas;4371;949;3954;1006;8325;1955;5320;4960;10280
MG;3123809;Engenheiro Navarro;2400;1104;2350;1268;4750;2372;3504;3618;7122
MG;3123858;Entre Folhas;1981;624;1908;662;3889;1286;2605;2570;5175
MG;3123908;Entre Rios de Minas;5059;2114;4819;2250;9878;4364;7173;7069;14242
MG;3124005;Ervália;4953;4003;4517;4473;9470;8476;8956;8990;17946
MG;3124104;Esmeraldas;28095;1906;28120;2150;56215;4056;30001;30270;60271
MG;3124203;Espera Feliz;7303;4049;6871;4633;14174;8682;11352;11504;22856
MG;3124302;Espinosa;9361;6461;8662;6629;18023;13090;15822;15291;31113
MG;3124401;Espírito Santo do Dourado;837;1250;846;1496;1683;2746;2087;2342;4429
MG;3124500;Estiva;2464;2772;2435;3174;4899;5946;5236;5609;10845
MG;3124609;Estrela Dalva;905;332;876;357;1781;689;1237;1233;2470
MG;3124708;Estrela do Indaiá;1430;317;1347;422;2777;739;1747;1769;3516
MG;3124807;Estrela do Sul;2921;626;3136;763;6057;1389;3547;3899;7446
MG;3124906;Eugenópolis;3787;1435;3618;1700;7405;3135;5222;5318;10540
MG;3125002;Ewbank da Câmara;1759;139;1700;155;3459;294;1898;1855;3753
MG;3125101;Extrema;12981;1204;13042;1372;26023;2576;14185;14414;28599
MG;3125200;Fama;793;377;722;458;1515;835;1170;1180;2350
MG;3125309;Faria Lemos;1181;481;1151;563;2332;1044;1662;1714;3376
MG;3125408;Felício dos Santos;1160;1414;1069;1499;2229;2913;2574;2568;5142
MG;3125507;São Gonçalo do Rio Preto;1029;546;925;556;1954;1102;1575;1481;3056
MG;3125606;Felisburgo;2591;780;2497;1009;5088;1789;3371;3506;6877
MG;3125705;Felixlândia;5627;1448;5295;1751;10922;3199;7075;7046;14121
MG;3125804;Fernandes Tourinho;1014;467;1002;547;2016;1014;1481;1549;3030
MG;3125903;Ferros;2607;2835;2484;2911;5091;5746;5442;5395;10837
MG;3125952;Fervedouro;2408;2612;2356;2973;4764;5585;5020;5329;10349
MG;3126000;Florestal;2844;511;2660;585;5504;1096;3355;3245;6600
MG;3126109;Formiga;30496;2495;28991;3146;59487;5641;32991;32137;65128
MG;3126208;Formoso;2529;1365;2644;1639;5173;3004;3894;4283;8177
MG;3126307;Fortaleza de Minas;1487;510;1463;638;2950;1148;1997;2101;4098
MG;3126406;Fortuna de Minas;920;391;945;449;1865;840;1311;1394;2705
MG;3126505;Francisco Badaró;1653;3316;1538;3741;3191;7057;4969;5279;10248
MG;3126604;Francisco Dumont;1590;738;1607;928;3197;1666;2328;2535;4863
MG;3126703;Francisco Sá;7525;4445;7372;5570;14897;10015;11970;12942;24912
MG;3126752;Franciscópolis;1230;1600;1168;1802;2398;3402;2830;2970;5800
MG;3126802;Frei Gaspar;1004;1907;912;2056;1916;3963;2911;2968;5879
MG;3126901;Frei Inocêncio;3546;1019;3218;1137;6764;2156;4565;4355;8920
MG;3126950;Frei Lagonegro;337;1304;281;1407;618;2711;1641;1688;3329
MG;3127008;Fronteira;6398;413;6697;533;13095;946;6811;7230;14041
MG;3127057;Fronteira dos Vales;1538;760;1500;889;3038;1649;2298;2389;4687
MG;3127073;Fruta de Leite;1048;1868;988;2036;2036;3904;2916;3024;5940
MG;3127107;Frutal;23031;3364;23058;4015;46089;7379;26395;27073;53468
MG;3127206;Funilândia;1033;864;996;962;2029;1826;1897;1958;3855
MG;3127305;Galiléia;2947;599;2745;660;5692;1259;3546;3405;6951
MG;3127339;Gameleiras;717;1798;696;1928;1413;3726;2515;2624;5139
MG;3127354;Glaucilândia;551;915;497;999;1048;1914;1466;1496;2962
MG;3127370;Goiabeira;1285;282;1188;298;2473;580;1567;1486;3053
MG;3127388;Goianá;1497;317;1472;373;2969;690;1814;1845;3659
MG;3127404;Gonçalves;599;1429;565;1627;1164;3056;2028;2192;4220
MG;3127503;Gonzaga;1655;1339;1582;1345;3237;2684;2994;2927;5921
MG;3127602;Gouveia;4356;1663;3873;1789;8229;3452;6019;5662;11681
MG;3127701;Governador Valadares;133691;4761;119609;5628;253300;10389;138452;125237;263689
MG;3127800;Grão Mogol;2767;4530;2624;5103;5391;9633;7297;7727;15024
MG;3127909;Grupiara;571;88;602;112;1173;200;659;714;1373
MG;3128006;Guanhães;13258;2803;12163;3038;25421;5841;16061;15201;31262
MG;3128105;Guapé;3567;3024;3607;3674;7174;6698;6591;7281;13872
MG;3128204;Guaraciaba;1689;3360;1529;3645;3218;7005;5049;5174;10223
MG;3128253;Guaraciama;1569;771;1456;922;3025;1693;2340;2378;4718
MG;3128303;Guaranésia;8412;804;8424;1074;16836;1878;9216;9498;18714
MG;3128402;Guarani;3463;792;3413;1010;6876;1802;4255;4423;8678
MG;3128501;Guarará;1789;190;1698;252;3487;442;1979;1950;3929
MG;3128600;Guarda-Mor;1847;1291;1841;1586;3688;2877;3138;3427;6565
MG;3128709;Guaxupé;23442;1369;23038;1581;46480;2950;24811;24619;49430
MG;3128808;Guidoval;2624;944;2575;1063;5199;2007;3568;3638;7206
MG;3128907;Guimarânia;2960;592;2964;749;5924;1341;3552;3713;7265
MG;3129004;Guiricema;2150;2130;2075;2352;4225;4482;4280;4427;8707
MG;3129103;Gurinhatã;1363;1537;1329;1908;2692;3445;2900;3237;6137
MG;3129202;Heliodora;2213;791;2217;900;4430;1691;3004;3117;6121
MG;3129301;Iapu;3695;1488;3469;1663;7164;3151;5183;5132;10315
MG;3129400;Ibertioga;1764;729;1693;850;3457;1579;2493;2543;5036
MG;3129509;Ibiá;9842;1518;9804;2054;19646;3572;11360;11858;23218
MG;3129608;Ibiaí;2990;815;3014;1020;6004;1835;3805;4034;7839
MG;3129657;Ibiracatu;1524;1413;1599;1619;3123;3032;2937;3218;6155
MG;3129707;Ibiraci;4022;1790;4186;2178;8208;3968;5812;6364;12176
MG;3129806;Ibirité;80946;169;77644;195;158590;364;81115;77839;158954
MG;3129905;Ibitiúra de Minas;1163;459;1207;553;2370;1012;1622;1760;3382
MG;3130002;Ibituruna;1229;189;1256;192;2485;381;1418;1448;2866
MG;3130051;Icaraí de Minas;1460;3719;1526;4041;2986;7760;5179;5567;10746
MG;3130101;Igarapé;16301;1030;16360;1160;32661;2190;17331;17520;34851
MG;3130200;Igaratinga;3761;730;3916;857;7677;1587;4491;4773;9264
MG;3130309;Iguatama;3378;617;3337;697;6715;1314;3995;4034;8029
MG;3130408;Ijaci;2773;122;2832;132;5605;254;2895;2964;5859
MG;3130507;Ilicínea;4601;1027;4495;1365;9096;2392;5628;5860;11488
MG;3130556;Imbé de Minas;1037;2094;1009;2284;2046;4378;3131;3293;6424
MG;3130606;Inconfidentes;1866;1521;1812;1709;3678;3230;3387;3521;6908
MG;3130655;Indaiabira;1413;2182;1329;2406;2742;4588;3595;3735;7330
MG;3130705;Indianópolis;1967;992;2089;1142;4056;2134;2959;3231;6190
MG;3130804;Ingaí;803;435;827;564;1630;999;1238;1391;2629
MG;3130903;Inhapim;7225;4940;6768;5361;13993;10301;12165;12129;24294
MG;3131000;Inhaúma;2108;743;2098;811;4206;1554;2851;2909;5760
MG;3131109;Inimutaba;2476;919;2267;1062;4743;1981;3395;3329;6724
MG;3131158;Ipaba;7495;802;7533;878;15028;1680;8297;8411;16708
MG;3131208;Ipanema;7495;1869;6705;2101;14200;3970;9364;8806;18170
MG;3131307;Ipatinga;122014;1245;114954;1255;236968;2500;123259;116209;239468
MG;3131406;Ipiaçu;1840;171;1901;195;3741;366;2011;2096;4107
MG;3131505;Ipuiúna;3613;971;3835;1102;7448;2073;4584;4937;9521
MG;3131604;Iraí de Minas;2475;611;2683;698;5158;1309;3086;3381;6467
MG;3131703;Itabira;53385;3665;48931;3802;102316;7467;57050;52733;109783
MG;3131802;Itabirinha de Mantena;4274;1096;4096;1226;8370;2322;5370;5322;10692
MG;3131901;Itabirito;22243;869;21323;1014;43566;1883;23112;22337;45449
MG;3132008;Itacambira;475;1835;531;2147;1006;3982;2310;2678;4988
MG;3132107;Itacarambi;7033;1845;6766;2076;13799;3921;8878;8842;17720
MG;3132206;Itaguara;4826;1279;4700;1567;9526;2846;6105;6267;12372
MG;3132305;Itaipé;2535;3248;2408;3607;4943;6855;5783;6015;11798
MG;3132404;Itajubá;42365;3804;40399;4090;82764;7894;46169;44489;90658
MG;3132503;Itamarandiba;11326;4705;10662;5482;21988;10187;16031;16144;32175
MG;3132602;Itamarati de Minas;1577;398;1633;471;3210;869;1975;2104;4079
MG;3132701;Itambacuri;8146;3631;6973;4059;15119;7690;11777;11032;22809
MG;3132800;Itambé do Mato Dentro;466;638;442;737;908;1375;1104;1179;2283
MG;3132909;Itamogi;3858;1185;3901;1405;7759;2590;5043;5306;10349
MG;3133006;Itamonte;4822;2095;4790;2296;9612;4391;6917;7086;14003
MG;3133105;Itanhandu;6149;1079;5776;1171;11925;2250;7228;6947;14175
MG;3133204;Itanhomi;4477;1580;4093;1706;8570;3286;6057;5799;11856
MG;3133303;Itaobim;8013;2495;7766;2727;15779;5222;10508;10493;21001
MG;3133402;Itapagipe;4686;1846;4872;2252;9558;4098;6532;7124;13656
MG;3133501;Itapecerica;8507;2267;7996;2607;16503;4874;10774;10603;21377
MG;3133600;Itapeva;2256;1910;2255;2243;4511;4153;4166;4498;8664
MG;3133709;Itatiaiuçu;3155;1730;3066;1977;6221;3707;4885;5043;9928
MG;3133758;Itaú de Minas;7361;181;7201;202;14562;383;7542;7403;14945
MG;3133808;Itaúna;41023;2341;39428;2671;80451;5012;43364;42099;85463
MG;3133907;Itaverava;1276;1546;1289;1688;2565;3234;2822;2977;5799
MG;3134004;Itinga;3325;3730;3229;4123;6554;7853;7055;7352;14407
MG;3134103;Itueta;1641;1227;1658;1304;3299;2531;2868;2962;5830
MG;3134202;Ituiutaba;47529;1780;45596;2266;93125;4046;49309;47862;97171
MG;3134301;Itumirim;2371;709;2333;726;4704;1435;3080;3059;6139
MG;3134400;Iturama;16299;860;16299;998;32598;1858;17159;17297;34456
MG;3134509;Itutinga;1386;532;1370;625;2756;1157;1918;1995;3913
MG;3134608;Jaboticatubas;5423;3006;5317;3388;10740;6394;8429;8705;17134
MG;3134707;Jacinto;4576;1273;4621;1664;9197;2937;5849;6285;12134
MG;3134806;Jacuí;2298;1331;2272;1601;4570;2932;3629;3873;7502
MG;3134905;Jacutinga;9720;1718;9356;1978;19076;3696;11438;11334;22772
MG;3135001;Jaguaraçu;1077;405;1061;447;2138;852;1482;1508;2990
MG;3135050;Jaíba;8794;7449;8841;8503;17635;15952;16243;17344;33587
MG;3135076;Jampruca;1687;786;1601;993;3288;1779;2473;2594;5067
MG;3135100;Janaúba;31057;2951;29513;3282;60570;6233;34008;32795;66803
MG;3135209;Januária;21560;11559;19762;12582;41322;24141;33119;32344;65463
MG;3135308;Japaraíba;1289;638;1261;751;2550;1389;1927;2012;3939
MG;3135357;Japonvar;1554;2533;1496;2715;3050;5248;4087;4211;8298
MG;3135407;Jeceaba;1501;1171;1487;1236;2988;2407;2672;2723;5395
MG;3135456;Jenipapo de Minas;1479;1975;1404;2258;2883;4233;3454;3662;7116
MG;3135506;Jequeri;3759;2612;3534;2943;7293;5555;6371;6477;12848
MG;3135605;Jequitaí;2835;1139;2669;1362;5504;2501;3974;4031;8005
MG;3135704;Jequitibá;965;1526;998;1667;1963;3193;2491;2665;5156
MG;3135803;Jequitinhonha;8693;3162;8368;3908;17061;7070;11855;12276;24131
MG;3135902;Jesuânia;1557;742;1537;932;3094;1674;2299;2469;4768
MG;3136009;Joaíma;5285;2153;4988;2515;10273;4668;7438;7503;14941
MG;3136108;Joanésia;1060;1666;1002;1697;2062;3363;2726;2699;5425
MG;3136207;João Monlevade;38390;171;34887;162;73277;333;38561;35049;73610
MG;3136306;João Pinheiro;18499;3713;18262;4786;36761;8499;22212;23048;45260
MG;3136405;Joaquim Felício;1291;798;1235;981;2526;1779;2089;2216;4305
MG;3136504;Jordânia;3619;1371;3602;1732;7221;3103;4990;5334;10324
MG;3136520;José Gonçalves de Minas;562;1633;576;1782;1138;3415;2195;2358;4553
MG;3136553;José Raydan;800;1356;768;1452;1568;2808;2156;2220;4376
MG;3136579;Josenópolis;1243;977;1201;1145;2444;2122;2220;2346;4566
MG;3136603;Nova União;1467;1292;1405;1391;2872;2683;2759;2796;5555
MG;3136652;Juatuba;10804;181;11023;194;21827;375;10985;11217;22202
MG;3136702;Juiz de Fora;269501;2722;240877;3147;510378;5869;272223;244024;516247
MG;3136801;Juramento;1181;879;1091;962;2272;1841;2060;2053;4113
MG;3136900;Juruaia;2363;2172;2151;2552;4514;4724;4535;4703;9238
MG;3136959;Juvenília;2186;599;2206;717;4392;1316;2785;2923;5708
MG;3137007;Ladainha;2297;6305;2013;6379;4310;12684;8602;8392;16994
MG;3137106;Lagamar;2545;1138;2583;1334;5128;2472;3683;3917;7600
MG;3137205;Lagoa da Prata;22646;486;22292;560;44938;1046;23132;22852;45984
MG;3137304;Lagoa dos Patos;1516;508;1563;638;3079;1146;2024;2201;4225
MG;3137403;Lagoa Dourada;3438;2471;3451;2896;6889;5367;5909;6347;12256
MG;3137502;Lagoa Formosa;6570;1939;6397;2255;12967;4194;8509;8652;17161
MG;3137536;Lagoa Grande;3094;988;3314;1235;6408;2223;4082;4549;8631
MG;3137601;Lagoa Santa;25065;1720;23884;1851;48949;3571;26785;25735;52520
MG;3137700;Lajinha;6305;3476;5945;3883;12250;7359;9781;9828;19609
MG;3137809;Lambari;7301;2613;6735;2905;14036;5518;9914;9640;19554
MG;3137908;Lamim;784;923;727;1018;1511;1941;1707;1745;3452
MG;3138005;Laranjal;2406;805;2332;922;4738;1727;3211;3254;6465
MG;3138104;Lassance;1973;1184;1909;1418;3882;2602;3157;3327;6484
MG;3138203;Lavras;45456;2023;42400;2321;87856;4344;47479;44721;92200
MG;3138302;Leandro Ferreira;1100;465;1052;588;2152;1053;1565;1640;3205
MG;3138351;Leme do Prado;911;1498;850;1545;1761;3043;2409;2395;4804
MG;3138401;Leopoldina;24065;2519;21639;2907;45704;5426;26584;24546;51130
MG;3138500;Liberdade;1945;700;1924;777;3869;1477;2645;2701;5346
MG;3138609;Lima Duarte;6304;1704;6059;2082;12363;3786;8008;8141;16149
MG;3138625;Limeira do Oeste;2487;871;2530;1002;5017;1873;3358;3532;6890
MG;3138658;Lontra;2747;1280;2883;1487;5630;2767;4027;4370;8397
MG;3138674;Luisburgo;915;2095;921;2303;1836;4398;3010;3224;6234
MG;3138682;Luislândia;1506;1601;1483;1810;2989;3411;3107;3293;6400
MG;3138708;Luminárias;2068;543;2098;713;4166;1256;2611;2811;5422
MG;3138807;Luz;7991;779;7718;998;15709;1777;8770;8716;17486
MG;3138906;Machacalis;2832;535;2917;692;5749;1227;3367;3609;6976
MG;3139003;Machado;16304;3042;15764;3578;32068;6620;19346;19342;38688
MG;3139102;Madre de Deus de Minas;1905;536;1827;636;3732;1172;2441;2463;4904
MG;3139201;Malacacheta;6288;3329;5530;3629;11818;6958;9617;9159;18776
MG;3139250;Mamonas;1412;1726;1400;1783;2812;3509;3138;3183;6321
MG;3139300;Manga;7191;2828;6657;3137;13848;5965;10019;9794;19813
MG;3139409;Manhuaçu;33440;6944;31399;7791;64839;14735;40384;39190;79574
MG;3139508;Manhumirim;8818;2046;8225;2293;17043;4339;10864;10518;21382
MG;3139607;Mantena;11253;2771;10005;3082;21258;5853;14024;13087;27111
MG;3139706;Maravilhas;2469;1063;2427;1204;4896;2267;3532;3631;7163
MG;3139805;Mar de Espanha;5566;471;5184;528;10750;999;6037;5712;11749
MG;3139904;Maria da Fé;4231;2783;4152;3050;8383;5833;7014;7202;14216
MG;3140001;Mariana;24412;3224;23230;3353;47642;6577;27636;26583;54219
MG;3140100;Marilac;1764;396;1659;400;3423;796;2160;2059;4219
MG;3140159;Mário Campos;6200;351;6258;383;12458;734;6551;6641;13192
MG;3140209;Maripá de Minas;1151;248;1115;274;2266;522;1399;1389;2788
MG;3140308;Marliéria;1421;594;1423;574;2844;1168;2015;1997;4012
MG;3140407;Marmelópolis;785;692;772;719;1557;1411;1477;1491;2968
MG;3140506;Martinho Campos;5507;731;5503;870;11010;1601;6238;6373;12611
MG;3140530;Martins Soares;1462;2055;1465;2191;2927;4246;3517;3656;7173
MG;3140555;Mata Verde;3107;626;3281;860;6388;1486;3733;4141;7874
MG;3140605;Materlândia;1045;1265;966;1319;2011;2584;2310;2285;4595
MG;3140704;Mateus Leme;12518;1525;12161;1652;24679;3177;14043;13813;27856
MG;3140803;Matias Barbosa;6528;215;6416;276;12944;491;6743;6692;13435
MG;3140852;Matias Cardoso;2579;2304;2557;2539;5136;4843;4883;5096;9979
MG;3140902;Matipó;7098;1814;6734;1993;13832;3807;8912;8727;17639
MG;3141009;Mato Verde;4911;1513;4548;1712;9459;3225;6424;6260;12684
MG;3141108;Matozinhos;15697;1500;15180;1578;30877;3078;17197;16758;33955
MG;3141207;Matutina;1394;515;1299;553;2693;1068;1909;1852;3761
MG;3141306;Medeiros;971;662;977;834;1948;1496;1633;1811;3444
MG;3141405;Medina;7806;2744;7286;3190;15092;5934;10550;10476;21026
MG;3141504;Mendes Pimentel;1785;1393;1670;1483;3455;2876;3178;3153;6331
MG;3141603;Mercês;3748;1464;3508;1648;7256;3112;5212;5156;10368
MG;3141702;Mesquita;1956;1084;1863;1166;3819;2250;3040;3029;6069
MG;3141801;Minas Novas;6545;8899;6039;9311;12584;18210;15444;15350;30794
MG;3141900;Minduri;1745;206;1651;238;3396;444;1951;1889;3840
MG;3142007;Mirabela;4999;1414;5029;1600;10028;3014;6413;6629;13042
MG;3142106;Miradouro;2897;2120;2774;2460;5671;4580;5017;5234;10251
MG;3142205;Miraí;5302;1562;5101;1843;10403;3405;6864;6944;13808
MG;3142254;Miravânia;550;1716;529;1754;1079;3470;2266;2283;4549
MG;3142304;Moeda;932;1414;857;1486;1789;2900;2346;2343;4689
MG;3142403;Moema;3036;439;3004;549;6040;988;3475;3553;7028
MG;3142502;Monjolos;722;431;681;526;1403;957;1153;1207;2360
MG;3142601;Monsenhor Paulo;3032;949;3101;1079;6133;2028;3981;4180;8161
MG;3142700;Montalvânia;5165;2701;5074;2922;10239;5623;7866;7996;15862
MG;3142809;Monte Alegre de Minas;7266;2301;7240;2812;14506;5113;9567;10052;19619
MG;3142908;Monte Azul;6377;4778;6041;4798;12418;9576;11155;10839;21994
MG;3143005;Monte Belo;4525;1726;4533;2277;9058;4003;6251;6810;13061
MG;3143104;Monte Carmelo;20140;2566;19960;3106;40100;5672;22706;23066;45772
MG;3143153;Monte Formoso;821;1404;879;1552;1700;2956;2225;2431;4656
MG;3143203;Monte Santo de Minas;8308;2240;8115;2571;16423;4811;10548;10686;21234
MG;3143302;Montes Claros;179442;8224;164985;9264;344427;17488;187666;174249;361915
MG;3143401;Monte Sião;8296;2253;7972;2682;16268;4935;10549;10654;21203
MG;3143450;Montezuma;1548;2141;1531;2244;3079;4385;3689;3775;7464
MG;3143500;Morada Nova de Minas;3215;835;3242;963;6457;1798;4050;4205;8255
MG;3143609;Morro da Garça;759;525;763;613;1522;1138;1284;1376;2660
MG;3143708;Morro do Pilar;1318;372;1263;446;2581;818;1690;1709;3399
MG;3143807;Munhoz;1657;1353;1662;1585;3319;2938;3010;3247;6257
MG;3143906;Muriaé;48516;3492;44709;4048;93225;7540;52008;48757;100765
MG;3144003;Mutum;7089;6097;6701;6774;13790;12871;13186;13475;26661
MG;3144102;Muzambinho;7977;2187;7752;2514;15729;4701;10164;10266;20430
MG;3144201;Nacip Raydan;1007;561;972;614;1979;1175;1568;1586;3154
MG;3144300;Nanuque;18969;1871;17820;2174;36789;4045;20840;19994;40834
MG;3144359;Naque;2976;171;2985;209;5961;380;3147;3194;6341
MG;3144375;Natalândia;1195;349;1276;460;2471;809;1544;1736;3280
MG;3144409;Natércia;1403;846;1357;1052;2760;1898;2249;2409;4658
MG;3144508;Nazareno;2995;841;3051;1067;6046;1908;3836;4118;7954
MG;3144607;Nepomuceno;10252;2649;9684;3148;19936;5797;12901;12832;25733
MG;3144656;Ninheira;1351;3411;1272;3781;2623;7192;4762;5053;9815
MG;3144672;Nova Belém;680;1155;668;1229;1348;2384;1835;1897;3732
MG;3144706;Nova Era;8151;1028;7269;1080;15420;2108;9179;8349;17528
MG;3144805;Nova Lima;41003;844;38229;922;79232;1766;41847;39151;80998
MG;3144904;Nova Módica;1213;674;1115;788;2328;1462;1887;1903;3790
MG;3145000;Nova Ponte;5282;805;5709;1016;10991;1821;6087;6725;12812
MG;3145059;Nova Porteirinha;2034;1576;2035;1753;4069;3329;3610;3788;7398
MG;3145109;Nova Resende;4305;2963;4553;3553;8858;6516;7268;8106;15374
MG;3145208;Nova Serrana;33787;1845;35908;2159;69695;4004;35632;38067;73699
MG;3145307;Novo Cruzeiro;5528;9941;4994;10262;10522;20203;15469;15256;30725
MG;3145356;Novo Oriente de Minas;2280;2763;2141;3155;4421;5918;5043;5296;10339
MG;3145372;Novorizonte;873;1601;844;1645;1717;3246;2474;2489;4963
MG;3145406;Olaria;449;467;468;592;917;1059;916;1060;1976
MG;3145455;Olhos-d'Água;1399;1090;1467;1311;2866;2401;2489;2778;5267
MG;3145505;Olímpio Noronha;1106;123;1143;161;2249;284;1229;1304;2533
MG;3145604;Oliveira;18188;1973;16997;2308;35185;4281;20161;19305;39466
MG;3145703;Oliveira Fortes;600;443;577;503;1177;946;1043;1080;2123
MG;3145802;Onça de Pitangui;759;738;760;798;1519;1536;1497;1558;3055
MG;3145851;Oratórios;1667;592;1574;660;3241;1252;2259;2234;4493
MG;3145877;Orizânia;1136;2451;1085;2612;2221;5063;3587;3697;7284
MG;3145901;Ouro Branco;15924;1767;15685;1892;31609;3659;17691;17577;35268
MG;3146008;Ouro Fino;12201;3549;11562;4256;23763;7805;15750;15818;31568
MG;3146107;Ouro Preto;31590;4414;29530;4747;61120;9161;36004;34277;70281
MG;3146206;Ouro Verde de Minas;1857;1141;1772;1246;3629;2387;2998;3018;6016
MG;3146255;Padre Carvalho;1725;1136;1737;1236;3462;2372;2861;2973;5834
MG;3146305;Padre Paraíso;5992;3523;5528;3806;11520;7329;9515;9334;18849
MG;3146404;Paineiras;1847;452;1751;581;3598;1033;2299;2332;4631
MG;3146503;Pains;3326;662;3282;744;6608;1406;3988;4026;8014
MG;3146552;Pai Pedro;881;2029;868;2156;1749;4185;2910;3024;5934
MG;3146602;Paiva;626;150;593;189;1219;339;776;782;1558
MG;3146701;Palma;2588;644;2535;778;5123;1422;3232;3313;6545
MG;3146750;Palmópolis;2261;1100;2227;1343;4488;2443;3361;3570;6931
MG;3146909;Papagaios;5917;1021;6003;1234;11920;2255;6938;7237;14175
MG;3147006;Paracatu;37276;4972;36496;5974;73772;10946;42248;42470;84718
MG;3147105;Pará de Minas;40564;2012;39035;2604;79599;4616;42576;41639;84215
MG;3147204;Paraguaçu;8431;1636;8248;1930;16679;3566;10067;10178;20245
MG;3147303;Paraisópolis;8114;1480;7944;1841;16058;3321;9594;9785;19379
MG;3147402;Paraopeba;10081;1350;9582;1550;19663;2900;11431;11132;22563
MG;3147501;Passabém;545;356;467;398;1012;754;901;865;1766
MG;3147600;Passa Quatro;6130;1725;5855;1872;11985;3597;7855;7727;15582
MG;3147709;Passa Tempo;3220;844;3165;968;6385;1812;4064;4133;8197
MG;3147808;Passa-Vinte;651;339;654;435;1305;774;990;1089;2079
MG;3147907;Passos;51324;2398;49518;3050;100842;5448;53722;52568;106290
MG;3147956;Patis;1128;1533;1173;1745;2301;3278;2661;2918;5579
MG;3148004;Patos de Minas;65775;5011;61949;5975;127724;10986;70786;67924;138710
MG;3148103;Patrocínio;36176;4356;36582;5357;72758;9713;40532;41939;82471
MG;3148202;Patrocínio do Muriaé;2185;452;2123;527;4308;979;2637;2650;5287
MG;3148301;Paula Cândido;2515;2063;2421;2272;4936;4335;4578;4693;9271
MG;3148400;Paulistas;1231;1302;1072;1313;2303;2615;2533;2385;4918
MG;3148509;Pavão;2667;1576;2537;1809;5204;3385;4243;4346;8589
MG;3148608;Peçanha;4749;3986;4348;4177;9097;8163;8735;8525;17260
MG;3148707;Pedra Azul;10803;1292;10203;1541;21006;2833;12095;11744;23839
MG;3148756;Pedra Bonita;889;2329;918;2537;1807;4866;3218;3455;6673
MG;3148806;Pedra do Anta;1128;556;1064;617;2192;1173;1684;1681;3365
MG;3148905;Pedra do Indaiá;1040;849;1013;973;2053;1822;1889;1986;3875
MG;3149002;Pedra Dourada;651;404;650;486;1301;890;1055;1136;2191
MG;3149101;Pedralva;2810;2799;2753;3105;5563;5904;5609;5858;11467
MG;3149150;Pedras de Maria da Cruz;3176;1846;3152;2141;6328;3987;5022;5293;10315
MG;3149200;Pedrinópolis;1463;229;1464;334;2927;563;1692;1798;3490
MG;3149309;Pedro Leopoldo;25590;4404;24363;4383;49953;8787;29994;28746;58740
MG;3149408;Pedro Teixeira;477;360;488;460;965;820;837;948;1785
MG;3149507;Pequeri;1501;101;1415;148;2916;249;1602;1563;3165
MG;3149606;Pequi;1506;528;1447;595;2953;1123;2034;2042;4076
MG;3149705;Perdigão;3879;478;3983;572;7862;1050;4357;4555;8912
MG;3149804;Perdizes;4862;2009;5073;2460;9935;4469;6871;7533;14404
MG;3149903;Perdões;9134;1078;8642;1233;17776;2311;10212;9875;20087
MG;3149952;Periquito;2730;854;2559;893;5289;1747;3584;3452;7036
MG;3150000;Pescador;1707;376;1552;493;3259;869;2083;2045;4128
MG;3150109;Piau;830;521;840;650;1670;1171;1351;1490;2841
MG;3150158;Piedade de Caratinga;2296;1165;2306;1343;4602;2508;3461;3649;7110
MG;3150208;Piedade de Ponte Nova;1637;433;1541;451;3178;884;2070;1992;4062
MG;3150307;Piedade do Rio Grande;1769;550;1708;682;3477;1232;2319;2390;4709
MG;3150406;Piedade dos Gerais;1023;1200;1099;1318;2122;2518;2223;2417;4640
MG;3150505;Pimenta;3410;583;3535;708;6945;1291;3993;4243;8236
MG;3150539;Pingo-d'Água;2043;178;1992;207;4035;385;2221;2199;4420
MG;3150570;Pintópolis;1263;2170;1269;2509;2532;4679;3433;3778;7211
MG;3150604;Piracema;1581;1592;1453;1780;3034;3372;3173;3233;6406
MG;3150703;Pirajuba;1888;223;2243;302;4131;525;2111;2545;4656
MG;3150802;Piranga;3110;5474;2848;5800;5958;11274;8584;8648;17232
MG;3150901;Piranguçu;864;1651;908;1794;1772;3445;2515;2702;5217
MG;3151008;Piranguinho;2465;1485;2488;1578;4953;3063;3950;4066;8016
MG;3151107;Pirapetinga;4669;590;4433;672;9102;1262;5259;5105;10364
MG;3151206;Pirapora;26816;406;25569;577;52385;983;27222;26146;53368
MG;3151305;Piraúba;4488;935;4326;1113;8814;2048;5423;5439;10862
MG;3151404;Pitangui;11497;1268;11127;1419;22624;2687;12765;12546;25311
MG;3151503;Piumhi;14577;1456;13987;1863;28564;3319;16033;15850;31883
MG;3151602;Planura;4811;122;5280;171;10091;293;4933;5451;10384
MG;3151701;Poço Fundo;4659;3087;4622;3591;9281;6678;7746;8213;15959
MG;3151800;Poços de Caldas;77046;1709;71676;2004;148722;3713;78755;73680;152435
MG;3151909;Pocrane;2774;1697;2625;1890;5399;3587;4471;4515;8986
MG;3152006;Pompéu;12971;1496;12769;1869;25740;3365;14467;14638;29105
MG;3152105;Ponte Nova;27146;2749;24039;3456;51185;6205;29895;27495;57390
MG;3152131;Ponto Chique;1322;625;1259;760;2581;1385;1947;2019;3966
MG;3152170;Ponto dos Volantes;2084;3464;1947;3850;4031;7314;5548;5797;11345
MG;3152204;Porteirinha;9941;8858;9397;9431;19338;18289;18799;18828;37627
MG;3152303;Porto Firme;2452;2662;2379;2924;4831;5586;5114;5303;10417
MG;3152402;Poté;4880;3068;4457;3262;9337;6330;7948;7719;15667
MG;3152501;Pouso Alegre;61024;5072;58566;5953;119590;11025;66096;64519;130615
MG;3152600;Pouso Alto;1876;1202;1782;1353;3658;2555;3078;3135;6213
MG;3152709;Prados;2996;1183;2940;1272;5936;2455;4179;4212;8391
MG;3152808;Prata;9625;2904;9756;3517;19381;6421;12529;13273;25802
MG;3152907;Pratápolis;3895;456;3898;558;7793;1014;4351;4456;8807
MG;3153004;Pratinha;896;670;863;836;1759;1506;1566;1699;3265
MG;3153103;Presidente Bernardes;894;1863;748;2032;1642;3895;2757;2780;5537
MG;3153202;Presidente Juscelino;938;974;908;1088;1846;2062;1912;1996;3908
MG;3153301;Presidente Kubitschek;1020;446;997;496;2017;942;1466;1493;2959
MG;3153400;Presidente Olegário;6582;2462;6568;2965;13150;5427;9044;9533;18577
MG;3153509;Alto Jequitibá;2207;1862;2093;2156;4300;4018;4069;4249;8318
MG;3153608;Prudente de Morais;4670;167;4529;207;9199;374;4837;4736;9573
MG;3153707;Quartel Geral;1389;231;1377;306;2766;537;1620;1683;3303
MG;3153806;Queluzito;416;488;431;526;847;1014;904;957;1861
MG;3153905;Raposos;7551;405;7001;385;14552;790;7956;7386;15342
MG;3154002;Raul Soares;8099;3990;7385;4344;15484;8334;12089;11729;23818
MG;3154101;Recreio;4735;564;4338;662;9073;1226;5299;5000;10299
MG;3154150;Reduto;1834;1355;1814;1566;3648;2921;3189;3380;6569
MG;3154200;Resende Costa;4560;980;4216;1157;8776;2137;5540;5373;10913
MG;3154309;Resplendor;6714;2006;6118;2251;12832;4257;8720;8369;17089
MG;3154408;Ressaquinha;1549;813;1474;875;3023;1688;2362;2349;4711
MG;3154457;Riachinho;2235;1590;2200;1982;4435;3572;3825;4182;8007
MG;3154507;Riacho dos Machados;2248;2357;2251;2504;4499;4861;4605;4755;9360
MG;3154606;Ribeirão das Neves;148255;1080;145898;1084;294153;2164;149335;146982;296317
MG;3154705;Ribeirão Vermelho;1852;132;1691;151;3543;283;1984;1842;3826
MG;3154804;Rio Acima;4064;557;3880;589;7944;1146;4621;4469;9090
MG;3154903;Rio Casca;5960;1393;5374;1474;11334;2867;7353;6848;14201
MG;3155009;Rio Doce;854;382;799;430;1653;812;1236;1229;2465
MG;3155108;Rio do Prado;1386;1154;1344;1333;2730;2487;2540;2677;5217
MG;3155207;Rio Espera;1272;1729;1131;1938;2403;3667;3001;3069;6070
MG;3155306;Rio Manso;1372;1131;1438;1335;2810;2466;2503;2773;5276
MG;3155405;Rio Novo;3800;539;3739;634;7539;1173;4339;4373;8712
MG;3155504;Rio Paranaíba;3682;2112;3606;2485;7288;4597;5794;6091;11885
MG;3155603;Rio Pardo de Minas;5963;8304;5729;9103;11692;17407;14267;14832;29099
MG;3155702;Rio Piracicaba;5814;1420;5458;1457;11272;2877;7234;6915;14149
MG;3155801;Rio Pomba;7378;1223;7076;1433;14454;2656;8601;8509;17110
MG;3155900;Rio Preto;2259;362;2192;479;4451;841;2621;2671;5292
MG;3156007;Rio Vermelho;2905;4018;2576;4146;5481;8164;6923;6722;13645
MG;3156106;Ritápolis;1765;726;1642;792;3407;1518;2491;2434;4925
MG;3156205;Rochedo de Minas;939;91;975;111;1914;202;1030;1086;2116
MG;3156304;Rodeiro;2796;613;2760;698;5556;1311;3409;3458;6867
MG;3156403;Romaria;1315;414;1400;467;2715;881;1729;1867;3596
MG;3156452;Rosário da Limeira;1144;920;1152;1031;2296;1951;2064;2183;4247
MG;3156502;Rubelita;1293;2480;1223;2776;2516;5256;3773;3999;7772
MG;3156601;Rubim;3887;970;3816;1246;7703;2216;4857;5062;9919
MG;3156700;Sabará;64004;1437;59080;1748;123084;3185;65441;60828;126269
MG;3156809;Sabinópolis;5281;2648;4855;2920;10136;5568;7929;7775;15704
MG;3156908;Sacramento;9706;2061;9569;2560;19275;4621;11767;12129;23896
MG;3157005;Salinas;15876;4028;14840;4434;30716;8462;19904;19274;39178
MG;3157104;Salto da Divisa;2887;466;2862;644;5749;1110;3353;3506;6859
MG;3157203;Santa Bárbara;12690;1516;12104;1566;24794;3082;14206;13670;27876
MG;3157252;Santa Bárbara do Leste;1968;1792;2006;1916;3974;3708;3760;3922;7682
MG;3157278;Santa Bárbara do Monte Verde;817;516;793;662;1610;1178;1333;1455;2788
MG;3157302;Santa Bárbara do Tugúrio;1129;1118;1058;1265;2187;2383;2247;2323;4570
MG;3157336;Santa Cruz de Minas;4011;0;3854;0;7865;0;4011;3854;7865
MG;3157377;Santa Cruz de Salinas;572;1551;579;1695;1151;3246;2123;2274;4397
MG;3157401;Santa Cruz do Escalvado;863;1621;867;1641;1730;3262;2484;2508;4992
MG;3157500;Santa Efigênia de Minas;1607;728;1446;819;3053;1547;2335;2265;4600
MG;3157609;Santa Fé de Minas;1154;726;1137;951;2291;1677;1880;2088;3968
MG;3157658;Santa Helena de Minas;1891;1108;1878;1178;3769;2286;2999;3056;6055
MG;3157708;Santa Juliana;4817;689;4978;853;9795;1542;5506;5831;11337
MG;3157807;Santa Luzia;104176;281;98202;283;202378;564;104457;98485;202942
MG;3157906;Santa Margarida;3862;3566;3764;3819;7626;7385;7428;7583;15011
MG;3158003;Santa Maria de Itabira;3294;2022;3042;2194;6336;4216;5316;5236;10552
MG;3158102;Santa Maria do Salto;1887;678;1855;864;3742;1542;2565;2719;5284
MG;3158201;Santa Maria do Suaçuí;5556;1685;5166;1988;10722;3673;7241;7154;14395
MG;3158300;Santana da Vargem;2687;919;2591;1034;5278;1953;3606;3625;7231
MG;3158409;Santana de Cataguases;1481;323;1436;382;2917;705;1804;1818;3622
MG;3158508;Santana de Pirapama;1726;2154;1605;2524;3331;4678;3880;4129;8009
MG;3158607;Santana do Deserto;736;1177;668;1279;1404;2456;1913;1947;3860
MG;3158706;Santana do Garambéu;803;260;849;322;1652;582;1063;1171;2234
MG;3158805;Santana do Jacaré;2214;74;2214;105;4428;179;2288;2319;4607
MG;3158904;Santana do Manhuaçu;2071;2118;2071;2322;4142;4440;4189;4393;8582
MG;3158953;Santana do Paraíso;12634;968;12617;1046;25251;2014;13602;13663;27265
MG;3159001;Santana do Riacho;1153;852;1126;892;2279;1744;2005;2018;4023
MG;3159100;Santana dos Montes;1154;707;1138;823;2292;1530;1861;1961;3822
MG;3159209;Santa Rita de Caldas;2869;1555;2786;1817;5655;3372;4424;4603;9027
MG;3159308;Santa Rita de Jacutinga;1924;533;1830;706;3754;1239;2457;2536;4993
MG;3159357;Santa Rita de Minas;2410;840;2364;933;4774;1773;3250;3297;6547
MG;3159407;Santa Rita de Ibitipoca;1122;615;1111;735;2233;1350;1737;1846;3583
MG;3159506;Santa Rita do Itueto;1149;1619;1161;1768;2310;3387;2768;2929;5697
MG;3159605;Santa Rita do Sapucaí;16445;2446;16013;2850;32458;5296;18891;18863;37754
MG;3159704;Santa Rosa da Serra;969;564;1004;687;1973;1251;1533;1691;3224
MG;3159803;Santa Vitória;7287;1443;7639;1769;14926;3212;8730;9408;18138
MG;3159902;Santo Antônio do Amparo;7752;1006;7435;1152;15187;2158;8758;8587;17345
MG;3160009;Santo Antônio do Aventureiro;1185;545;1192;616;2377;1161;1730;1808;3538
MG;3160108;Santo Antônio do Grama;1718;334;1647;386;3365;720;2052;2033;4085
MG;3160207;Santo Antônio do Itambé;649;1418;581;1487;1230;2905;2067;2068;4135
MG;3160306;Santo Antônio do Jacinto;3214;2534;3144;2883;6358;5417;5748;6027;11775
MG;3160405;Santo Antônio do Monte;11099;1679;11094;2103;22193;3782;12778;13197;25975
MG;3160454;Santo Antônio do Retiro;838;2591;752;2774;1590;5365;3429;3526;6955
MG;3160504;Santo Antônio do Rio Abaixo;466;422;422;467;888;889;888;889;1777
MG;3160603;Santo Hipólito;1146;471;1103;518;2249;989;1617;1621;3238
MG;3160702;Santos Dumont;21487;2301;19833;2663;41320;4964;23788;22496;46284
MG;3160801;São Bento Abade;2031;161;2207;178;4238;339;2192;2385;4577
MG;3160900;São Brás do Suaçuí;1597;186;1532;198;3129;384;1783;1730;3513
MG;3160959;São Domingos das Dores;1286;1374;1292;1456;2578;2830;2660;2748;5408
MG;3161007;São Domingos do Prata;5523;3394;4982;3458;10505;6852;8917;8440;17357
MG;3161056;São Félix de Minas;1065;583;1024;710;2089;1293;1648;1734;3382
MG;3161106;São Francisco;17405;9145;16799;10479;34204;19624;26550;27278;53828
MG;3161205;São Francisco de Paula;2350;853;2301;979;4651;1832;3203;3280;6483
MG;3161304;São Francisco de Sales;2132;672;2200;772;4332;1444;2804;2972;5776
MG;3161403;São Francisco do Glória;1572;951;1560;1095;3132;2046;2523;2655;5178
MG;3161502;São Geraldo;3650;1395;3620;1598;7270;2993;5045;5218;10263
MG;3161601;São Geraldo da Piedade;573;1680;481;1655;1054;3335;2253;2136;4389
MG;3161650;São Geraldo do Baixio;1240;486;1200;560;2440;1046;1726;1760;3486
MG;3161700;São Gonçalo do Abaeté;2065;958;2103;1138;4168;2096;3023;3241;6264
MG;3161809;São Gonçalo do Pará;4025;1146;3935;1292;7960;2438;5171;5227;10398
MG;3161908;São Gonçalo do Rio Abaixo;2359;2546;2290;2582;4649;5128;4905;4872;9777
MG;3162005;São Gonçalo do Sapucaí;10088;1894;9654;2270;19742;4164;11982;11924;23906
MG;3162104;São Gotardo;14958;765;15103;993;30061;1758;15723;16096;31819
MG;3162203;São João Batista do Glória;2761;568;2846;712;5607;1280;3329;3558;6887
MG;3162252;São João da Lagoa;1223;995;1212;1226;2435;2221;2218;2438;4656
MG;3162302;São João da Mata;874;457;878;522;1752;979;1331;1400;2731
MG;3162401;São João da Ponte;4299;7936;4357;8766;8656;16702;12235;13123;25358
MG;3162450;São João das Missões;1220;4447;1226;4822;2446;9269;5667;6048;11715
MG;3162500;São João del Rei;41875;2045;37982;2567;79857;4612;43920;40549;84469
MG;3162559;São João do Manhuaçu;2431;2600;2375;2839;4806;5439;5031;5214;10245
MG;3162575;São João do Manteninha;1483;1150;1422;1133;2905;2283;2633;2555;5188
MG;3162609;São João do Oriente;3235;732;3090;817;6325;1549;3967;3907;7874
MG;3162658;São João do Pacuí;982;986;939;1153;1921;2139;1968;2092;4060
MG;3162708;São João do Paraíso;5254;5902;4981;6182;10235;12084;11156;11163;22319
MG;3162807;São João Evangelista;5265;2674;4843;2771;10108;5445;7939;7614;15553
MG;3162906;São João Nepomuceno;12357;519;11478;703;23835;1222;12876;12181;25057
MG;3162922;São Joaquim de Bicas;9319;2477;9280;4461;18599;6938;11796;13741;25537
MG;3162948;São José da Barra;2398;871;2496;1013;4894;1884;3269;3509;6778
MG;3162955;São José da Lapa;5820;4153;5580;4246;11400;8399;9973;9826;19799
MG;3163003;São José da Safira;1507;541;1438;589;2945;1130;2048;2027;4075
MG;3163102;São José da Varginha;1208;857;1164;969;2372;1826;2065;2133;4198
MG;3163201;São José do Alegre;1494;526;1407;569;2901;1095;2020;1976;3996
MG;3163300;São José do Divino;1413;531;1312;578;2725;1109;1944;1890;3834
MG;3163409;São José do Goiabal;1946;958;1743;989;3689;1947;2904;2732;5636
MG;3163508;São José do Jacuri;1042;2180;964;2367;2006;4547;3222;3331;6553
MG;3163607;São José do Mantimento;743;558;706;585;1449;1143;1301;1291;2592
MG;3163706;São Lourenço;21899;0;19758;0;41657;0;21899;19758;41657
MG;3163805;São Miguel do Anta;1917;1407;1829;1607;3746;3014;3324;3436;6760
MG;3163904;São Pedro da União;1360;1033;1421;1226;2781;2259;2393;2647;5040
MG;3164001;São Pedro dos Ferros;3494;735;3289;838;6783;1573;4229;4127;8356
MG;3164100;São Pedro do Suaçuí;1208;1616;1094;1652;2302;3268;2824;2746;5570
MG;3164209;São Romão;3313;1724;3156;2083;6469;3807;5037;5239;10276
MG;3164308;São Roque de Minas;2108;1095;2114;1369;4222;2464;3203;3483;6686
MG;3164407;São Sebastião da Bela Vista;1427;942;1462;1117;2889;2059;2369;2579;4948
MG;3164431;São Sebastião da Vargem Alegre;779;560;824;635;1603;1195;1339;1459;2798
MG;3164472;São Sebastião do Anta;2089;727;2121;802;4210;1529;2816;2923;5739
MG;3164506;São Sebastião do Maranhão;1738;3538;1512;3859;3250;7397;5276;5371;10647
MG;3164605;São Sebastião do Oeste;1578;1197;1669;1361;3247;2558;2775;3030;5805
MG;3164704;São Sebastião do Paraíso;30562;2236;29391;2791;59953;5027;32798;32182;64980
MG;3164803;São Sebastião do Rio Preto;466;375;410;362;876;737;841;772;1613
MG;3164902;São Sebastião do Rio Verde;679;383;642;406;1321;789;1062;1048;2110
MG;3165008;São Tiago;4280;981;4191;1109;8471;2090;5261;5300;10561
MG;3165107;São Tomás de Aquino;2801;734;2721;837;5522;1571;3535;3558;7093
MG;3165206;São Thomé das Letras;1856;1260;2001;1538;3857;2798;3116;3539;6655
MG;3165305;São Vicente de Minas;3053;561;2887;507;5940;1068;3614;3394;7008
MG;3165404;Sapucaí-Mirim;1905;1132;1878;1326;3783;2458;3037;3204;6241
MG;3165503;Sardoá;1034;1746;963;1851;1997;3597;2780;2814;5594
MG;3165537;Sarzedo;12815;128;12717;154;25532;282;12943;12871;25814
MG;3165552;Setubinha;1487;4048;1315;4035;2802;8083;5535;5350;10885
MG;3165560;Sem-Peixe;769;674;738;666;1507;1340;1443;1404;2847
MG;3165578;Senador Amaral;1491;952;1610;1166;3101;2118;2443;2776;5219
MG;3165602;Senador Cortes;765;238;747;238;1512;476;1003;985;1988
MG;3165701;Senador Firmino;2396;1181;2287;1366;4683;2547;3577;3653;7230
MG;3165800;Senador José Bento;340;524;343;661;683;1185;864;1004;1868
MG;3165909;Senador Modestino Gonçalves;938;1319;865;1452;1803;2771;2257;2317;4574
MG;3166006;Senhora de Oliveira;1641;1194;1615;1233;3256;2427;2835;2848;5683
MG;3166105;Senhora do Porto;677;1055;609;1156;1286;2211;1732;1765;3497
MG;3166204;Senhora dos Remédios;1804;3240;1626;3526;3430;6766;5044;5152;10196
MG;3166303;Sericita;1864;1617;1854;1793;3718;3410;3481;3647;7128
MG;3166402;Seritinga;737;134;746;172;1483;306;871;918;1789
MG;3166501;Serra Azul de Minas;890;1209;820;1301;1710;2510;2099;2121;4220
MG;3166600;Serra da Saudade;260;125;267;163;527;288;385;430;815
MG;3166709;Serra dos Aimorés;3456;784;3318;854;6774;1638;4240;4172;8412
MG;3166808;Serra do Salitre;3889;1238;3866;1556;7755;2794;5127;5422;10549
MG;3166907;Serrania;3295;444;3281;522;6576;966;3739;3803;7542
MG;3166956;Serranópolis de Minas;896;1298;832;1399;1728;2697;2194;2231;4425
MG;3167004;Serranos;774;222;769;230;1543;452;996;999;1995
MG;3167103;Serro;6676;3785;6219;4155;12895;7940;10461;10374;20835
MG;3167202;Sete Lagoas;107693;2468;101263;2728;208956;5196;110161;103991;214152
MG;3167301;Silveirânia;715;329;714;434;1429;763;1044;1148;2192
MG;3167400;Silvianópolis;1824;1075;1821;1307;3645;2382;2899;3128;6027
MG;3167509;Simão Pereira;776;513;720;528;1496;1041;1289;1248;2537
MG;3167608;Simonésia;3543;5289;3553;5913;7096;11202;8832;9466;18298
MG;3167707;Sobrália;2155;818;1974;883;4129;1701;2973;2857;5830
MG;3167806;Soledade de Minas;1945;892;1816;1023;3761;1915;2837;2839;5676
MG;3167905;Tabuleiro;1390;642;1311;736;2701;1378;2032;2047;4079
MG;3168002;Taiobeiras;12969;2831;12091;3026;25060;5857;15800;15117;30917
MG;3168051;Taparuba;690;831;715;901;1405;1732;1521;1616;3137
MG;3168101;Tapira;1322;576;1422;792;2744;1368;1898;2214;4112
MG;3168200;Tapiraí;527;344;558;444;1085;788;871;1002;1873
MG;3168309;Taquaraçu de Minas;855;912;900;1127;1755;2039;1767;2027;3794
MG;3168408;Tarumirim;4135;3056;3884;3218;8019;6274;7191;7102;14293
MG;3168507;Teixeiras;4010;1802;3613;1930;7623;3732;5812;5543;11355
MG;3168606;Teófilo Otoni;58540;11739;51536;12930;110076;24669;70279;64466;134745
MG;3168705;Timóteo;41992;58;39132;61;81124;119;42050;39193;81243
MG;3168804;Tiradentes;2753;768;2623;817;5376;1585;3521;3440;6961
MG;3168903;Tiros;2510;859;2305;1232;4815;2091;3369;3537;6906
MG;3169000;Tocantins;6584;1345;6325;1569;12909;2914;7929;7894;15823
MG;3169059;Tocos do Moji;491;1315;527;1617;1018;2932;1806;2144;3950
MG;3169109;Toledo;1072;1649;1118;1925;2190;3574;2721;3043;5764
MG;3169208;Tombos;3874;880;3728;1055;7602;1935;4754;4783;9537
MG;3169307;Três Corações;33645;3017;32181;3922;65826;6939;36662;36103;72765
MG;3169356;Três Marias;13614;630;13226;848;26840;1478;14244;14074;28318
MG;3169406;Três Pontas;23606;3549;22674;4031;46280;7580;27155;26705;53860
MG;3169505;Tumiritinga;2224;871;2099;1099;4323;1970;3095;3198;6293
MG;3169604;Tupaciguara;11149;955;10893;1191;22042;2146;12104;12084;24188
MG;3169703;Turmalina;6493;2394;6433;2735;12926;5129;8887;9168;18055
MG;3169802;Turvolândia;1445;804;1465;944;2910;1748;2249;2409;4658
MG;3169901;Ubá;49470;1791;48166;2092;97636;3883;51261;50258;101519
MG;3170008;Ubaí;2868;2834;2797;3182;5665;6016;5702;5979;11681
MG;3170057;Ubaporanga;3259;2696;3175;2910;6434;5606;5955;6085;12040
MG;3170107;Uberaba;148736;2791;140640;3821;289376;6612;151527;144461;295988
MG;3170206;Uberlândia;301655;7444;285611;9303;587266;16747;309099;294914;604013
MG;3170305;Umburatiba;761;545;797;602;1558;1147;1306;1399;2705
MG;3170404;Unaí;31584;6676;30745;8560;62329;15236;38260;39305;77565
MG;3170438;União de Minas;1268;738;1458;954;2726;1692;2006;2412;4418
MG;3170479;Uruana de Minas;944;664;874;753;1818;1417;1608;1627;3235
MG;3170503;Urucânia;4088;1118;3858;1227;7946;2345;5206;5085;10291
MG;3170529;Urucuia;3182;3392;2983;4047;6165;7439;6574;7030;13604
MG;3170578;Vargem Alegre;2389;777;2382;913;4771;1690;3166;3295;6461
MG;3170602;Vargem Bonita;567;451;575;570;1142;1021;1018;1145;2163
MG;3170651;Vargem Grande do Rio Pardo;1187;1118;1234;1194;2421;2312;2305;2428;4733
MG;3170701;Varginha;61230;1894;57831;2126;119061;4020;63124;59957;123081
MG;3170750;Varjão de Minas;2411;473;2610;560;5021;1033;2884;3170;6054
MG;3170800;Várzea da Palma;15625;2034;15688;2462;31313;4496;17659;18150;35809
MG;3170909;Varzelândia;4462;4889;4442;5323;8904;10212;9351;9765;19116
MG;3171006;Vazante;8036;1758;7883;2046;15919;3804;9794;9929;19723
MG;3171030;Verdelândia;2344;1728;2418;1856;4762;3584;4072;4274;8346
MG;3171071;Veredinha;1854;804;1915;976;3769;1780;2658;2891;5549
MG;3171105;Veríssimo;1031;674;1006;772;2037;1446;1705;1778;3483
MG;3171154;Vermelho Novo;917;1345;935;1492;1852;2837;2262;2427;4689
MG;3171204;Vespasiano;53521;0;51006;0;104527;0;53521;51006;104527
MG;3171303;Viçosa;34886;2333;32419;2582;67305;4915;37219;35001;72220
MG;3171402;Vieiras;924;907;929;971;1853;1878;1831;1900;3731
MG;3171501;Mathias Lobato;1554;141;1506;169;3060;310;1695;1675;3370
MG;3171600;Virgem da Lapa;3608;3248;3232;3531;6840;6779;6856;6763;13619
MG;3171709;Virgínia;2105;2210;1831;2477;3936;4687;4315;4308;8623
MG;3171808;Virginópolis;3218;2139;2990;2225;6208;4364;5357;5215;10572
MG;3171907;Virgolândia;1769;1101;1633;1155;3402;2256;2870;2788;5658
MG;3172004;Visconde do Rio Branco;16115;3126;15265;3436;31380;6562;19241;18701;37942
MG;3172103;Volta Grande;1985;608;1817;660;3802;1268;2593;2477;5070
MG;3172202;Wenceslau Braz;639;626;631;657;1270;1283;1265;1288;2553
MS;5000203;Água Clara;4749;2130;4849;2696;9598;4826;6879;7545;14424
MS;5000252;Alcinópolis;1530;607;1606;826;3136;1433;2137;2432;4569
MS;5000609;Amambaí;11336;6019;11039;6336;22375;12355;17355;17375;34730
MS;5000708;Anastácio;9984;1940;9690;2221;19674;4161;11924;11911;23835
MS;5000807;Anaurilândia;2216;1964;2106;2207;4322;4171;4180;4313;8493
MS;5000856;Angélica;3788;701;3903;793;7691;1494;4489;4696;9185
MS;5000906;Antônio João;3464;636;3364;744;6828;1380;4100;4108;8208
MS;5001003;Aparecida do Taboado;10186;982;9910;1242;20096;2224;11168;11152;22320
MS;5001102;Aquidauana;18353;4410;17573;5278;35926;9688;22763;22851;45614
MS;5001243;Aral Moreira;2689;2296;2668;2598;5357;4894;4985;5266;10251
MS;5001508;Bandeirantes;2255;895;2277;1182;4532;2077;3150;3459;6609
MS;5001904;Bataguassu;7539;2210;7700;2390;15239;4600;9749;10090;19839
MS;5002001;Batayporã;4263;1254;4068;1351;8331;2605;5517;5419;10936
MS;5002100;Bela Vista;9513;1948;9414;2306;18927;4254;11461;11720;23181
MS;5002159;Bodoquena;2862;1010;2915;1198;5777;2208;3872;4113;7985
MS;5002209;Bonito;8182;1527;7977;1901;16159;3428;9709;9878;19587
MS;5002308;Brasilândia;4053;1728;3960;2085;8013;3813;5781;6045;11826
MS;5002407;Caarapó;9172;3677;9137;3781;18309;7458;12849;12918;25767
MS;5002605;Camapuã;4845;1713;4952;2115;9797;3828;6558;7067;13625
MS;5002704;Campo Grande;400994;4470;375248;6085;776242;10555;405464;381333;786797
MS;5002803;Caracol;1626;1008;1612;1152;3238;2160;2634;2764;5398
MS;5002902;Cassilândia;9623;879;9385;1079;19008;1958;10502;10464;20966
MS;5002951;Chapadão do Sul;8102;1269;8675;1602;16777;2871;9371;10277;19648
MS;5003108;Corguinho;928;1305;944;1685;1872;2990;2233;2629;4862
MS;5003157;Coronel Sapucaia;5248;1863;4960;1993;10208;3856;7111;6953;14064
MS;5003207;Corumbá;47320;4098;46132;6153;93452;10251;51418;52285;103703
MS;5003256;Costa Rica;8204;1245;8644;1602;16848;2847;9449;10246;19695
MS;5003306;Coxim;14666;1352;14479;1662;29145;3014;16018;16141;32159
MS;5003454;Deodápolis;5028;984;5019;1108;10047;2092;6012;6127;12139
MS;5003488;Dois Irmãos do Buriti;2332;2500;2373;3158;4705;5658;4832;5531;10363
MS;5003504;Douradina;1645;997;1641;1081;3286;2078;2642;2722;5364
MS;5003702;Dourados;92450;7311;88555;7719;181005;15030;99761;96274;196035
MS;5003751;Eldorado;4790;1121;4558;1225;9348;2346;5911;5783;11694
MS;5003801;Fátima do Sul;8692;980;8275;1088;16967;2068;9672;9363;19035
MS;5003900;Figueirão;755;620;775;778;1530;1398;1375;1553;2928
MS;5004007;Glória de Dourados;3947;1086;3723;1171;7670;2257;5033;4894;9927
MS;5004106;Guia Lopes da Laguna;4461;697;4324;884;8785;1581;5158;5208;10366
MS;5004304;Iguatemi;5668;1780;5338;2089;11006;3869;7448;7427;14875
MS;5004403;Inocência;2432;1273;2439;1525;4871;2798;3705;3964;7669
MS;5004502;Itaporã;6695;3763;6595;3812;13290;7575;10458;10407;20865
MS;5004601;Itaquiraí;3879;5023;3721;5991;7600;11014;8902;9712;18614
MS;5004700;Ivinhema;8694;2378;8580;2689;17274;5067;11072;11269;22341
MS;5004809;Japorã;715;3108;685;3223;1400;6331;3823;3908;7731
MS;5004908;Jaraguari;906;2028;880;2527;1786;4555;2934;3407;6341
MS;5005004;Jardim;11509;707;11232;898;22741;1605;12216;12130;24346
MS;5005103;Jateí;916;1005;955;1135;1871;2140;1921;2090;4011
MS;5005152;Juti;1963;927;1962;1048;3925;1975;2890;3010;5900
MS;5005202;Ladário;9346;442;9241;588;18587;1030;9788;9829;19617
MS;5005251;Laguna Carapã;1373;1823;1364;1931;2737;3754;3196;3295;6491
MS;5005400;Maracaju;15847;2171;16377;3010;32224;5181;18018;19387;37405
MS;5005608;Miranda;7727;4647;7840;5381;15567;10028;12374;13221;25595
MS;5005681;Mundo Novo;7930;853;7341;919;15271;1772;8783;8260;17043
MS;5005707;Naviraí;21586;1612;21269;1957;42855;3569;23198;23226;46424
MS;5005806;Nioaque;3507;3337;3550;3997;7057;7334;6844;7547;14391
MS;5006002;Nova Alvorada do Sul;6064;1890;6222;2256;12286;4146;7954;8478;16432
MS;5006200;Nova Andradina;19745;3107;19041;3692;38786;6799;22852;22733;45585
MS;5006259;Novo Horizonte do Sul;1354;1073;1306;1207;2660;2280;2427;2513;4940
MS;5006275;Paraíso das Águas;;;;;;;;;
MS;5006309;Paranaíba;18219;2016;17535;2422;35754;4438;20235;19957;40192
MS;5006358;Paranhos;3155;2934;3108;3153;6263;6087;6089;6261;12350
MS;5006408;Pedro Gomes;3015;803;3133;1016;6148;1819;3818;4149;7967
MS;5006606;Ponta Porã;31939;7441;30128;8364;62067;15805;39380;38492;77872
MS;5006903;Porto Murtinho;4986;2152;5073;3161;10059;5313;7138;8234;15372
MS;5007109;Ribas do Rio Pardo;6425;3539;6540;4442;12965;7981;9964;10982;20946
MS;5007208;Rio Brilhante;12087;2865;12470;3241;24557;6106;14952;15711;30663
MS;5007307;Rio Negro;1822;610;1843;761;3665;1371;2432;2604;5036
MS;5007406;Rio Verde de Mato Grosso;8224;1180;8073;1413;16297;2593;9404;9486;18890
MS;5007505;Rochedo;1433;922;1456;1117;2889;2039;2355;2573;4928
MS;5007554;Santa Rita do Pardo;1753;1701;1769;2036;3522;3737;3454;3805;7259
MS;5007695;São Gabriel do Oeste;9678;1325;9622;1578;19300;2903;11003;11200;22203
MS;5007703;Sete Quedas;4487;812;4487;994;8974;1806;5299;5481;10780
MS;5007802;Selvíria;2392;680;2380;835;4772;1515;3072;3215;6287
MS;5007901;Sidrolândia;14006;6611;13777;7738;27783;14349;20617;21515;42132
MS;5007935;Sonora;6375;622;7026;810;13401;1432;6997;7836;14833
MS;5007950;Tacuru;1887;3054;1880;3394;3767;6448;4941;5274;10215
MS;5007976;Taquarussu;1217;494;1237;570;2454;1064;1711;1807;3518
MS;5008008;Terenos;3619;4381;3656;5490;7275;9871;8000;9146;17146
MS;5008305;Três Lagoas;49193;2075;47876;2647;97069;4722;51268;50523;101791
MS;5008404;Vicentina;2168;774;2075;884;4243;1658;2942;2959;5901
MT;5100102;Acorizal;1445;1171;1482;1418;2927;2589;2616;2900;5516
MT;5100201;Água Boa;8245;1679;8514;2418;16759;4097;9924;10932;20856
MT;5100250;Alta Floresta;21216;2959;21502;3487;42718;6446;24175;24989;49164
MT;5100300;Alto Araguaia;6853;780;6968;1043;13821;1823;7633;8011;15644
MT;5100359;Alto Boa Vista;1572;943;1606;1126;3178;2069;2515;2732;5247
MT;5100409;Alto Garças;4572;340;4883;555;9455;895;4912;5438;10350
MT;5100508;Alto Paraguai;3109;1544;3274;2139;6383;3683;4653;5413;10066
MT;5100607;Alto Taquari;3476;319;3847;430;7323;749;3795;4277;8072
MT;5100805;Apiacás;3008;896;3369;1294;6377;2190;3904;4663;8567
MT;5101001;Araguaiana;1094;466;1095;542;2189;1008;1560;1637;3197
MT;5101209;Araguainha;451;60;493;92;944;152;511;585;1096
MT;5101258;Araputanga;6257;1502;5928;1655;12185;3157;7759;7583;15342
MT;5101308;Arenápolis;4879;246;4871;320;9750;566;5125;5191;10316
MT;5101407;Aripuanã;5534;3045;6147;3930;11681;6975;8579;10077;18656
MT;5101605;Barão de Melgaço;1648;1809;1774;2360;3422;4169;3457;4134;7591
MT;5101704;Barra do Bugres;12660;2582;13336;3215;25996;5797;15242;16551;31793
MT;5101803;Barra do Garças;25814;2568;25133;3045;50947;5613;28382;28178;56560
MT;5101852;Bom Jesus do Araguaia;1269;1189;1379;1477;2648;2666;2458;2856;5314
MT;5101902;Brasnorte;4830;2242;5208;3077;10038;5319;7072;8285;15357
MT;5102504;Cáceres;38794;5050;37774;6324;76568;11374;43844;44098;87942
MT;5102603;Campinápolis;2343;4556;2477;4929;4820;9485;6899;7406;14305
MT;5102637;Campo Novo do Parecis;12260;815;13324;1178;25584;1993;13075;14502;27577
MT;5102678;Campo Verde;12492;2815;12980;3302;25472;6117;15307;16282;31589
MT;5102686;Campos de Júlio;1966;523;2048;617;4014;1140;2489;2665;5154
MT;5102694;Canabrava do Norte;1319;918;1372;1177;2691;2095;2237;2549;4786
MT;5102702;Canarana;7266;1838;7539;2111;14805;3949;9104;9650;18754
MT;5102793;Carlinda;2250;2923;2325;3492;4575;6415;5173;5817;10990
MT;5102850;Castanheira;1966;1920;1955;2390;3921;4310;3886;4345;8231
MT;5103007;Chapada dos Guimarães;5551;2976;5486;3808;11037;6784;8527;9294;17821
MT;5103056;Cláudia;4141;1159;4301;1427;8442;2586;5300;5728;11028
MT;5103106;Cocalinho;1789;804;1858;1039;3647;1843;2593;2897;5490
MT;5103205;Colíder;12572;2642;12442;3110;25014;5752;15214;15552;30766
MT;5103254;Colniza;7249;5048;7738;6346;14987;11394;12297;14084;26381
MT;5103304;Comodoro;6214;2588;6368;3008;12582;5596;8802;9376;18178
MT;5103353;Confresa;6873;4904;7356;5991;14229;10895;11777;13347;25124
MT;5103361;Conquista D'Oeste;965;632;1088;700;2053;1332;1597;1788;3385
MT;5103379;Cotriguaçu;2512;4494;2620;5357;5132;9851;7006;7977;14983
MT;5103403;Cuiabá;277304;4590;263510;5694;540814;10284;281894;269204;551098
MT;5103437;Curvelândia;1427;905;1467;1067;2894;1972;2332;2534;4866
MT;5103452;Denise;3582;548;3710;683;7292;1231;4130;4393;8523
MT;5103502;Diamantino;7872;1957;8023;2489;15895;4446;9829;10512;20341
MT;5103601;Dom Aquino;3265;684;3293;929;6558;1613;3949;4222;8171
MT;5103700;Feliz Natal;3979;1374;4144;1436;8123;2810;5353;5580;10933
MT;5103809;Figueirópolis D'Oeste;1019;841;991;945;2010;1786;1860;1936;3796
MT;5103858;Gaúcha do Norte;1027;1823;1169;2274;2196;4097;2850;3443;6293
MT;5103908;General Carneiro;1171;1212;1187;1457;2358;2669;2383;2644;5027
MT;5103957;Glória D'Oeste;1081;459;1066;529;2147;988;1540;1595;3135
MT;5104104;Guarantã do Norte;11912;3793;12028;4483;23940;8276;15705;16511;32216
MT;5104203;Guiratinga;5651;996;5816;1471;11467;2467;6647;7287;13934
MT;5104500;Indiavaí;872;276;909;340;1781;616;1148;1249;2397
MT;5104526;Ipiranga do Norte;1605;723;1870;925;3475;1648;2328;2795;5123
MT;5104542;Itanhangá;1487;908;1684;1197;3171;2105;2395;2881;5276
MT;5104559;Itaúba;1792;385;1922;476;3714;861;2177;2398;4575
MT;5104609;Itiquira;2106;3147;2336;3889;4442;7036;5253;6225;11478
MT;5104807;Jaciara;11760;906;11863;1118;23623;2024;12666;12981;25647
MT;5104906;Jangada;1489;2244;1457;2506;2946;4750;3733;3963;7696
MT;5105002;Jauru;3164;2032;3007;2252;6171;4284;5196;5259;10455
MT;5105101;Juara;12797;3038;13223;3733;26020;6771;15835;16956;32791
MT;5105150;Juína;16739;2380;17221;2915;33960;5295;19119;20136;39255
MT;5105176;Juruena;3340;2053;3461;2347;6801;4400;5393;5808;11201
MT;5105200;Juscimeira;4169;1301;4332;1628;8501;2929;5470;5960;11430
MT;5105234;Lambari D'Oeste;1427;1152;1468;1384;2895;2536;2579;2852;5431
MT;5105259;Lucas do Rio Verde;20201;1339;22254;1762;42455;3101;21540;24016;45556
MT;5105309;Luciára;998;80;1031;115;2029;195;1078;1146;2224
MT;5105507;Vila Bela da Santíssima Trindade;2582;4346;2584;4981;5166;9327;6928;7565;14493
MT;5105580;Marcelândia;3597;2041;3829;2539;7426;4580;5638;6368;12006
MT;5105606;Matupá;5388;1429;5539;1818;10927;3247;6817;7357;14174
MT;5105622;Mirassol d'Oeste;10838;1776;10632;2053;21470;3829;12614;12685;25299
MT;5105903;Nobres;6087;1085;6367;1463;12454;2548;7172;7830;15002
MT;5106000;Nortelândia;2622;504;2647;663;5269;1167;3126;3310;6436
MT;5106109;Nossa Senhora do Livramento;2115;3224;2127;4143;4242;7367;5339;6270;11609
MT;5106158;Nova Bandeirantes;1937;3328;2125;4253;4062;7581;5265;6378;11643
MT;5106174;Nova Nazaré;553;911;566;999;1119;1910;1464;1565;3029
MT;5106182;Nova Lacerda;1465;1055;1515;1401;2980;2456;2520;2916;5436
MT;5106190;Nova Santa Helena;969;688;1019;792;1988;1480;1657;1811;3468
MT;5106208;Nova Brasilândia;1771;415;1888;513;3659;928;2186;2401;4587
MT;5106216;Nova Canaã do Norte;3238;2436;3578;2875;6816;5311;5674;6453;12127
MT;5106224;Nova Mutum;12333;2517;13532;3267;25865;5784;14850;16799;31649
MT;5106232;Nova Olímpia;7712;747;8124;932;15836;1679;8459;9056;17515
MT;5106240;Nova Ubiratã;2710;1376;3220;1912;5930;3288;4086;5132;9218
MT;5106257;Nova Xavantina;7884;1731;7862;2166;15746;3897;9615;10028;19643
MT;5106265;Novo Mundo;1428;1988;1455;2461;2883;4449;3416;3916;7332
MT;5106273;Novo Horizonte do Norte;892;921;885;1051;1777;1972;1813;1936;3749
MT;5106281;Novo São Joaquim;1874;1027;1843;1298;3717;2325;2901;3141;6042
MT;5106299;Paranaíta;2780;2163;2872;2869;5652;5032;4943;5741;10684
MT;5106307;Paranatinga;7077;1903;7738;2572;14815;4475;8980;10310;19290
MT;5106315;Novo Santo Antônio;643;257;703;402;1346;659;900;1105;2005
MT;5106372;Pedra Preta;5672;1968;5711;2404;11383;4372;7640;8115;15755
MT;5106422;Peixoto de Azevedo;9850;4992;9954;6016;19804;11008;14842;15970;30812
MT;5106455;Planalto da Serra;1026;300;1028;372;2054;672;1326;1400;2726
MT;5106505;Poconé;11388;3872;11674;4845;23062;8717;15260;16519;31779
MT;5106653;Pontal do Araguaia;2222;397;2230;546;4452;943;2619;2776;5395
MT;5106703;Ponte Branca;726;123;783;136;1509;259;849;919;1768
MT;5106752;Pontes e Lacerda;17445;3041;17217;3705;34662;6746;20486;20922;41408
MT;5106778;Porto Alegre do Norte;2495;2516;2684;3053;5179;5569;5011;5737;10748
MT;5106802;Porto dos Gaúchos;1369;1220;1395;1465;2764;2685;2589;2860;5449
MT;5106828;Porto Esperidião;2009;3123;2194;3705;4203;6828;5132;5899;11031
MT;5106851;Porto Estrela;728;1018;738;1165;1466;2183;1746;1903;3649
MT;5107008;Poxoréo;5781;2560;6142;3116;11923;5676;8341;9258;17599
MT;5107040;Primavera do Leste;24307;1272;24964;1523;49271;2795;25579;26487;52066
MT;5107065;Querência;2882;3227;3090;3834;5972;7061;6109;6924;13033
MT;5107107;São José dos Quatro Marcos;7385;2112;7122;2379;14507;4491;9497;9501;18998
MT;5107156;Reserva do Cabaçal;800;450;822;500;1622;950;1250;1322;2572
MT;5107180;Ribeirão Cascalheira;2764;1509;2801;1807;5565;3316;4273;4608;8881
MT;5107198;Ribeirãozinho;775;298;779;347;1554;645;1073;1126;2199
MT;5107206;Rio Branco;2099;434;2046;491;4145;925;2533;2537;5070
MT;5107248;Santa Carmem;1484;454;1597;550;3081;1004;1938;2147;4085
MT;5107263;Santo Afonso;743;620;798;830;1541;1450;1363;1628;2991
MT;5107297;São José do Povo;846;820;888;1038;1734;1858;1666;1926;3592
MT;5107305;São José do Rio Claro;6408;1531;6760;2425;13168;3956;7939;9185;17124
MT;5107354;São José do Xingu;1816;600;1967;857;3783;1457;2416;2824;5240
MT;5107404;São Pedro da Cipa;1795;214;1908;241;3703;455;2009;2149;4158
MT;5107578;Rondolândia;457;1245;493;1409;950;2654;1702;1902;3604
MT;5107602;Rondonópolis;94243;3036;93785;4412;188028;7448;97279;98197;195476
MT;5107701;Rosário Oeste;5229;3035;5425;3990;10654;7025;8264;9415;17679
MT;5107743;Santa Cruz do Xingu;597;257;654;392;1251;649;854;1046;1900
MT;5107750;Salto do Céu;1106;785;1078;939;2184;1724;1891;2017;3908
MT;5107768;Santa Rita do Trivelato;665;464;702;660;1367;1124;1129;1362;2491
MT;5107776;Santa Terezinha;1444;2015;1530;2408;2974;4423;3459;3938;7397
MT;5107792;Santo Antônio do Leste;998;731;1121;904;2119;1635;1729;2025;3754
MT;5107800;Santo Antônio do Leverger;3553;5049;3607;6254;7160;11303;8602;9861;18463
MT;5107859;São Félix do Araguaia;3112;1951;3066;2496;6178;4447;5063;5562;10625
MT;5107875;Sapezal;7243;1075;7881;1895;15124;2970;8318;9776;18094
MT;5107883;Serra Nova Dourada;396;226;417;326;813;552;622;743;1365
MT;5107909;Sinop;46614;8920;47139;10426;93753;19346;55534;57565;113099
MT;5107925;Sorriso;28478;3776;29886;4381;58364;8157;32254;34267;66521
MT;5107941;Tabaporã;2556;2068;2687;2621;5243;4689;4624;5308;9932
MT;5107958;Tangará da Serra;38073;3368;37848;4142;75921;7510;41441;41990;83431
MT;5108006;Tapurah;3123;1210;3403;2656;6526;3866;4333;6059;10392
MT;5108055;Terra Nova do Norte;2577;2830;2502;3382;5079;6212;5407;5884;11291
MT;5108105;Tesouro;1146;369;1254;649;2400;1018;1515;1903;3418
MT;5108204;Torixoréu;1531;420;1581;539;3112;959;1951;2120;4071
MT;5108303;União do Sul;1096;620;1242;802;2338;1422;1716;2044;3760
MT;5108352;Vale de São Domingos;332;1077;381;1262;713;2339;1409;1643;3052
MT;5108402;Várzea Grande;125592;1737;123112;2155;248704;3892;127329;125267;252596
MT;5108501;Vera;3556;1375;3793;1511;7349;2886;4931;5304;10235
MT;5108600;Vila Rica;6896;3298;7066;4122;13962;7420;10194;11188;21382
MT;5108808;Nova Guarita;950;1400;990;1592;1940;2992;2350;2582;4932
MT;5108857;Nova Marilândia;945;415;1012;579;1957;994;1360;1591;2951
MT;5108907;Nova Maringá;1619;1372;1802;1797;3421;3169;2991;3599;6590
MT;5108956;Nova Monte verde;1897;1808;2076;2312;3973;4120;3705;4388;8093
MT;5199919;São Gonçalo;;;;;;;;;
PA;1500107;Abaetetuba;42055;27415;40943;30687;82998;58102;69470;71630;141100
PA;1500131;Abel Figueiredo;2927;320;3107;426;6034;746;3247;3533;6780
PA;1500206;Acará;6354;19100;6267;21848;12621;40948;25454;28115;53569
PA;1500305;Afuá;4726;11863;4752;13701;9478;25564;16589;18453;35042
PA;1500347;Água Azul do Norte;2398;9041;2478;11140;4876;20181;11439;13618;25057
PA;1500404;Alenquer;14216;11380;13506;13524;27722;24904;25596;27030;52626
PA;1500503;Almeirim;10001;6145;9964;7504;19965;13649;16146;17468;33614
PA;1500602;Altamira;42586;6670;41506;8313;84092;14983;49256;49819;99075
PA;1500701;Anajás;4759;7043;4735;8222;9494;15265;11802;12957;24759
PA;1500800;Ananindeua;244797;548;226022;613;470819;1161;245345;226635;471980
PA;1500859;Anapu;4842;4709;4991;6001;9833;10710;9551;10992;20543
PA;1500909;Augusto Corrêa;9026;10482;9214;11775;18240;22257;19508;20989;40497
PA;1500958;Aurora do Pará;4182;8744;3986;9634;8168;18378;12926;13620;26546
PA;1501006;Aveiro;1531;5951;1648;6719;3179;12670;7482;8367;15849
PA;1501105;Bagre;5346;6383;5315;6820;10661;13203;11729;12135;23864
PA;1501204;Baião;9087;8349;9468;9978;18555;18327;17436;19446;36882
PA;1501253;Bannach;625;959;657;1190;1282;2149;1584;1847;3431
PA;1501303;Barcarena;18528;30985;17769;32577;36297;63562;49513;50346;99859
PA;1501402;Belém;728615;5776;652860;6148;1381475;11924;734391;659008;1393399
PA;1501451;Belterra;3402;4435;3450;5031;6852;9466;7837;8481;16318
PA;1501501;Benevides;14558;11278;14354;11461;28912;22739;25836;25815;51651
PA;1501576;Bom Jesus do Tocantins;4119;3128;4039;4012;8158;7140;7247;8051;15298
PA;1501600;Bonito;1896;4620;1931;5183;3827;9803;6516;7114;13630
PA;1501709;Bragança;36922;19014;35699;21592;72621;40606;55936;57291;113227
PA;1501725;Brasil Novo;3494;3882;3405;4909;6899;8791;7376;8314;15690
PA;1501758;Brejo Grande do Araguaia;2150;1335;2158;1674;4308;3009;3485;3832;7317
PA;1501782;Breu Branco;14612;10796;14696;12389;29308;23185;25408;27085;52493
PA;1501808;Breves;23373;21699;23187;24601;46560;46300;45072;47788;92860
PA;1501907;Bujaru;4149;8211;3950;9385;8099;17596;12360;13335;25695
PA;1501956;Cachoeira do Piriá;2746;10018;2786;10934;5532;20952;12764;13720;26484
PA;1502004;Cachoeira do Arari;3713;6185;3643;6902;7356;13087;9898;10545;20443
PA;1502103;Cametá;26702;32178;26136;35880;52838;68058;58880;62016;120896
PA;1502152;Canaã dos Carajás;10390;2741;10337;3248;20727;5989;13131;13585;26716
PA;1502202;Capanema;26084;6061;24648;6846;50732;12907;32145;31494;63639
PA;1502301;Capitão Poço;10906;14366;10535;16086;21441;30452;25272;26621;51893
PA;1502400;Castanhal;79202;9471;74176;10300;153378;19771;88673;84476;173149
PA;1502509;Chaves;1247;8578;1263;9917;2510;18495;9825;11180;21005
PA;1502608;Colares;1820;3682;1841;4038;3661;7720;5502;5879;11381
PA;1502707;Conceição do Araguaia;16505;5743;15959;7350;32464;13093;22248;23309;45557
PA;1502756;Concórdia do Pará;7545;6081;7543;7047;15088;13128;13626;14590;28216
PA;1502764;Cumaru do Norte;1266;3119;1445;4636;2711;7755;4385;6081;10466
PA;1502772;Curionópolis;6186;2436;6344;3322;12530;5758;8622;9666;18288
PA;1502806;Curralinho;5399;8091;5531;9528;10930;17619;13490;15059;28549
PA;1502855;Curuá;2842;2956;2939;3517;5781;6473;5798;6456;12254
PA;1502905;Curuçá;6058;10668;6116;11452;12174;22120;16726;17568;34294
PA;1502939;Dom Eliseu;16295;8400;16221;10403;32516;18803;24695;26624;51319
PA;1502954;Eldorado dos Carajás;8212;6760;8366;8448;16578;15208;14972;16814;31786
PA;1503002;Faro;2980;957;3148;1092;6128;2049;3937;4240;8177
PA;1503044;Floresta do Araguaia;4229;3988;4485;5066;8714;9054;8217;9551;17768
PA;1503077;Garrafão do Norte;4325;7602;4282;8825;8607;16427;11927;13107;25034
PA;1503093;Goianésia do Pará;10461;4225;10621;5129;21082;9354;14686;15750;30436
PA;1503101;Gurupá;4791;8871;4789;10611;9580;19482;13662;15400;29062
PA;1503200;Igarapé-Açu;10860;6910;10347;7770;21207;14680;17770;18117;35887
PA;1503309;Igarapé-Miri;13376;15027;12829;16845;26205;31872;28403;29674;58077
PA;1503408;Inhangapi;1446;3421;1325;3845;2771;7266;4867;5170;10037
PA;1503457;Ipixuna do Pará;6167;18238;6060;20844;12227;39082;24405;26904;51309
PA;1503507;Irituia;3382;11721;3142;13119;6524;24840;15103;16261;31364
PA;1503606;Itaituba;35855;11957;34827;14854;70682;26811;47812;49681;97493
PA;1503705;Itupiranga;10201;13993;10289;16737;20490;30730;24194;27026;51220
PA;1503754;Jacareacanga;2303;3763;2627;5410;4930;9173;6066;8037;14103
PA;1503804;Jacundá;23178;2413;22505;3264;45683;5677;25591;25769;51360
PA;1503903;Juruti;7988;14520;7864;16714;15852;31234;22508;24578;47086
PA;1504000;Limoeiro do Ajuru;3071;8835;3126;9989;6197;18824;11906;13115;25021
PA;1504059;Mãe do Rio;11800;2364;11252;2488;23052;4852;14164;13740;27904
PA;1504109;Magalhães Barata;1833;2024;1962;2296;3795;4320;3857;4258;8115
PA;1504208;Marabá;93490;21983;92780;25416;186270;47399;115473;118196;233669
PA;1504307;Maracanã;5888;7789;5768;8931;11656;16720;13677;14699;28376
PA;1504406;Marapanim;5799;6922;5905;7979;11704;14901;12721;13884;26605
PA;1504422;Marituba;53796;566;53327;557;107123;1123;54362;53884;108246
PA;1504455;Medicilândia;4730;7710;4829;10059;9559;17769;12440;14888;27328
PA;1504505;Melgaço;2686;8895;2817;10410;5503;19305;11581;13227;24808
PA;1504604;Mocajuba;9112;3872;9167;4580;18279;8452;12984;13747;26731
PA;1504703;Moju;12541;20811;12621;24045;25162;44856;33352;36666;70018
PA;1504752;Mojuí dos Campos;;;;;;;;;
PA;1504802;Monte Alegre;12615;14339;11950;16558;24565;30897;26954;28508;55462
PA;1504901;Muaná;7141;9157;7380;10526;14521;19683;16298;17906;34204
PA;1504950;Nova Esperança do Piriá;3961;5554;4003;6640;7964;12194;9515;10643;20158
PA;1504976;Nova Ipixuna;3824;3090;3902;3829;7726;6919;6914;7731;14645
PA;1505007;Nova Timboteua;2769;3819;2751;4331;5520;8150;6588;7082;13670
PA;1505031;Novo Progresso;8561;3128;9156;4279;17717;7407;11689;13435;25124
PA;1505064;Novo Repartimento;14027;15275;13923;18825;27950;34100;29302;32748;62050
PA;1505106;Óbidos;12807;10963;12659;12904;25466;23867;23770;25563;49333
PA;1505205;Oeiras do Pará;5605;7973;5827;9190;11432;17163;13578;15017;28595
PA;1505304;Oriximiná;20407;10631;19740;12016;40147;22647;31038;31756;62794
PA;1505403;Ourém;3706;4162;3732;4711;7438;8873;7868;8443;16311
PA;1505437;Ourilândia do Norte;9712;3377;10201;4069;19913;7446;13089;14270;27359
PA;1505486;Pacajá;6824;11556;6923;14676;13747;26232;18380;21599;39979
PA;1505494;Palestina do Pará;2244;1352;2302;1577;4546;2929;3596;3879;7475
PA;1505502;Paragominas;38570;9982;37941;11326;76511;21308;48552;49267;97819
PA;1505536;Parauapebas;68636;7379;70054;7839;138690;15218;76015;77893;153908
PA;1505551;Pau D'Arco;1784;1071;1857;1321;3641;2392;2855;3178;6033
PA;1505601;Peixe-Boi;2085;1730;2084;1955;4169;3685;3815;4039;7854
PA;1505635;Piçarra;1796;4125;1785;4991;3581;9116;5921;6776;12697
PA;1505650;Placas;2351;9015;2503;10065;4854;19080;11366;12568;23934
PA;1505700;Ponta de Pedras;6302;6318;6122;7257;12424;13575;12620;13379;25999
PA;1505809;Portel;12502;12852;12350;14468;24852;27320;25354;26818;52172
PA;1505908;Porto de Moz;7197;9147;7386;10226;14583;19373;16344;17612;33956
PA;1506005;Prainha;4414;9419;4545;10971;8959;20390;13833;15516;29349
PA;1506104;Primavera;3163;1805;3228;2072;6391;3877;4968;5300;10268
PA;1506112;Quatipuru;2601;3349;2712;3749;5313;7098;5950;6461;12411
PA;1506138;Redenção;35179;2361;34886;3130;70065;5491;37540;38016;75556
PA;1506161;Rio Maria;6715;1821;6797;2364;13512;4185;8536;9161;17697
PA;1506187;Rondon do Pará;17521;5169;17175;7099;34696;12268;22690;24274;46964
PA;1506195;Rurópolis;7680;11532;7593;13282;15273;24814;19212;20875;40087
PA;1506203;Salinópolis;16483;1842;16908;2188;33391;4030;18325;19096;37421
PA;1506302;Salvaterra;6333;3558;6339;3953;12672;7511;9891;10292;20183
PA;1506351;Santa Bárbara do Pará;2791;5595;2667;6088;5458;11683;8386;8755;17141
PA;1506401;Santa Cruz do Arari;2040;1973;1954;2188;3994;4161;4013;4142;8155
PA;1506500;Santa Isabel do Pará;21934;6376;21066;10090;43000;16466;28310;31156;59466
PA;1506559;Santa Luzia do Pará;4400;5140;4293;5591;8693;10731;9540;9884;19424
PA;1506583;Santa Maria das Barreiras;3068;4641;3289;6208;6357;10849;7709;9497;17206
PA;1506609;Santa Maria do Pará;6903;4631;6425;5067;13328;9698;11534;11492;23026
PA;1506708;Santana do Araguaia;14770;11595;14893;14895;29663;26490;26365;29788;56153
PA;1506807;Santarém;111789;37258;104001;41532;215790;78790;149047;145533;294580
PA;1506906;Santarém Novo;888;2042;921;2290;1809;4332;2930;3211;6141
PA;1507003;Santo Antônio do Tauá;7572;5669;7299;6134;14871;11803;13241;13433;26674
PA;1507102;São Caetano de Odivelas;3395;4690;3563;5243;6958;9933;8085;8806;16891
PA;1507151;São Domingos do Araguaia;7621;3608;7633;4268;15254;7876;11229;11901;23130
PA;1507201;São Domingos do Capim;3324;10781;3265;12476;6589;23257;14105;15741;29846
PA;1507300;São Félix do Xingu;22361;20288;22752;25939;45113;46227;42649;48691;91340
PA;1507409;São Francisco do Pará;2600;4685;2513;5262;5113;9947;7285;7775;15060
PA;1507458;São Geraldo do Araguaia;7005;5489;6585;6508;13590;11997;12494;13093;25587
PA;1507466;São João da Ponta;540;1987;491;2247;1031;4234;2527;2738;5265
PA;1507474;São João de Pirabas;5160;4727;5327;5433;10487;10160;9887;10760;20647
PA;1507508;São João do Araguaia;1238;4768;1348;5801;2586;10569;6006;7149;13155
PA;1507607;São Miguel do Guamá;16203;9336;15681;10347;31884;19683;25539;26028;51567
PA;1507706;São Sebastião da Boa Vista;4916;6155;4986;6847;9902;13002;11071;11833;22904
PA;1507755;Sapucaia;1638;699;1687;1023;3325;1722;2337;2710;5047
PA;1507805;Senador José Porfírio;3243;2807;3227;3768;6470;6575;6050;6995;13045
PA;1507904;Soure;10621;908;10394;1078;21015;1986;11529;11472;23001
PA;1507953;Tailândia;28746;9560;29967;11024;58713;20584;38306;40991;79297
PA;1507961;Terra Alta;2163;2827;2171;3101;4334;5928;4990;5272;10262
PA;1507979;Terra Santa;5047;3126;5288;3488;10335;6614;8173;8776;16949
PA;1508001;Tomé-Açu;15760;11435;15803;13520;31563;24955;27195;29323;56518
PA;1508035;Tracuateua;3614;9513;3642;10686;7256;20199;13127;14328;27455
PA;1508050;Trairão;2728;5001;2951;6195;5679;11196;7729;9146;16875
PA;1508084;Tucumã;13234;2967;13673;3816;26907;6783;16201;17489;33690
PA;1508100;Tucuruí;46566;2160;45876;2526;92442;4686;48726;48402;97128
PA;1508126;Ulianópolis;14161;6971;14364;7845;28525;14816;21132;22209;43341
PA;1508159;Uruará;12104;9052;12326;11307;24430;20359;21156;23633;44789
PA;1508209;Vigia;15997;7344;16356;8192;32353;15536;23341;24548;47889
PA;1508308;Viseu;9041;17858;9356;20461;18397;38319;26899;29817;56716
PA;1508357;Vitória do Xingu;2597;3553;2765;4516;5362;8069;6150;7281;13431
PA;1508407;Xinguara;15794;4207;15698;4874;31492;9081;20001;20572;40573
PA;1599919;Monsarás;;;;;;;;;
PA;1599939;Vila Franca;;;;;;;;;
PB;2500106;Água Branca;2110;2620;1951;2768;4061;5388;4730;4719;9449
PB;2500205;Aguiar;1426;1398;1275;1431;2701;2829;2824;2706;5530
PB;2500304;Alagoa Grande;9198;5420;8333;5528;17531;10948;14618;13861;28479
PB;2500403;Alagoa Nova;5034;4886;4760;5001;9794;9887;9920;9761;19681
PB;2500502;Alagoinha;4639;2233;4395;2309;9034;4542;6872;6704;13576
PB;2500536;Alcantil;1057;1558;1007;1617;2064;3175;2615;2624;5239
PB;2500577;Algodão de Jandaíra;624;525;607;610;1231;1135;1149;1217;2366
PB;2500601;Alhandra;5743;3400;5410;3454;11153;6854;9143;8864;18007
PB;2500700;São João do Rio do Peixe;3634;5627;3251;5689;6885;11316;9261;8940;18201
PB;2500734;Amparo;545;496;517;530;1062;1026;1041;1047;2088
PB;2500775;Aparecida;1893;1987;1745;2051;3638;4038;3880;3796;7676
PB;2500809;Araçagi;3528;5122;3276;5298;6804;10420;8650;8574;17224
PB;2500908;Arara;4776;1803;4148;1926;8924;3729;6579;6074;12653
PB;2501005;Araruna;4868;4687;4460;4864;9328;9551;9555;9324;18879
PB;2501104;Areia;7625;4535;6973;4696;14598;9231;12160;11669;23829
PB;2501153;Areia de Baraúnas;516;448;501;462;1017;910;964;963;1927
PB;2501203;Areial;2460;952;2140;918;4600;1870;3412;3058;6470
PB;2501302;Aroeiras;5038;4822;4493;4729;9531;9551;9860;9222;19082
PB;2501351;Assunção;1428;315;1418;361;2846;676;1743;1779;3522
PB;2501401;Baía da Traição;1551;2421;1541;2499;3092;4920;3972;4040;8012
PB;2501500;Bananeiras;4603;6464;4065;6719;8668;13183;11067;10784;21851
PB;2501534;Baraúna;1610;500;1577;533;3187;1033;2110;2110;4220
PB;2501575;Barra de Santana;364;3695;367;3780;731;7475;4059;4147;8206
PB;2501609;Barra de Santa Rosa;4136;2936;3820;3265;7956;6201;7072;7085;14157
PB;2501708;Barra de São Miguel;1193;1500;1171;1747;2364;3247;2693;2918;5611
PB;2501807;Bayeux;51521;459;47272;464;98793;923;51980;47736;99716
PB;2501906;Belém;7323;1425;6789;1556;14112;2981;8748;8345;17093
PB;2502003;Belém do Brejo do Cruz;2682;854;2578;1029;5260;1883;3536;3607;7143
PB;2502052;Bernardino Batista;460;1139;398;1078;858;2217;1599;1476;3075
PB;2502102;Boa Ventura;1803;1049;1719;1180;3522;2229;2852;2899;5751
PB;2502151;Boa Vista;1682;1460;1526;1559;3208;3019;3142;3085;6227
PB;2502201;Bom Jesus;516;665;472;747;988;1412;1181;1219;2400
PB;2502300;Bom Sucesso;1039;1519;991;1486;2030;3005;2558;2477;5035
PB;2502409;Bonito de Santa Fé;3807;1647;3592;1758;7399;3405;5454;5350;10804
PB;2502508;Boqueirão;6221;2344;5785;2538;12006;4882;8565;8323;16888
PB;2502607;Igaracy;2154;983;1967;1052;4121;2035;3137;3019;6156
PB;2502706;Borborema;1888;665;1844;714;3732;1379;2553;2558;5111
PB;2502805;Brejo do Cruz;5124;1489;4774;1736;9898;3225;6613;6510;13123
PB;2502904;Brejo dos Santos;2362;742;2272;822;4634;1564;3104;3094;6198
PB;2503001;Caaporã;8884;1388;8664;1426;17548;2814;10272;10090;20362
PB;2503100;Cabaceiras;1167;1375;1050;1443;2217;2818;2542;2493;5035
PB;2503209;Cabedelo;30311;3;27625;5;57936;8;30314;27630;57944
PB;2503308;Cachoeira dos Índios;1729;2997;1674;3146;3403;6143;4726;4820;9546
PB;2503407;Cacimba de Areia;863;915;811;968;1674;1883;1778;1779;3557
PB;2503506;Cacimba de Dentro;4750;3781;4408;3809;9158;7590;8531;8217;16748
PB;2503555;Cacimbas;873;2657;768;2516;1641;5173;3530;3284;6814
PB;2503605;Caiçara;2621;980;2569;1050;5190;2030;3601;3619;7220
PB;2503704;Cajazeiras;25175;5333;22326;5612;47501;10945;30508;27938;58446
PB;2503753;Cajazeirinhas;483;1002;517;1031;1000;2033;1485;1548;3033
PB;2503803;Caldas Brandão;1643;1192;1581;1221;3224;2413;2835;2802;5637
PB;2503902;Camalaú;1547;1362;1340;1500;2887;2862;2909;2840;5749
PB;2504009;Campina Grande;194018;8990;173191;9014;367209;18004;203008;182205;385213
PB;2504033;Capim;2058;728;2048;767;4106;1495;2786;2815;5601
PB;2504074;Caraúbas;782;1145;735;1237;1517;2382;1927;1972;3899
PB;2504108;Carrapateira;828;303;885;362;1713;665;1131;1247;2378
PB;2504157;Casserengue;1760;1749;1698;1851;3458;3600;3509;3549;7058
PB;2504207;Catingueira;1491;908;1393;1020;2884;1928;2399;2413;4812
PB;2504306;Catolé do Rocha;11181;3550;10142;3886;21323;7436;14731;14028;28759
PB;2504355;Caturité;519;1724;505;1795;1024;3519;2243;2300;4543
PB;2504405;Conceição;5934;3309;5499;3621;11433;6930;9243;9120;18363
PB;2504504;Condado;2374;995;2188;1027;4562;2022;3369;3215;6584
PB;2504603;Conde;7263;3374;7224;3539;14487;6913;10637;10763;21400
PB;2504702;Congo;1504;805;1438;940;2942;1745;2309;2378;4687
PB;2504801;Coremas;5933;1795;5486;1935;11419;3730;7728;7421;15149
PB;2504850;Coxixola;386;469;396;520;782;989;855;916;1771
PB;2504900;Cruz do Espírito Santo;3826;4338;3614;4479;7440;8817;8164;8093;16257
PB;2505006;Cubati;2478;995;2291;1102;4769;2097;3473;3393;6866
PB;2505105;Cuité;7062;3083;6400;3433;13462;6516;10145;9833;19978
PB;2505204;Cuitegi;2890;610;2718;671;5608;1281;3500;3389;6889
PB;2505238;Cuité de Mamanguape;1066;2036;1003;2097;2069;4133;3102;3100;6202
PB;2505279;Curral de Cima;248;2329;225;2407;473;4736;2577;2632;5209
PB;2505303;Curral Velho;698;503;712;592;1410;1095;1201;1304;2505
PB;2505352;Damião;1161;1279;1117;1343;2278;2622;2440;2460;4900
PB;2505402;Desterro;2552;1546;2337;1556;4889;3102;4098;3893;7991
PB;2505501;Vista Serrana;767;924;819;1002;1586;1926;1691;1821;3512
PB;2505600;Diamante;1960;1325;1858;1473;3818;2798;3285;3331;6616
PB;2505709;Dona Inês;2377;2863;2278;2999;4655;5862;5240;5277;10517
PB;2505808;Duas Estradas;1479;369;1360;430;2839;799;1848;1790;3638
PB;2505907;Emas;1097;547;1035;638;2132;1185;1644;1673;3317
PB;2506004;Esperança;11308;4632;10323;4832;21631;9464;15940;15155;31095
PB;2506103;Fagundes;2858;2940;2607;3000;5465;5940;5798;5607;11405
PB;2506202;Frei Martinho;932;533;875;593;1807;1126;1465;1468;2933
PB;2506251;Gado Bravo;483;3760;425;3708;908;7468;4243;4133;8376
PB;2506301;Guarabira;25558;3075;23402;3291;48960;6366;28633;26693;55326
PB;2506400;Gurinhém;2953;3999;2842;4078;5795;8077;6952;6920;13872
PB;2506509;Gurjão;1133;476;995;555;2128;1031;1609;1550;3159
PB;2506608;Ibiara;1914;1084;1772;1261;3686;2345;2998;3033;6031
PB;2506707;Imaculada;2601;3044;2462;3245;5063;6289;5645;5707;11352
PB;2506806;Ingá;6016;3326;5583;3255;11599;6581;9342;8838;18180
PB;2506905;Itabaiana;10279;2351;9452;2399;19731;4750;12630;11851;24481
PB;2507002;Itaporanga;9162;2641;8467;2922;17629;5563;11803;11389;23192
PB;2507101;Itapororoca;5523;2914;5333;3227;10856;6141;8437;8560;16997
PB;2507200;Itatuba;3047;2105;2908;2141;5955;4246;5152;5049;10201
PB;2507309;Jacaraú;4188;2836;3844;3074;8032;5910;7024;6918;13942
PB;2507408;Jericó;2484;1360;2245;1449;4729;2809;3844;3694;7538
PB;2507507;João Pessoa;384376;1356;336409;1374;720785;2730;385732;337783;723515
PB;2507606;Juarez Távora;3007;811;2845;796;5852;1607;3818;3641;7459
PB;2507705;Juazeirinho;4692;3718;4432;3934;9124;7652;8410;8366;16776
PB;2507804;Junco do Seridó;2239;1096;2130;1178;4369;2274;3335;3308;6643
PB;2507903;Juripiranga;4800;308;4786;343;9586;651;5108;5129;10237
PB;2508000;Juru;2260;2669;2099;2798;4359;5467;4929;4897;9826
PB;2508109;Lagoa;1195;1182;1109;1195;2304;2377;2377;2304;4681
PB;2508208;Lagoa de Dentro;2058;1686;1917;1709;3975;3395;3744;3626;7370
PB;2508307;Lagoa Seca;5529;7628;5041;7702;10570;15330;13157;12743;25900
PB;2508406;Lastro;661;742;674;764;1335;1506;1403;1438;2841
PB;2508505;Livramento;1969;1671;1783;1741;3752;3412;3640;3524;7164
PB;2508554;Logradouro;896;1108;827;1111;1723;2219;2004;1938;3942
PB;2508604;Lucena;5163;735;4989;843;10152;1578;5898;5832;11730
PB;2508703;Mãe d'Água;816;1239;753;1211;1569;2450;2055;1964;4019
PB;2508802;Malta;2579;331;2326;377;4905;708;2910;2703;5613
PB;2508901;Mamanguape;17614;3899;16620;4170;34234;8069;21513;20790;42303
PB;2509008;Manaíra;3072;2287;2955;2445;6027;4732;5359;5400;10759
PB;2509057;Marcação;1432;2283;1417;2477;2849;4760;3715;3894;7609
PB;2509107;Mari;8986;1823;8469;1898;17455;3721;10809;10367;21176
PB;2509156;Marizópolis;2772;385;2585;431;5357;816;3157;3016;6173
PB;2509206;Massaranduba;2417;4240;2067;4178;4484;8418;6657;6245;12902
PB;2509305;Mataraca;3308;409;3240;450;6548;859;3717;3690;7407
PB;2509339;Matinhas;349;1821;333;1818;682;3639;2170;2151;4321
PB;2509370;Mato Grosso;604;749;597;752;1201;1501;1353;1349;2702
PB;2509396;Maturéia;1996;1043;1861;1039;3857;2082;3039;2900;5939
PB;2509404;Mogeiro;2994;3419;2589;3489;5583;6908;6413;6078;12491
PB;2509503;Montadas;1628;880;1528;954;3156;1834;2508;2482;4990
PB;2509602;Monte Horebe;1297;949;1204;1058;2501;2007;2246;2262;4508
PB;2509701;Monteiro;10697;5170;9564;5421;20261;10591;15867;14985;30852
PB;2509800;Mulungu;2399;2440;2137;2493;4536;4933;4839;4630;9469
PB;2509909;Natuba;1923;3426;1711;3506;3634;6932;5349;5217;10566
PB;2510006;Nazarezinho;1665;1984;1519;2112;3184;4096;3649;3631;7280
PB;2510105;Nova Floresta;4100;1312;3792;1329;7892;2641;5412;5121;10533
PB;2510204;Nova Olinda;1660;1391;1567;1452;3227;2843;3051;3019;6070
PB;2510303;Nova Palmeira;1360;838;1192;971;2552;1809;2198;2163;4361
PB;2510402;Olho d'Água;2051;1528;1817;1535;3868;3063;3579;3352;6931
PB;2510501;Olivedos;967;807;935;918;1902;1725;1774;1853;3627
PB;2510600;Ouro Velho;1046;412;1001;469;2047;881;1458;1470;2928
PB;2510659;Parari;353;282;346;275;699;557;635;621;1256
PB;2510709;Passagem;563;563;546;561;1109;1124;1126;1107;2233
PB;2510808;Patos;51283;1586;45995;1810;97278;3396;52869;47805;100674
PB;2510907;Paulista;3011;2948;2709;3120;5720;6068;5959;5829;11788
PB;2511004;Pedra Branca;1213;661;1152;695;2365;1356;1874;1847;3721
PB;2511103;Pedra Lavrada;1602;2139;1473;2261;3075;4400;3741;3734;7475
PB;2511202;Pedras de Fogo;8390;5175;7968;5499;16358;10674;13565;13467;27032
PB;2511301;Piancó;6039;2038;5239;2149;11278;4187;8077;7388;15465
PB;2511400;Picuí;6361;2908;5759;3194;12120;6102;9269;8953;18222
PB;2511509;Pilar;3931;1761;3742;1757;7673;3518;5692;5499;11191
PB;2511608;Pilões;1700;1761;1632;1885;3332;3646;3461;3517;6978
PB;2511707;Pilõezinhos;1427;1185;1320;1223;2747;2408;2612;2543;5155
PB;2511806;Pirpirituba;4075;1137;3819;1295;7894;2432;5212;5114;10326
PB;2511905;Pitimbu;5225;3190;5159;3450;10384;6640;8415;8609;17024
PB;2512002;Pocinhos;4907;3635;4711;3779;9618;7414;8542;8490;17032
PB;2512036;Poço Dantas;480;1366;497;1408;977;2774;1846;1905;3751
PB;2512077;Poço de José de Moura;778;1267;647;1286;1425;2553;2045;1933;3978
PB;2512101;Pombal;13696;3033;12057;3324;25753;6357;16729;15381;32110
PB;2512200;Prata;1253;675;1191;735;2444;1410;1928;1926;3854
PB;2512309;Princesa Isabel;7554;3281;6974;3474;14528;6755;10835;10448;21283
PB;2512408;Puxinanã;2222;4345;1995;4361;4217;8706;6567;6356;12923
PB;2512507;Queimadas;11611;9502;10625;9311;22236;18813;21113;19936;41049
PB;2512606;Quixabá;303;503;330;563;633;1066;806;893;1699
PB;2512705;Remígio;6941;2261;6012;2367;12953;4628;9202;8379;17581
PB;2512721;Pedro Régis;1076;1799;1072;1818;2148;3617;2875;2890;5765
PB;2512747;Riachão;1067;597;959;643;2026;1240;1664;1602;3266
PB;2512754;Riachão do Bacamarte;1360;822;1303;779;2663;1601;2182;2082;4264
PB;2512762;Riachão do Poço;658;1420;629;1457;1287;2877;2078;2086;4164
PB;2512788;Riacho de Santo Antônio;599;252;587;284;1186;536;851;871;1722
PB;2512804;Riacho dos Cavalos;2007;2065;2018;2224;4025;4289;4072;4242;8314
PB;2512903;Rio Tinto;6817;4849;6240;5070;13057;9919;11666;11310;22976
PB;2513000;Salgadinho;623;1103;580;1202;1203;2305;1726;1782;3508
PB;2513109;Salgado de São Félix;2756;3384;2494;3342;5250;6726;6140;5836;11976
PB;2513158;Santa Cecília;939;2310;929;2480;1868;4790;3249;3409;6658
PB;2513208;Santa Cruz;1511;1677;1477;1806;2988;3483;3188;3283;6471
PB;2513307;Santa Helena;1437;1306;1265;1361;2702;2667;2743;2626;5369
PB;2513356;Santa Inês;727;989;703;1120;1430;2109;1716;1823;3539
PB;2513406;Santa Luzia;7028;553;6451;687;13479;1240;7581;7138;14719
PB;2513505;Santana de Mangueira;1141;1493;1090;1607;2231;3100;2634;2697;5331
PB;2513604;Santana dos Garrotes;2027;1727;1709;1803;3736;3530;3754;3512;7266
PB;2513653;Santarém;426;921;414;854;840;1775;1347;1268;2615
PB;2513703;Santa Rita;54014;8177;49703;8416;103717;16593;62191;58119;120310
PB;2513802;Santa Teresinha;1154;1151;1054;1222;2208;2373;2305;2276;4581
PB;2513851;Santo André;456;845;409;928;865;1773;1301;1337;2638
PB;2513901;São Bento;12844;2815;12196;3024;25040;5839;15659;15220;30879
PB;2513927;São Bentinho;1489;634;1356;659;2845;1293;2123;2015;4138
PB;2513943;São Domingos do Cariri;541;667;493;719;1034;1386;1208;1212;2420
PB;2513968;São Domingos de Pombal;504;939;490;922;994;1861;1443;1412;2855
PB;2513984;São Francisco;703;1001;660;1000;1363;2001;1704;1660;3364
PB;2514008;São João do Cariri;1238;986;1109;1011;2347;1997;2224;2120;4344
PB;2514107;São João do Tigre;801;1348;728;1519;1529;2867;2149;2247;4396
PB;2514206;São José da Lagoa Tapada;1743;2141;1572;2108;3315;4249;3884;3680;7564
PB;2514305;São José de Caiana;1378;1580;1351;1701;2729;3281;2958;3052;6010
PB;2514404;São José de Espinharas;815;1444;802;1699;1617;3143;2259;2501;4760
PB;2514453;São José dos Ramos;1216;1533;1157;1602;2373;3135;2749;2759;5508
PB;2514503;São José de Piranhas;5578;3989;5217;4312;10795;8301;9567;9529;19096
PB;2514552;São José de Princesa;366;1714;329;1810;695;3524;2080;2139;4219
PB;2514602;São José do Bonfim;715;892;646;980;1361;1872;1607;1626;3233
PB;2514651;São José do Brejo do Cruz;484;351;474;375;958;726;835;849;1684
PB;2514701;São José do Sabugi;1310;658;1269;773;2579;1431;1968;2042;4010
PB;2514800;São José dos Cordeiros;877;1126;766;1216;1643;2342;2003;1982;3985
PB;2514909;São Mamede;3092;819;2837;1000;5929;1819;3911;3837;7748
PB;2515005;São Miguel de Taipu;1546;1809;1431;1910;2977;3719;3355;3341;6696
PB;2515104;São Sebastião de Lagoa de Roça;2482;3136;2177;3246;4659;6382;5618;5423;11041
PB;2515203;São Sebastião do Umbuzeiro;1092;527;1005;611;2097;1138;1619;1616;3235
PB;2515302;Sapé;19726;5764;18415;6238;38141;12002;25490;24653;50143
PB;2515401;Seridó;2332;2637;2265;2996;4597;5633;4969;5261;10230
PB;2515500;Serra Branca;4456;2183;3962;2372;8418;4555;6639;6334;12973
PB;2515609;Serra da Raiz;1065;544;1070;525;2135;1069;1609;1595;3204
PB;2515708;Serra Grande;909;564;867;635;1776;1199;1473;1502;2975
PB;2515807;Serra Redonda;1944;1747;1664;1695;3608;3442;3691;3359;7050
PB;2515906;Serraria;1806;1340;1661;1431;3467;2771;3146;3092;6238
PB;2515930;Sertãozinho;1660;592;1555;588;3215;1180;2252;2143;4395
PB;2515971;Sobrado;475;3219;408;3271;883;6490;3694;3679;7373
PB;2516003;Solânea;10230;3699;9102;3662;19332;7361;13929;12764;26693
PB;2516102;Soledade;5275;1694;4956;1814;10231;3508;6969;6770;13739
PB;2516151;Sossêgo;811;777;771;810;1582;1587;1588;1581;3169
PB;2516201;Sousa;27161;6844;24720;7078;51881;13922;34005;31798;65803
PB;2516300;Sumé;6384;1749;5852;2075;12236;3824;8133;7927;16060
PB;2516409;Campo de Santana;2167;2933;2201;2961;4368;5894;5100;5162;10262
PB;2516508;Taperoá;4742;2848;4197;3149;8939;5997;7590;7346;14936
PB;2516607;Tavares;3393;3676;3223;3811;6616;7487;7069;7034;14103
PB;2516706;Teixeira;4987;2232;4644;2290;9631;4522;7219;6934;14153
PB;2516755;Tenório;814;533;859;607;1673;1140;1347;1466;2813
PB;2516805;Triunfo;2212;2438;2097;2473;4309;4911;4650;4570;9220
PB;2516904;Uiraúna;5509;2064;4840;2171;10349;4235;7573;7011;14584
PB;2517001;Umbuzeiro;2104;2685;1882;2627;3986;5312;4789;4509;9298
PB;2517100;Várzea;959;277;876;392;1835;669;1236;1268;2504
PB;2517209;Vieirópolis;501;2006;495;2043;996;4049;2507;2538;5045
PB;2517407;Zabelê;746;278;726;325;1472;603;1024;1051;2075
PE;2600054;Abreu e Lima;45387;3917;41238;3887;86625;7804;49304;45125;94429
PE;2600104;Afogados da Ingazeira;14537;3761;12865;3925;27402;7686;18298;16790;35088
PE;2600203;Afrânio;3094;5742;2767;5983;5861;11725;8836;8750;17586
PE;2600302;Agrestina;8904;2840;8053;2882;16957;5722;11744;10935;22679
PE;2600401;Água Preta;9590;6895;9160;7450;18750;14345;16485;16610;33095
PE;2600500;Águas Belas;12987;7582;11577;8089;24564;15671;20569;19666;40235
PE;2600609;Alagoinha;4071;2775;3698;3215;7769;5990;6846;6913;13759
PE;2600708;Aliança;10420;8416;9827;8752;20247;17168;18836;18579;37415
PE;2600807;Altinho;6735;4512;6041;5065;12776;9577;11247;11106;22353
PE;2600906;Amaraji;8181;2774;7864;3120;16045;5894;10955;10984;21939
PE;2601003;Angelim;3155;2029;2932;2086;6087;4115;5184;5018;10202
PE;2601052;Araçoiaba;7770;1359;7498;1529;15268;2888;9129;9027;18156
PE;2601102;Araripina;24557;14909;22351;15485;46908;30394;39466;37836;77302
PE;2601201;Arcoverde;33458;2966;29210;3159;62668;6125;36424;32369;68793
PE;2601300;Barra de Guabiraba;5640;621;5750;765;11390;1386;6261;6515;12776
PE;2601409;Barreiros;17592;3255;16390;3495;33982;6750;20847;19885;40732
PE;2601508;Belém de Maria;4081;1637;3910;1725;7991;3362;5718;5635;11353
PE;2601607;Belém de São Francisco;6658;3635;5924;4036;12582;7671;10293;9960;20253
PE;2601706;Belo Jardim;30585;7067;27648;7132;58233;14199;37652;34780;72432
PE;2601805;Betânia;1934;4061;1778;4230;3712;8291;5995;6008;12003
PE;2601904;Bezerros;26286;4332;23454;4596;49740;8928;30618;28050;58668
PE;2602001;Bodocó;6770;10767;6054;11567;12824;22334;17537;17621;35158
PE;2602100;Bom Conselho;15784;7715;13995;8009;29779;15724;23499;22004;45503
PE;2602209;Bom Jardim;7924;11425;7271;11206;15195;22631;19349;18477;37826
PE;2602308;Bonito;13678;5311;12530;6047;26208;11358;18989;18577;37566
PE;2602407;Brejão;1881;2629;1683;2651;3564;5280;4510;4334;8844
PE;2602506;Brejinho;1800;1899;1586;2022;3386;3921;3699;3608;7307
PE;2602605;Brejo da Madre de Deus;18219;4781;16905;5275;35124;10056;23000;22180;45180
PE;2602704;Buenos Aires;4076;2264;3841;2356;7917;4620;6340;6197;12537
PE;2602803;Buíque;11233;15231;9962;15679;21195;30910;26464;25641;52105
PE;2602902;Cabo de Santo Agostinho;85866;8300;81917;8942;167783;17242;94166;90859;185025
PE;2603009;Cabrobó;10523;5298;9275;5777;19798;11075;15821;15052;30873
PE;2603108;Cachoeirinha;7972;1743;7233;1871;15205;3614;9715;9104;18819
PE;2603207;Caetés;4000;9405;3520;9652;7520;19057;13405;13172;26577
PE;2603306;Calçado;1959;3600;1851;3715;3810;7315;5559;5566;11125
PE;2603405;Calumbi;1178;1748;1002;1720;2180;3468;2926;2722;5648
PE;2603454;Camaragibe;75254;0;69212;0;144466;0;75254;69212;144466
PE;2603504;Camocim de São Félix;7427;1355;6900;1422;14327;2777;8782;8322;17104
PE;2603603;Camutanga;3304;766;3230;856;6534;1622;4070;4086;8156
PE;2603702;Canhotinho;7124;5032;6982;5383;14106;10415;12156;12365;24521
PE;2603801;Capoeiras;3330;6491;2933;6839;6263;13330;9821;9772;19593
PE;2603900;Carnaíba;3978;5430;3646;5520;7624;10950;9408;9166;18574
PE;2603926;Carnaubeira da Penha;1036;4757;946;5043;1982;9800;5793;5989;11782
PE;2604007;Carpina;37908;1387;34148;1415;72056;2802;39295;35563;74858
PE;2604106;Caruaru;148272;17487;131317;17836;279589;35323;165759;149153;314912
PE;2604155;Casinhas;893;6074;811;5988;1704;12062;6967;6799;13766
PE;2604205;Catende;15103;4414;13758;4545;28861;8959;19517;18303;37820
PE;2604304;Cedro;3201;2186;3090;2301;6291;4487;5387;5391;10778
PE;2604403;Chã de Alegria;4909;1399;4656;1440;9565;2839;6308;6096;12404
PE;2604502;Chã Grande;7051;3104;6641;3341;13692;6445;10155;9982;20137
PE;2604601;Condado;11671;767;10966;878;22637;1645;12438;11844;24282
PE;2604700;Correntes;5353;3456;4976;3634;10329;7090;8809;8610;17419
PE;2604809;Cortês;4071;2198;3830;2353;7901;4551;6269;6183;12452
PE;2604908;Cumaru;4170;4505;3869;4639;8039;9144;8675;8508;17183
PE;2605004;Cupira;11040;1300;9747;1303;20787;2603;12340;11050;23390
PE;2605103;Custódia;11348;5855;10368;6284;21716;12139;17203;16652;33855
PE;2605152;Dormentes;3043;5217;2961;5696;6004;10913;8260;8657;16917
PE;2605202;Escada;27810;4556;26154;4997;53964;9553;32366;31151;63517
PE;2605301;Exu;8647;7504;7656;7829;16303;15333;16151;15485;31636
PE;2605400;Feira Nova;8505;2094;7808;2164;16313;4258;10599;9972;20571
PE;2605459;Fernando de Noronha;1338;0;1292;0;2630;0;1338;1292;2630
PE;2605509;Ferreiros;4717;1071;4445;1197;9162;2268;5788;5642;11430
PE;2605608;Flores;4937;6294;4427;6511;9364;12805;11231;10938;22169
PE;2605707;Floresta;10525;4329;9448;4983;19973;9312;14854;14431;29285
PE;2605806;Frei Miguelinho;1775;5520;1614;5384;3389;10904;7295;6998;14293
PE;2605905;Gameleira;9832;3978;9672;4430;19504;8408;13810;14102;27912
PE;2606002;Garanhuns;61531;6901;53825;7151;115356;14052;68432;60976;129408
PE;2606101;Glória do Goitá;8179;6674;7255;6911;15434;13585;14853;14166;29019
PE;2606200;Goiana;30260;8740;27765;8879;58025;17619;39000;36644;75644
PE;2606309;Granito;1637;1767;1541;1910;3178;3677;3404;3451;6855
PE;2606408;Gravatá;35712;3842;32673;4231;68385;8073;39554;36904;76458
PE;2606507;Iati;3937;5243;3781;5399;7718;10642;9180;9180;18360
PE;2606606;Ibimirim;7709;5895;7186;6164;14895;12059;13604;13350;26954
PE;2606705;Ibirajuba;1643;2100;1497;2294;3140;4394;3743;3791;7534
PE;2606804;Igarassu;48749;3956;45182;4134;93931;8090;52705;49316;102021
PE;2606903;Iguaraci;3163;2701;2947;2968;6110;5669;5864;5915;11779
PE;2607000;Inajá;4114;5412;3844;5711;7958;11123;9526;9555;19081
PE;2607109;Ingazeira;1232;974;1224;1066;2456;2040;2206;2290;4496
PE;2607208;Ipojuca;30582;10165;29137;10753;59719;20918;40747;39890;80637
PE;2607307;Ipubi;9012;5253;8266;5589;17278;10842;14265;13855;28120
PE;2607406;Itacuruba;1917;317;1791;344;3708;661;2234;2135;4369
PE;2607505;Itaíba;5108;8106;4580;8462;9688;16568;13214;13042;26256
PE;2607604;Itamaracá;8687;633;8306;4258;16993;4891;9320;12564;21884
PE;2607653;Itambé;15030;2884;14394;3090;29424;5974;17914;17484;35398
PE;2607703;Itapetim;4412;2619;4014;2836;8426;5455;7031;6850;13881
PE;2607752;Itapissuma;9493;2269;8827;3180;18320;5449;11762;12007;23769
PE;2607802;Itaquitinga;6042;1768;6022;1860;12064;3628;7810;7882;15692
PE;2607901;Jaboatão dos Guararapes;332692;7078;297903;6947;630595;14025;339770;304850;644620
PE;2607950;Jaqueira;3659;2137;3423;2282;7082;4419;5796;5705;11501
PE;2608008;Jataúba;4816;3143;4368;3492;9184;6635;7959;7860;15819
PE;2608057;Jatobá;3139;3987;2943;3894;6082;7881;7126;6837;13963
PE;2608107;João Alfredo;7968;7905;7052;7818;15020;15723;15873;14870;30743
PE;2608206;Joaquim Nabuco;5872;2001;5632;2268;11504;4269;7873;7900;15773
PE;2608255;Jucati;1429;3903;1399;3873;2828;7776;5332;5272;10604
PE;2608305;Jupi;4378;2644;3978;2705;8356;5349;7022;6683;13705
PE;2608404;Jurema;4600;2808;4153;2980;8753;5788;7408;7133;14541
PE;2608453;Lagoa do Carro;5986;2167;5646;2208;11632;4375;8153;7854;16007
PE;2608503;Lagoa do Itaenga;8821;1768;8297;1773;17118;3541;10589;10070;20659
PE;2608602;Lagoa do Ouro;3162;3000;2867;3103;6029;6103;6162;5970;12132
PE;2608701;Lagoa dos Gatos;4444;3346;4197;3628;8641;6974;7790;7825;15615
PE;2608750;Lagoa Grande;5449;5994;4967;6350;10416;12344;11443;11317;22760
PE;2608800;Lajedo;14135;5075;12260;5158;26395;10233;19210;17418;36628
PE;2608909;Limoeiro;23190;5423;21370;5456;44560;10879;28613;26826;55439
PE;2609006;Macaparana;7716;4543;7117;4549;14833;9092;12259;11666;23925
PE;2609105;Machados;4480;2565;3974;2577;8454;5142;7045;6551;13596
PE;2609154;Manari;2008;6947;1810;7318;3818;14265;8955;9128;18083
PE;2609204;Maraial;4330;1730;4229;1941;8559;3671;6060;6170;12230
PE;2609303;Mirandiba;3713;3479;3428;3688;7141;7167;7192;7116;14308
PE;2609402;Moreno;25995;3037;24202;3462;50197;6499;29032;27664;56696
PE;2609501;Nazaré da Mata;14327;1722;12855;1892;27182;3614;16049;14747;30796
PE;2609600;Olinda;199266;3789;171066;3658;370332;7447;203055;174724;377779
PE;2609709;Orobó;4359;7452;3874;7193;8233;14645;11811;11067;22878
PE;2609808;Orocó;2437;4172;2180;4391;4617;8563;6609;6571;13180
PE;2609907;Ouricuri;17205;15454;15391;16308;32596;31762;32659;31699;64358
PE;2610004;Palmares;24610;6113;22276;6527;46886;12640;30723;28803;59526
PE;2610103;Palmeirina;2761;1442;2417;1569;5178;3011;4203;3986;8189
PE;2610202;Panelas;7382;5675;6582;6006;13964;11681;13057;12588;25645
PE;2610301;Paranatama;1155;4328;1086;4432;2241;8760;5483;5518;11001
PE;2610400;Parnamirim;4357;5587;4020;6260;8377;11847;9944;10280;20224
PE;2610509;Passira;7366;7282;6579;7401;13945;14683;14648;13980;28628
PE;2610608;Paudalho;18670;7482;17662;7543;36332;15025;26152;25205;51357
PE;2610707;Paulista;158836;0;141630;0;300466;0;158836;141630;300466
PE;2610806;Pedra;6184;4287;5814;4659;11998;8946;10471;10473;20944
PE;2610905;Pesqueira;23673;8643;21453;9162;45126;17805;32316;30615;62931
PE;2611002;Petrolândia;12316;4229;11305;4642;23621;8871;16545;15947;32492
PE;2611101;Petrolina;114464;36246;104751;38501;219215;74747;150710;143252;293962
PE;2611200;Poção;3815;2052;3173;2202;6988;4254;5867;5375;11242
PE;2611309;Pombos;8285;3879;7726;4156;16011;8035;12164;11882;24046
PE;2611408;Primavera;4309;2248;4270;2612;8579;4860;6557;6882;13439
PE;2611507;Quipapá;6178;6090;5635;6283;11813;12373;12268;11918;24186
PE;2611533;Quixaba;1283;2131;1212;2113;2495;4244;3414;3325;6739
PE;2611606;Recife;827885;0;709819;0;1537704;0;827885;709819;1537704
PE;2611705;Riacho das Almas;4586;5159;4176;5241;8762;10400;9745;9417;19162
PE;2611804;Ribeirão;17807;4898;16196;5538;34003;10436;22705;21734;44439
PE;2611903;Rio Formoso;6878;4146;6495;4632;13373;8778;11024;11127;22151
PE;2612000;Sairé;3321;2385;2984;2550;6305;4935;5706;5534;11240
PE;2612109;Salgadinho;1569;3064;1493;3186;3062;6250;4633;4679;9312
PE;2612208;Salgueiro;23806;5219;21907;5697;45713;10916;29025;27604;56629
PE;2612307;Saloá;4136;3790;3532;3851;7668;7641;7926;7383;15309
PE;2612406;Sanharó;6573;4622;5927;4833;12500;9455;11195;10760;21955
PE;2612455;Santa Cruz;2367;4417;2080;4730;4447;9147;6784;6810;13594
PE;2612471;Santa Cruz da Baixa Verde;2787;3169;2490;3322;5277;6491;5956;5812;11768
PE;2612505;Santa Cruz do Capibaribe;44292;917;41302;1071;85594;1988;45209;42373;87582
PE;2612554;Santa Filomena;1151;5461;1075;5684;2226;11145;6612;6759;13371
PE;2612604;Santa Maria da Boa Vista;7865;11702;7011;12857;14876;24559;19567;19868;39435
PE;2612703;Santa Maria do Cambucá;1672;4875;1603;4871;3275;9746;6547;6474;13021
PE;2612802;Santa Terezinha;3618;1988;3258;2127;6876;4115;5606;5385;10991
PE;2612901;São Benedito do Sul;3660;3264;3498;3519;7158;6783;6924;7017;13941
PE;2613008;São Bento do Una;14475;12203;13424;13140;27899;25343;26678;26564;53242
PE;2613107;São Caitano;14100;3971;12979;4224;27079;8195;18071;17203;35274
PE;2613206;São João;5113;5758;4543;5898;9656;11656;10871;10441;21312
PE;2613305;São Joaquim do Monte;7302;2991;6820;3375;14122;6366;10293;10195;20488
PE;2613404;São José da Coroa Grande;6984;2329;6452;2415;13436;4744;9313;8867;18180
PE;2613503;São José do Belmonte;8373;8003;7795;8446;16168;16449;16376;16241;32617
PE;2613602;São José do Egito;11071;5240;9889;5629;20960;10869;16311;15518;31829
PE;2613701;São Lourenço da Mata;50036;2843;46741;3275;96777;6118;52879;50016;102895
PE;2613800;São Vicente Ferrer;5794;2837;5407;2962;11201;5799;8631;8369;17000
PE;2613909;Serra Talhada;32809;8596;28466;9361;61275;17957;41405;37827;79232
PE;2614006;Serrita;3273;5859;3083;6116;6356;11975;9132;9199;18331
PE;2614105;Sertânia;9763;7524;8794;7706;18557;15230;17287;16500;33787
PE;2614204;Sirinhaém;10965;8983;10519;9829;21484;18812;19948;20348;40296
PE;2614303;Moreilândia;3507;2034;3331;2260;6838;4294;5541;5591;11132
PE;2614402;Solidão;964;1878;867;2035;1831;3913;2842;2902;5744
PE;2614501;Surubim;23280;7241;20756;7238;44036;14479;30521;27994;58515
PE;2614600;Tabira;10261;3199;9508;3459;19769;6658;13460;12967;26427
PE;2614709;Tacaimbó;3707;2762;3378;2878;7085;5640;6469;6256;12725
PE;2614808;Tacaratu;4704;6205;4488;6671;9192;12876;10909;11159;22068
PE;2614857;Tamandaré;7729;2576;7441;2969;15170;5545;10305;10410;20715
PE;2615003;Taquaritinga do Norte;9293;3278;8668;3664;17961;6942;12571;12332;24903
PE;2615102;Terezinha;1539;1927;1321;1950;2860;3877;3466;3271;6737
PE;2615201;Terra Nova;2498;2057;2516;2207;5014;4264;4555;4723;9278
PE;2615300;Timbaúba;24253;3668;22114;3790;46367;7458;27921;25904;53825
PE;2615409;Toritama;17384;749;16741;680;34125;1429;18133;17421;35554
PE;2615508;Tracunhaém;5677;1015;5292;1071;10969;2086;6692;6363;13055
PE;2615607;Trindade;11433;1787;11031;1865;22464;3652;13220;12896;26116
PE;2615706;Triunfo;4312;3514;3632;3548;7944;7062;7826;7180;15006
PE;2615805;Tupanatinga;4465;7845;4069;8046;8534;15891;12310;12115;24425
PE;2615904;Tuparetama;3317;756;3034;818;6351;1574;4073;3852;7925
PE;2616001;Venturosa;5410;2782;4933;2927;10343;5709;8192;7860;16052
PE;2616100;Verdejante;1415;3243;1277;3207;2692;6450;4658;4484;9142
PE;2616183;Vertente do Lério;934;3072;879;2988;1813;6060;4006;3867;7873
PE;2616209;Vertentes;6694;2592;6247;2689;12941;5281;9286;8936;18222
PE;2616308;Vicência;7206;8343;6599;8584;13805;16927;15549;15183;30732
PE;2616407;Vitória de Santo Antão;59609;7956;53820;8589;113429;16545;67565;62409;129974
PE;2616506;Xexéu;4722;2376;4448;2547;9170;4923;7098;6995;14093
PE;2699919;Muribeca;;;;;;;;;
PE;2699929;Nossa Senhora do Ó de Goyanna;;;;;;;;;
PE;2699939;Cimbres;;;;;;;;;
PI;2200053;Acauã;487;2803;414;3045;901;5848;3290;3459;6749
PI;2200103;Agricolândia;1871;772;1731;724;3602;1496;2643;2455;5098
PI;2200202;Água Branca;7691;956;6848;956;14539;1912;8647;7804;16451
PI;2200251;Alagoinha do Piauí;1399;2259;1270;2413;2669;4672;3658;3683;7341
PI;2200277;Alegrete do Piauí;1452;1145;1385;1171;2837;2316;2597;2556;5153
PI;2200301;Alto Longá;3436;3252;3278;3680;6714;6932;6688;6958;13646
PI;2200400;Altos;14261;5445;13127;5989;27388;11434;19706;19116;38822
PI;2200459;Alvorada do Gurguéia;894;1508;955;1693;1849;3201;2402;2648;5050
PI;2200509;Amarante;4722;4096;4050;4267;8772;8363;8818;8317;17135
PI;2200608;Angical do Piauí;2702;735;2512;723;5214;1458;3437;3235;6672
PI;2200707;Anísio de Abreu;2222;2234;2281;2361;4503;4595;4456;4642;9098
PI;2200806;Antônio Almeida;1129;352;1095;463;2224;815;1481;1558;3039
PI;2200905;Aroazes;1784;1132;1646;1217;3430;2349;2916;2863;5779
PI;2200954;Aroeiras de Itaim;122;1045;116;1157;238;2202;1167;1273;2440
PI;2201002;Arraial;1309;1063;1124;1192;2433;2255;2372;2316;4688
PI;2201051;Assunção do Piauí;1707;1971;1671;2154;3378;4125;3678;3825;7503
PI;2201101;Avelino Lopes;3430;2056;3284;2297;6714;4353;5486;5581;11067
PI;2201150;Baixa Grande do Ribeiro;3188;1860;3299;2169;6487;4029;5048;5468;10516
PI;2201176;Barra D'Alcântara;1083;948;949;872;2032;1820;2031;1821;3852
PI;2201200;Barras;11490;10794;10636;11930;22126;22724;22284;22566;44850
PI;2201309;Barreiras do Piauí;949;595;926;764;1875;1359;1544;1690;3234
PI;2201408;Barro Duro;2481;896;2308;922;4789;1818;3377;3230;6607
PI;2201507;Batalha;4954;7772;4653;8395;9607;16167;12726;13048;25774
PI;2201556;Bela Vista do Piauí;631;1211;612;1324;1243;2535;1842;1936;3778
PI;2201572;Belém do Piauí;820;782;783;899;1603;1681;1602;1682;3284
PI;2201606;Beneditinos;3209;1688;3052;1962;6261;3650;4897;5014;9911
PI;2201705;Bertolínia;1975;665;1919;760;3894;1425;2640;2679;5319
PI;2201739;Betânia do Piauí;837;2065;841;2272;1678;4337;2902;3113;6015
PI;2201770;Boa Hora;761;2331;763;2441;1524;4772;3092;3204;6296
PI;2201804;Bocaina;899;1321;847;1302;1746;2623;2220;2149;4369
PI;2201903;Bom Jesus;9014;2312;8609;2694;17623;5006;11326;11303;22629
PI;2201919;Bom Princípio do Piauí;838;1719;816;1931;1654;3650;2557;2747;5304
PI;2201929;Bonfim do Piauí;843;1857;792;1901;1635;3758;2700;2693;5393
PI;2201945;Boqueirão do Piauí;1364;1750;1302;1777;2666;3527;3114;3079;6193
PI;2201960;Brasileira;1761;2130;1722;2353;3483;4483;3891;4075;7966
PI;2201988;Brejo do Piauí;740;1166;686;1258;1426;2424;1906;1944;3850
PI;2202000;Buriti dos Lopes;5250;4202;5044;4578;10294;8780;9452;9622;19074
PI;2202026;Buriti dos Montes;1204;2625;1217;2928;2421;5553;3829;4145;7974
PI;2202059;Cabeceiras do Piauí;830;4004;827;4267;1657;8271;4834;5094;9928
PI;2202075;Cajazeiras do Piauí;575;1070;537;1161;1112;2231;1645;1698;3343
PI;2202083;Cajueiro da Praia;1286;2135;1413;2329;2699;4464;3421;3742;7163
PI;2202091;Caldeirão Grande do Piauí;884;1942;778;2067;1662;4009;2826;2845;5671
PI;2202109;Campinas do Piauí;960;1738;847;1863;1807;3601;2698;2710;5408
PI;2202117;Campo Alegre do Fidalgo;625;1664;599;1805;1224;3469;2289;2404;4693
PI;2202133;Campo Grande do Piauí;783;1970;786;2053;1569;4023;2753;2839;5592
PI;2202174;Campo Largo do Piauí;721;2616;709;2757;1430;5373;3337;3466;6803
PI;2202208;Campo Maior;17775;5621;15746;6035;33521;11656;23396;21781;45177
PI;2202251;Canavieira;870;1022;868;1161;1738;2183;1892;2029;3921
PI;2202307;Canto do Buriti;5871;4195;5259;4695;11130;8890;10066;9954;20020
PI;2202406;Capitão de Campos;3266;2249;3081;2357;6347;4606;5515;5438;10953
PI;2202455;Capitão Gervásio Oliveira;586;1293;576;1423;1162;2716;1879;1999;3878
PI;2202505;Caracol;2052;2958;1976;3226;4028;6184;5010;5202;10212
PI;2202539;Caraúbas do Piauí;488;2200;484;2353;972;4553;2688;2837;5525
PI;2202554;Caridade do Piauí;775;1551;804;1696;1579;3247;2326;2500;4826
PI;2202604;Castelo do Piauí;6080;3274;5399;3583;11479;6857;9354;8982;18336
PI;2202653;Caxingó;478;1905;488;2168;966;4073;2383;2656;5039
PI;2202703;Cocal;6124;6747;5896;7269;12020;14016;12871;13165;26036
PI;2202711;Cocal de Telha;1385;933;1282;925;2667;1858;2318;2207;4525
PI;2202729;Cocal dos Alves;892;1883;890;1907;1782;3790;2775;2797;5572
PI;2202737;Coivaras;589;1252;584;1386;1173;2638;1841;1970;3811
PI;2202752;Colônia do Gurguéia;2491;582;2359;604;4850;1186;3073;2963;6036
PI;2202778;Colônia do Piauí;1366;2366;1278;2423;2644;4789;3732;3701;7433
PI;2202802;Conceição do Canindé;1223;1005;1140;1107;2363;2112;2228;2247;4475
PI;2202851;Coronel José Dias;732;1431;759;1619;1491;3050;2163;2378;4541
PI;2202901;Corrente;8118;4445;7575;5269;15693;9714;12563;12844;25407
PI;2203008;Cristalândia do Piauí;1490;2254;1455;2632;2945;4886;3744;4087;7831
PI;2203107;Cristino Castro;3713;1232;3549;1487;7262;2719;4945;5036;9981
PI;2203206;Curimatá;3613;1693;3471;1984;7084;3677;5306;5455;10761
PI;2203230;Currais;431;1800;493;1980;924;3780;2231;2473;4704
PI;2203255;Curralinhos;688;1351;643;1501;1331;2852;2039;2144;4183
PI;2203271;Curral Novo do Piauí;709;1629;670;1861;1379;3490;2338;2531;4869
PI;2203305;Demerval Lobão;5655;1146;5218;1259;10873;2405;6801;6477;13278
PI;2203354;Dirceu Arcoverde;1222;2050;1147;2256;2369;4306;3272;3403;6675
PI;2203404;Dom Expedito Lopes;1847;1501;1725;1496;3572;2997;3348;3221;6569
PI;2203420;Domingos Mourão;504;1604;454;1702;958;3306;2108;2156;4264
PI;2203453;Dom Inocêncio;1061;3451;957;3776;2018;7227;4512;4733;9245
PI;2203503;Elesbão Veloso;5312;2052;4812;2336;10124;4388;7364;7148;14512
PI;2203602;Eliseu Martins;1899;364;1922;480;3821;844;2263;2402;4665
PI;2203701;Esperantina;12027;6964;11131;7645;23158;14609;18991;18776;37767
PI;2203750;Fartura do Piauí;666;1834;670;1904;1336;3738;2500;2574;5074
PI;2203800;Flores do Piauí;1026;1121;961;1258;1987;2379;2147;2219;4366
PI;2203859;Floresta do Piauí;432;778;429;843;861;1621;1210;1272;2482
PI;2203909;Floriano;26766;3615;23204;4105;49970;7720;30381;27309;57690
PI;2204006;Francinópolis;1727;950;1548;1010;3275;1960;2677;2558;5235
PI;2204105;Francisco Ayres;1121;1135;1033;1188;2154;2323;2256;2221;4477
PI;2204154;Francisco Macedo;597;846;562;874;1159;1720;1443;1436;2879
PI;2204204;Francisco Santos;1974;2235;2005;2378;3979;4613;4209;4383;8592
PI;2204303;Fronteiras;3811;1828;3477;2001;7288;3829;5639;5478;11117
PI;2204352;Geminiano;621;2078;595;2181;1216;4259;2699;2776;5475
PI;2204402;Gilbués;3152;2037;2839;2374;5991;4411;5189;5213;10402
PI;2204501;Guadalupe;5013;167;4829;259;9842;426;5180;5088;10268
PI;2204550;Guaribas;657;1528;618;1598;1275;3126;2185;2216;4401
PI;2204600;Hugo Napoleão;1606;326;1492;347;3098;673;1932;1839;3771
PI;2204659;Ilha Grande;3670;687;3775;782;7445;1469;4357;4557;8914
PI;2204709;Inhuma;3820;3706;3459;3860;7279;7566;7526;7319;14845
PI;2204808;Ipiranga do Piauí;2982;1750;2764;1831;5746;3581;4732;4595;9327
PI;2204907;Isaías Coelho;978;3123;887;3233;1865;6356;4101;4120;8221
PI;2205003;Itainópolis;1333;4231;1197;4348;2530;8579;5564;5545;11109
PI;2205102;Itaueira;3079;2214;2870;2515;5949;4729;5293;5385;10678
PI;2205151;Jacobina do Piauí;538;2280;486;2418;1024;4698;2818;2904;5722
PI;2205201;Jaicós;4573;4662;3935;4865;8508;9527;9235;8800;18035
PI;2205250;Jardim do Mulato;612;1515;571;1611;1183;3126;2127;2182;4309
PI;2205276;Jatobá do Piauí;432;1801;456;1967;888;3768;2233;2423;4656
PI;2205300;Jerumenha;1256;913;1213;1008;2469;1921;2169;2221;4390
PI;2205359;João Costa;343;1046;358;1213;701;2259;1389;1571;2960
PI;2205409;Joaquim Pires;2226;4437;2030;5124;4256;9561;6663;7154;13817
PI;2205458;Joca Marques;805;1630;872;1793;1677;3423;2435;2665;5100
PI;2205508;José de Freitas;11130;7433;10471;8051;21601;15484;18563;18522;37085
PI;2205516;Juazeiro do Piauí;755;1583;724;1695;1479;3278;2338;2419;4757
PI;2205524;Júlio Borges;832;1741;786;2014;1618;3755;2573;2800;5373
PI;2205532;Jurema;413;1750;453;1901;866;3651;2163;2354;4517
PI;2205540;Lagoinha do Piauí;793;524;789;550;1582;1074;1317;1339;2656
PI;2205557;Lagoa Alegre;1529;2355;1513;2611;3042;4966;3884;4124;8008
PI;2205565;Lagoa do Barro do Piauí;514;1688;480;1841;994;3529;2202;2321;4523
PI;2205573;Lagoa de São Francisco;1064;2150;1028;2180;2092;4330;3214;3208;6422
PI;2205581;Lagoa do Piauí;858;1015;814;1176;1672;2191;1873;1990;3863
PI;2205599;Lagoa do Sítio;883;1504;840;1623;1723;3127;2387;2463;4850
PI;2205607;Landri Sales;2039;623;1918;701;3957;1324;2662;2619;5281
PI;2205706;Luís Correia;6299;7514;6346;8247;12645;15761;13813;14593;28406
PI;2205805;Luzilândia;6859;5457;6409;5996;13268;11453;12316;12405;24721
PI;2205854;Madeiro;1655;2117;1709;2335;3364;4452;3772;4044;7816
PI;2205904;Manoel Emídio;1622;890;1693;1008;3315;1898;2512;2701;5213
PI;2205953;Marcolândia;3435;510;3272;595;6707;1105;3945;3867;7812
PI;2206001;Marcos Parente;1970;267;1875;344;3845;611;2237;2219;4456
PI;2206050;Massapê do Piauí;481;2587;455;2697;936;5284;3068;3152;6220
PI;2206100;Matias Olímpio;2469;2738;2327;2939;4796;5677;5207;5266;10473
PI;2206209;Miguel Alves;5568;10362;5143;11216;10711;21578;15930;16359;32289
PI;2206308;Miguel Leão;414;182;448;209;862;391;596;657;1253
PI;2206357;Milton Brandão;878;2450;823;2618;1701;5068;3328;3441;6769
PI;2206407;Monsenhor Gil;2773;2455;2536;2569;5309;5024;5228;5105;10333
PI;2206506;Monsenhor Hipólito;1822;1854;1663;2052;3485;3906;3676;3715;7391
PI;2206605;Monte Alegre do Piauí;1556;3504;1425;3860;2981;7364;5060;5285;10345
PI;2206654;Morro Cabeça no Tempo;715;1292;689;1372;1404;2664;2007;2061;4068
PI;2206670;Morro do Chapéu do Piauí;1194;1982;1104;2219;2298;4201;3176;3323;6499
PI;2206696;Murici dos Portelas;846;3196;843;3579;1689;6775;4042;4422;8464
PI;2206704;Nazaré do Piauí;1823;1831;1680;1987;3503;3818;3654;3667;7321
PI;2206720;Nazária;846;3137;806;3279;1652;6416;3983;4085;8068
PI;2206753;Nossa Senhora de Nazaré;673;1552;690;1641;1363;3193;2225;2331;4556
PI;2206803;Nossa Senhora dos Remédios;1957;2172;1736;2341;3693;4513;4129;4077;8206
PI;2206902;Novo Oriente do Piauí;1696;1568;1584;1650;3280;3218;3264;3234;6498
PI;2206951;Novo Santo Antônio;475;1113;441;1231;916;2344;1588;1672;3260
PI;2207009;Oeiras;11926;6673;10071;6970;21997;13643;18599;17041;35640
PI;2207108;Olho D'Água do Piauí;556;762;508;800;1064;1562;1318;1308;2626
PI;2207207;Padre Marcos;1282;2146;1070;2159;2352;4305;3428;3229;6657
PI;2207306;Paes Landim;1248;763;1128;920;2376;1683;2011;2048;4059
PI;2207355;Pajeú do Piauí;729;890;697;1047;1426;1937;1619;1744;3363
PI;2207405;Palmeira do Piauí;888;1534;876;1695;1764;3229;2422;2571;4993
PI;2207504;Palmeirais;2815;4149;2527;4254;5342;8403;6964;6781;13745
PI;2207553;Paquetá;275;1729;282;1861;557;3590;2004;2143;4147
PI;2207603;Parnaguá;2622;2195;2717;2742;5339;4937;4817;5459;10276
PI;2207702;Parnaíba;72067;3911;65418;4309;137485;8220;75978;69727;145705
PI;2207751;Passagem Franca do Piauí;1281;949;1201;1115;2482;2064;2230;2316;4546
PI;2207777;Patos do Piauí;894;2118;795;2298;1689;4416;3012;3093;6105
PI;2207793;Pau D'Arco do Piauí;290;1532;266;1669;556;3201;1822;1935;3757
PI;2207801;Paulistana;5689;4529;4967;4600;10656;9129;10218;9567;19785
PI;2207850;Pavussu;867;846;926;1024;1793;1870;1713;1950;3663
PI;2207900;Pedro II;11802;7251;10864;7579;22666;14830;19053;18443;37496
PI;2207934;Pedro Laurentino;430;726;389;862;819;1588;1156;1251;2407
PI;2207959;Nova Santa Rita;371;1664;333;1819;704;3483;2035;2152;4187
PI;2208007;Picos;30896;7457;27411;7650;58307;15107;38353;35061;73414
PI;2208106;Pimenteiras;2437;3298;2358;3640;4795;6938;5735;5998;11733
PI;2208205;Pio IX;2871;5980;2420;6400;5291;12380;8851;8820;17671
PI;2208304;Piracuruca;10033;3892;9214;4414;19247;8306;13925;13628;27553
PI;2208403;Piripiri;23328;8368;21212;8926;44540;17294;31696;30138;61834
PI;2208502;Porto;3827;2061;3676;2333;7503;4394;5888;6009;11897
PI;2208551;Porto Alegre do Piauí;898;337;904;420;1802;757;1235;1324;2559
PI;2208601;Prata do Piauí;1287;247;1265;286;2552;533;1534;1551;3085
PI;2208650;Queimada Nova;615;3658;541;3739;1156;7397;4273;4280;8553
PI;2208700;Redenção do Gurguéia;2741;1436;2594;1629;5335;3065;4177;4223;8400
PI;2208809;Regeneração;7175;1791;6630;1960;13805;3751;8966;8590;17556
PI;2208858;Riacho Frio;1111;910;1111;1109;2222;2019;2021;2220;4241
PI;2208874;Ribeira do Piauí;553;1572;477;1661;1030;3233;2125;2138;4263
PI;2208908;Ribeiro Gonçalves;2190;1144;2259;1252;4449;2396;3334;3511;6845
PI;2209005;Rio Grande do Piauí;2136;1024;1958;1155;4094;2179;3160;3113;6273
PI;2209104;Santa Cruz do Piauí;2147;907;1920;1053;4067;1960;3054;2973;6027
PI;2209153;Santa Cruz dos Milagres;1096;814;1031;853;2127;1667;1910;1884;3794
PI;2209203;Santa Filomena;1765;1114;1779;1438;3544;2552;2879;3217;6096
PI;2209302;Santa Luz;1525;1120;1584;1284;3109;2404;2645;2868;5513
PI;2209351;Santana do Piauí;983;1535;956;1443;1939;2978;2518;2399;4917
PI;2209377;Santa Rosa do Piauí;1842;725;1813;769;3655;1494;2567;2582;5149
PI;2209401;Santo Antônio de Lisboa;2014;1017;1906;1070;3920;2087;3031;2976;6007
PI;2209450;Santo Antônio dos Milagres;399;637;408;615;807;1252;1036;1023;2059
PI;2209500;Santo Inácio do Piauí;1196;601;1101;750;2297;1351;1797;1851;3648
PI;2209559;São Braz do Piauí;507;1566;514;1726;1021;3292;2073;2240;4313
PI;2209609;São Félix do Piauí;864;705;777;723;1641;1428;1569;1500;3069
PI;2209658;São Francisco de Assis do Piauí;743;1992;686;2146;1429;4138;2735;2832;5567
PI;2209708;São Francisco do Piauí;1041;2067;942;2248;1983;4315;3108;3190;6298
PI;2209757;São Gonçalo do Gurguéia;616;745;603;861;1219;1606;1361;1464;2825
PI;2209807;São Gonçalo do Piauí;1695;706;1613;740;3308;1446;2401;2353;4754
PI;2209856;São João da Canabrava;659;1598;574;1614;1233;3212;2257;2188;4445
PI;2209872;São João da Fronteira;1216;1587;1056;1749;2272;3336;2803;2805;5608
PI;2209906;São João da Serra;1812;1333;1635;1377;3447;2710;3145;3012;6157
PI;2209955;São João da Varjota;722;1645;667;1617;1389;3262;2367;2284;4651
PI;2209971;São João do Arraial;1909;1732;1792;1903;3701;3635;3641;3695;7336
PI;2210003;São João do Piauí;7109;2855;6361;3223;13470;6078;9964;9584;19548
PI;2210052;São José do Divino;1364;1131;1346;1307;2710;2438;2495;2653;5148
PI;2210102;São José do Peixe;983;832;906;979;1889;1811;1815;1885;3700
PI;2210201;São José do Piauí;1004;2306;925;2356;1929;4662;3310;3281;6591
PI;2210300;São Julião;1238;1608;1090;1739;2328;3347;2846;2829;5675
PI;2210359;São Lourenço do Piauí;573;1588;540;1726;1113;3314;2161;2266;4427
PI;2210375;São Luis do Piauí;416;883;398;864;814;1747;1299;1262;2561
PI;2210383;São Miguel da Baixa Grande;706;354;652;398;1358;752;1060;1050;2110
PI;2210391;São Miguel do Fidalgo;565;865;520;1026;1085;1891;1430;1546;2976
PI;2210409;São Miguel do Tapuio;3465;5450;3210;6009;6675;11459;8915;9219;18134
PI;2210508;São Pedro do Piauí;4148;2669;4047;2775;8195;5444;6817;6822;13639
PI;2210607;São Raimundo Nonato;11111;5319;10155;5742;21266;11061;16430;15897;32327
PI;2210623;Sebastião Barros;549;1122;563;1326;1112;2448;1671;1889;3560
PI;2210631;Sebastião Leal;929;1036;993;1158;1922;2194;1965;2151;4116
PI;2210656;Sigefredo Pacheco;1568;3079;1608;3364;3176;6443;4647;4972;9619
PI;2210706;Simões;3010;4092;2679;4399;5689;8491;7102;7078;14180
PI;2210805;Simplício Mendes;3683;2304;3480;2610;7163;4914;5987;6090;12077
PI;2210904;Socorro do Piauí;827;1394;803;1498;1630;2892;2221;2301;4522
PI;2210938;Sussuapara;789;2341;793;2306;1582;4647;3130;3099;6229
PI;2210953;Tamboril do Piauí;751;559;761;682;1512;1241;1310;1443;2753
PI;2210979;Tanque do Piauí;640;704;599;677;1239;1381;1344;1276;2620
PI;2211001;Teresina;410950;22668;356607;24005;767557;46673;433618;380612;814230
PI;2211100;União;10804;10446;10161;11243;20965;21689;21250;21404;42654
PI;2211209;Uruçuí;8028;2212;7477;2432;15505;4644;10240;9909;20149
PI;2211308;Valença do Piauí;8511;2238;7287;2290;15798;4528;10749;9577;20326
PI;2211357;Várzea Branca;595;1820;552;1946;1147;3766;2415;2498;4913
PI;2211407;Várzea Grande;1385;903;1196;852;2581;1755;2288;2048;4336
PI;2211506;Vera Mendes;520;974;446;1046;966;2020;1494;1492;2986
PI;2211605;Vila Nova do Piauí;405;1095;354;1222;759;2317;1500;1576;3076
PI;2211704;Wall Ferraz;616;1499;550;1615;1166;3114;2115;2165;4280
PR;4100103;Abatiá;2901;947;2831;1085;5732;2032;3848;3916;7764
PR;4100202;Adrianópolis;1051;2027;1009;2289;2060;4316;3078;3298;6376
PR;4100301;Agudos do Sul;1396;2568;1426;2880;2822;5448;3964;4306;8270
PR;4100400;Almirante Tamandaré;50012;2056;48880;2256;98892;4312;52068;51136;103204
PR;4100459;Altamira do Paraná;1086;1018;1049;1153;2135;2171;2104;2202;4306
PR;4100509;Altônia;7795;2564;7299;2858;15094;5422;10359;10157;20516
PR;4100608;Alto Paraná;5671;1150;5550;1292;11221;2442;6821;6842;13663
PR;4100707;Alto Piquiri;4185;865;4191;938;8376;1803;5050;5129;10179
PR;4100806;Alvorada do Sul;3709;1369;3629;1576;7338;2945;5078;5205;10283
PR;4100905;Amaporã;2192;494;2138;619;4330;1113;2686;2757;5443
PR;4101002;Ampére;6775;1947;6482;2104;13257;4051;8722;8586;17308
PR;4101051;Anahy;1081;354;1027;412;2108;766;1435;1439;2874
PR;4101101;Andirá;9973;596;9378;663;19351;1259;10569;10041;20610
PR;4101150;Ângulo;1114;288;1139;318;2253;606;1402;1457;2859
PR;4101200;Antonina;8196;1346;7867;1482;16063;2828;9542;9349;18891
PR;4101309;Antônio Olinto;341;3153;346;3511;687;6664;3494;3857;7351
PR;4101408;Apucarana;59031;3206;55067;3615;114098;6821;62237;58682;120919
PR;4101507;Arapongas;52031;1080;49820;1219;101851;2299;53111;51039;104150
PR;4101606;Arapoti;11003;1903;10775;2174;21778;4077;12906;12949;25855
PR;4101655;Arapuã;713;1084;621;1143;1334;2227;1797;1764;3561
PR;4101705;Araruna;5256;1339;5219;1605;10475;2944;6595;6824;13419
PR;4101804;Araucária;55179;4338;55026;4580;110205;8918;59517;59606;119123
PR;4101853;Ariranha do Ivaí;454;770;450;779;904;1549;1224;1229;2453
PR;4101903;Assaí;7021;1321;6566;1446;13587;2767;8342;8012;16354
PR;4102000;Assis Chateaubriand;14901;1946;14112;2066;29013;4012;16847;16178;33025
PR;4102109;Astorga;11545;1011;11014;1128;22559;2139;12556;12142;24698
PR;4102208;Atalaia;1683;260;1664;306;3347;566;1943;1970;3913
PR;4102307;Balsa Nova;3415;2164;3455;2266;6870;4430;5579;5721;11300
PR;4102406;Bandeirantes;14816;1817;13568;1983;28384;3800;16633;15551;32184
PR;4102505;Barbosa Ferraz;4885;1420;4696;1655;9581;3075;6305;6351;12656
PR;4102604;Barracão;3639;1302;3369;1425;7008;2727;4941;4794;9735
PR;4102703;Barra do Jacaré;924;418;927;458;1851;876;1342;1385;2727
PR;4102752;Bela Vista da Caroba;543;1384;498;1520;1041;2904;1927;2018;3945
PR;4102802;Bela Vista do Paraíso;7346;416;6850;467;14196;883;7762;7317;15079
PR;4102901;Bituruna;4937;2793;4962;3188;9899;5981;7730;8150;15880
PR;4103008;Boa Esperança;1346;942;1294;986;2640;1928;2288;2280;4568
PR;4103024;Boa Esperança do Iguaçu;485;877;468;934;953;1811;1362;1402;2764
PR;4103040;Boa Ventura de São Roque;779;2429;765;2581;1544;5010;3208;3346;6554
PR;4103057;Boa Vista da Aparecida;2488;1429;2412;1582;4900;3011;3917;3994;7911
PR;4103107;Bocaiúva do Sul;2627;2808;2501;3051;5128;5859;5435;5552;10987
PR;4103156;Bom Jesus do Sul;468;1359;465;1504;933;2863;1827;1969;3796
PR;4103206;Bom Sucesso;2735;599;2594;633;5329;1232;3334;3227;6561
PR;4103222;Bom Sucesso do Sul;829;826;752;886;1581;1712;1655;1638;3293
PR;4103305;Borrazópolis;2955;990;2854;1079;5809;2069;3945;3933;7878
PR;4103354;Braganey;1720;1076;1697;1242;3417;2318;2796;2939;5735
PR;4103370;Brasilândia do Sul;1102;504;1078;525;2180;1029;1606;1603;3209
PR;4103404;Cafeara;1076;243;1119;257;2195;500;1319;1376;2695
PR;4103453;Cafelândia;6182;1135;6166;1179;12348;2314;7317;7345;14662
PR;4103479;Cafezal do Sul;1673;447;1652;518;3325;965;2120;2170;4290
PR;4103503;Califórnia;3043;975;2985;1066;6028;2041;4018;4051;8069
PR;4103602;Cambará;11502;736;10863;785;22365;1521;12238;11648;23886
PR;4103701;Cambé;47622;1812;45330;1969;92952;3781;49434;47299;96733
PR;4103800;Cambira;2754;803;2721;958;5475;1761;3557;3679;7236
PR;4103909;Campina da Lagoa;6422;1325;6135;1512;12557;2837;7747;7647;15394
PR;4103958;Campina do Simão;697;1243;691;1445;1388;2688;1940;2136;4076
PR;4104006;Campina Grande do Sul;16224;3316;15737;3492;31961;6808;19540;19229;38769
PR;4104055;Campo Bonito;1312;880;1268;947;2580;1827;2192;2215;4407
PR;4104105;Campo do Tenente;2046;1403;2148;1528;4194;2931;3449;3676;7125
PR;4104204;Campo Largo;47868;8849;46303;9357;94171;18206;56717;55660;112377
PR;4104253;Campo Magro;9798;2538;9749;2758;19547;5296;12336;12507;24843
PR;4104303;Campo Mourão;43011;2170;39665;2348;82676;4518;45181;42013;87194
PR;4104402;Cândido de Abreu;2444;5668;2308;6235;4752;11903;8112;8543;16655
PR;4104428;Candói;3630;3802;3396;4155;7026;7957;7432;7551;14983
PR;4104451;Cantagalo;4263;2127;4246;2316;8509;4443;6390;6562;12952
PR;4104501;Capanema;5811;3555;5339;3821;11150;7376;9366;9160;18526
PR;4104600;Capitão Leônidas Marques;5836;1660;5654;1820;11490;3480;7496;7474;14970
PR;4104659;Carambeí;6922;2539;6996;2706;13918;5245;9461;9702;19163
PR;4104709;Carlópolis;4748;2033;4605;2320;9353;4353;6781;6925;13706
PR;4104808;Cascavel;139236;7198;130813;8958;270049;16156;146434;139771;286205
PR;4104907;Castro;25168;8526;24098;9292;49266;17818;33694;33390;67084
PR;4105003;Catanduvas;2742;2268;2600;2592;5342;4860;5010;5192;10202
PR;4105102;Centenário do Sul;4753;875;4581;981;9334;1856;5628;5562;11190
PR;4105201;Cerro Azul;2468;5752;2340;6378;4808;12130;8220;8718;16938
PR;4105300;Céu Azul;4336;1283;4051;1362;8387;2645;5619;5413;11032
PR;4105409;Chopinzinho;6477;3427;6031;3744;12508;7171;9904;9775;19679
PR;4105508;Cianorte;32200;3717;30082;3959;62282;7676;35917;34041;69958
PR;4105607;Cidade Gaúcha;4624;907;4552;979;9176;1886;5531;5531;11062
PR;4105706;Clevelândia;7616;1185;7142;1297;14758;2482;8801;8439;17240
PR;4105805;Colombo;103187;4770;100016;4994;203203;9764;107957;105010;212967
PR;4105904;Colorado;10683;620;10322;720;21005;1340;11303;11042;22345
PR;4106001;Congonhinhas;2467;1575;2367;1870;4834;3445;4042;4237;8279
PR;4106100;Conselheiro Mairinck;1274;523;1241;598;2515;1121;1797;1839;3636
PR;4106209;Contenda;4606;3190;4625;3470;9231;6660;7796;8095;15891
PR;4106308;Corbélia;7220;1119;6756;1217;13976;2336;8339;7973;16312
PR;4106407;Cornélio Procópio;22997;1234;21311;1386;44308;2620;24231;22697;46928
PR;4106456;Coronel Domingos Soares;888;2559;865;2926;1753;5485;3447;3791;7238
PR;4106506;Coronel Vivida;8066;3062;7379;3242;15445;6304;11128;10621;21749
PR;4106555;Corumbataí do Sul;1097;875;1030;1000;2127;1875;1972;2030;4002
PR;4106571;Cruzeiro do Iguaçu;1355;790;1268;865;2623;1655;2145;2133;4278
PR;4106605;Cruzeiro do Oeste;9137;1291;8530;1458;17667;2749;10428;9988;20416
PR;4106704;Cruzeiro do Sul;1707;546;1697;613;3404;1159;2253;2310;4563
PR;4106803;Cruz Machado;3135;5583;2922;6400;6057;11983;8718;9322;18040
PR;4106852;Cruzmaltina;758;769;745;890;1503;1659;1527;1635;3162
PR;4106902;Curitiba;916792;0;835115;0;1751907;0;916792;835115;1751907
PR;4107009;Curiúva;4785;2031;4788;2319;9573;4350;6816;7107;13923
PR;4107108;Diamante do Norte;2327;459;2224;506;4551;965;2786;2730;5516
PR;4107124;Diamante do Sul;685;1029;720;1076;1405;2105;1714;1796;3510
PR;4107157;Diamante D'Oeste;1299;1158;1262;1308;2561;2466;2457;2570;5027
PR;4107207;Dois Vizinhos;14312;3881;13783;4203;28095;8084;18193;17986;36179
PR;4107256;Douradina;2625;1050;2611;1159;5236;2209;3675;3770;7445
PR;4107306;Doutor Camargo;2622;338;2487;381;5109;719;2960;2868;5828
PR;4107405;Enéas Marques;1094;1875;1032;2102;2126;3977;2969;3134;6103
PR;4107504;Engenheiro Beltrão;6210;770;6068;858;12278;1628;6980;6926;13906
PR;4107520;Esperança Nova;393;596;359;622;752;1218;989;981;1970
PR;4107538;Entre Rios do Oeste;1341;626;1301;658;2642;1284;1967;1959;3926
PR;4107546;Espigão Alto do Iguaçu;838;1453;808;1578;1646;3031;2291;2386;4677
PR;4107553;Farol;1046;703;972;751;2018;1454;1749;1723;3472
PR;4107603;Faxinal;6601;1688;6138;1887;12739;3575;8289;8025;16314
PR;4107652;Fazenda Rio Grande;38304;2797;37624;2950;75928;5747;41101;40574;81675
PR;4107702;Fênix;2040;364;1955;443;3995;807;2404;2398;4802
PR;4107736;Fernandes Pinheiro;1039;1854;1055;1984;2094;3838;2893;3039;5932
PR;4107751;Figueira;3628;562;3463;640;7091;1202;4190;4103;8293
PR;4107801;Floraí;2271;277;2201;301;4472;578;2548;2502;5050
PR;4107850;Flor da Serra do Sul;849;1479;795;1603;1644;3082;2328;2398;4726
PR;4107900;Floresta;2761;217;2709;244;5470;461;2978;2953;5931
PR;4108007;Florestópolis;5209;326;5335;352;10544;678;5535;5687;11222
PR;4108106;Flórida;1150;104;1172;117;2322;221;1254;1289;2543
PR;4108205;Formosa do Oeste;2536;1221;2434;1350;4970;2571;3757;3784;7541
PR;4108304;Foz do Iguaçu;130858;1012;123104;1114;253962;2126;131870;124218;256088
PR;4108320;Francisco Alves;2151;1043;2083;1141;4234;2184;3194;3224;6418
PR;4108403;Francisco Beltrão;34806;5179;32643;6315;67449;11494;39985;38958;78943
PR;4108452;Foz do Jordão;2021;714;1906;779;3927;1493;2735;2685;5420
PR;4108502;General Carneiro;4816;1955;4753;2145;9569;4100;6771;6898;13669
PR;4108551;Godoy Moreira;794;842;753;948;1547;1790;1636;1701;3337
PR;4108601;Goioerê;13174;1838;12068;1938;25242;3776;15012;14006;29018
PR;4108650;Goioxim;863;2716;893;3031;1756;5747;3579;3924;7503
PR;4108700;Grandes Rios;1792;1448;1768;1617;3560;3065;3240;3385;6625
PR;4108809;Guaíra;14589;1183;13617;1315;28206;2498;15772;14932;30704
PR;4108908;Guairaçá;2505;586;2454;652;4959;1238;3091;3106;6197
PR;4108957;Guamiranga;1111;2781;1125;2883;2236;5664;3892;4008;7900
PR;4109005;Guapirama;1488;469;1412;522;2900;991;1957;1934;3891
PR;4109104;Guaporema;643;441;638;497;1281;938;1084;1135;2219
PR;4109203;Guaraci;2161;492;2039;535;4200;1027;2653;2574;5227
PR;4109302;Guaraniaçu;4101;3218;3703;3560;7804;6778;7319;7263;14582
PR;4109401;Guarapuava;78720;6811;74273;7524;152993;14335;85531;81797;167328
PR;4109500;Guaraqueçaba;1352;2343;1331;2845;2683;5188;3695;4176;7871
PR;4109609;Guaratuba;14594;1526;14211;1764;28805;3290;16120;15975;32095
PR;4109658;Honório Serpa;1013;1850;975;2117;1988;3967;2863;3092;5955
PR;4109708;Ibaiti;11696;2582;11420;3053;23116;5635;14278;14473;28751
PR;4109757;Ibema;2499;531;2442;594;4941;1125;3030;3036;6066
PR;4109807;Ibiporã;23687;1074;22208;1229;45895;2303;24761;23437;48198
PR;4109906;Icaraíma;3167;1214;3073;1385;6240;2599;4381;4458;8839
PR;4110003;Iguaraçu;1791;187;1768;236;3559;423;1978;2004;3982
PR;4110052;Iguatu;731;367;707;429;1438;796;1098;1136;2234
PR;4110078;Imbaú;3534;1992;3526;2222;7060;4214;5526;5748;11274
PR;4110102;Imbituva;8923;5142;8965;5425;17888;10567;14065;14390;28455
PR;4110201;Inácio Martins;3179;2160;3109;2495;6288;4655;5339;5604;10943
PR;4110300;Inajá;1355;105;1406;122;2761;227;1460;1528;2988
PR;4110409;Indianópolis;1577;535;1570;617;3147;1152;2112;2187;4299
PR;4110508;Ipiranga;2473;4349;2416;4912;4889;9261;6822;7328;14150
PR;4110607;Iporã;6037;1551;5740;1653;11777;3204;7588;7393;14981
PR;4110656;Iracema do Oeste;998;260;1004;316;2002;576;1258;1320;2578
PR;4110706;Irati;23118;5381;21814;5894;44932;11275;28499;27708;56207
PR;4110805;Iretama;3145;2044;3042;2391;6187;4435;5189;5433;10622
PR;4110904;Itaguajé;1829;443;1807;489;3636;932;2272;2296;4568
PR;4110953;Itaipulândia;2413;2064;2328;2221;4741;4285;4477;4549;9026
PR;4111001;Itambaracá;2553;816;2527;863;5080;1679;3369;3390;6759
PR;4111100;Itambé;2895;138;2779;167;5674;305;3033;2946;5979
PR;4111209;Itapejara d'Oeste;3583;1686;3404;1858;6987;3544;5269;5262;10531
PR;4111258;Itaperuçu;10052;1851;9904;2080;19956;3931;11903;11984;23887
PR;4111308;Itaúna do Sul;1268;493;1281;541;2549;1034;1761;1822;3583
PR;4111407;Ivaí;2306;3825;2323;4361;4629;8186;6131;6684;12815
PR;4111506;Ivaiporã;14300;2096;13138;2282;27438;4378;16396;15420;31816
PR;4111555;Ivaté;2605;1101;2628;1180;5233;2281;3706;3808;7514
PR;4111605;Ivatuba;1182;392;1112;324;2294;716;1574;1436;3010
PR;4111704;Jaboti;1534;880;1493;995;3027;1875;2414;2488;4902
PR;4111803;Jacarezinho;17954;2031;16820;2316;34774;4347;19985;19136;39121
PR;4111902;Jaguapitã;5240;876;5140;969;10380;1845;6116;6109;12225
PR;4112009;Jaguariaíva;14338;2176;13703;2389;28041;4565;16514;16092;32606
PR;4112108;Jandaia do Sul;9496;893;8835;1045;18331;1938;10389;9880;20269
PR;4112207;Janiópolis;2061;1198;1977;1296;4038;2494;3259;3273;6532
PR;4112306;Japira;1373;991;1360;1179;2733;2170;2364;2539;4903
PR;4112405;Japurá;3782;443;3837;487;7619;930;4225;4324;8549
PR;4112504;Jardim Alegre;3682;2373;3489;2780;7171;5153;6055;6269;12324
PR;4112603;Jardim Olinda;506;204;495;204;1001;408;710;699;1409
PR;4112702;Jataizinho;5616;386;5437;436;11053;822;6002;5873;11875
PR;4112751;Jesuítas;3126;1406;2944;1525;6070;2931;4532;4469;9001
PR;4112801;Joaquim Távora;4225;1190;3995;1326;8220;2516;5415;5321;10736
PR;4112900;Jundiaí do Sul;998;697;978;760;1976;1457;1695;1738;3433
PR;4112959;Juranda;2967;859;2872;943;5839;1802;3826;3815;7641
PR;4113007;Jussara;3021;329;2903;357;5924;686;3350;3260;6610
PR;4113106;Kaloré;1589;629;1629;659;3218;1288;2218;2288;4506
PR;4113205;Lapa;13872;8414;13350;9296;27222;17710;22286;22646;44932
PR;4113254;Laranjal;1039;2085;992;2244;2031;4329;3124;3236;6360
PR;4113304;Laranjeiras do Sul;13067;2718;11964;3028;25031;5746;15785;14992;30777
PR;4113403;Leópolis;1232;859;1169;885;2401;1744;2091;2054;4145
PR;4113429;Lidianópolis;1054;957;992;970;2046;1927;2011;1962;3973
PR;4113452;Lindoeste;1182;1387;1202;1590;2384;2977;2569;2792;5361
PR;4113502;Loanda;9895;859;9379;1068;19274;1927;10754;10447;21201
PR;4113601;Lobato;2031;136;2074;160;4105;296;2167;2234;4401
PR;4113700;Londrina;257882;5760;235638;7421;493520;13181;263642;243059;506701
PR;4113734;Luiziana;2368;1211;2388;1348;4756;2559;3579;3736;7315
PR;4113759;Lunardelli;1867;734;1727;832;3594;1566;2601;2559;5160
PR;4113809;Lupionópolis;2095;236;1984;277;4079;513;2331;2261;4592
PR;4113908;Mallet;3840;2434;3730;2969;7570;5403;6274;6699;12973
PR;4114005;Mamborê;4622;2392;4362;2585;8984;4977;7014;6947;13961
PR;4114104;Mandaguaçu;8864;1064;8721;1132;17585;2196;9928;9853;19781
PR;4114203;Mandaguari;15833;790;15101;934;30934;1724;16623;16035;32658
PR;4114302;Mandirituba;3720;7185;3694;7621;7414;14806;10905;11315;22220
PR;4114351;Manfrinópolis;300;1147;352;1328;652;2475;1447;1680;3127
PR;4114401;Mangueirinha;4417;4192;3977;4462;8394;8654;8609;8439;17048
PR;4114500;Manoel Ribas;3502;3140;3303;3224;6805;6364;6642;6527;13169
PR;4114609;Marechal Cândido Rondon;20295;3691;18852;3981;39147;7672;23986;22833;46819
PR;4114708;Maria Helena;2035;928;1959;1034;3994;1962;2963;2993;5956
PR;4114807;Marialva;13200;2964;12592;3203;25792;6167;16164;15795;31959
PR;4114906;Marilândia do Sul;3171;1192;3143;1357;6314;2549;4363;4500;8863
PR;4115002;Marilena;2455;870;2529;1004;4984;1874;3325;3533;6858
PR;4115101;Mariluz;4279;832;4188;925;8467;1757;5111;5113;10224
PR;4115200;Maringá;182236;3117;168417;3307;350653;6424;185353;171724;357077
PR;4115309;Mariópolis;2293;859;2176;940;4469;1799;3152;3116;6268
PR;4115358;Maripá;1659;1185;1603;1237;3262;2422;2844;2840;5684
PR;4115408;Marmeleiro;4552;2439;4272;2637;8824;5076;6991;6909;13900
PR;4115457;Marquinho;264;2105;260;2352;524;4457;2369;2612;4981
PR;4115507;Marumbi;1593;722;1548;740;3141;1462;2315;2288;4603
PR;4115606;Matelândia;5991;2119;5622;2346;11613;4465;8110;7968;16078
PR;4115705;Matinhos;15026;67;14253;82;29279;149;15093;14335;29428
PR;4115739;Mato Rico;482;1307;475;1554;957;2861;1789;2029;3818
PR;4115754;Mauá da Serra;3464;730;3549;812;7013;1542;4194;4361;8555
PR;4115804;Medianeira;19079;2171;18311;2256;37390;4427;21250;20567;41817
PR;4115853;Mercedes;1240;1282;1199;1325;2439;2607;2522;2524;5046
PR;4115903;Mirador;792;355;787;393;1579;748;1147;1180;2327
PR;4116000;Miraselva;729;210;701;222;1430;432;939;923;1862
PR;4116059;Missal;2760;2445;2660;2609;5420;5054;5205;5269;10474
PR;4116109;Moreira Sales;5012;1279;4921;1394;9933;2673;6291;6315;12606
PR;4116208;Morretes;3662;4106;3516;4434;7178;8540;7768;7950;15718
PR;4116307;Munhoz de Melo;1503;333;1471;365;2974;698;1836;1836;3672
PR;4116406;Nossa Senhora das Graças;1569;315;1613;339;3182;654;1884;1952;3836
PR;4116505;Nova Aliança do Ivaí;536;177;505;213;1041;390;713;718;1431
PR;4116604;Nova América da Colina;1238;471;1286;483;2524;954;1709;1769;3478
PR;4116703;Nova Aurora;4645;1393;4395;1433;9040;2826;6038;5828;11866
PR;4116802;Nova Cantu;2110;1558;1994;1763;4104;3321;3668;3757;7425
PR;4116901;Nova Esperança;12495;1101;11828;1191;24323;2292;13596;13019;26615
PR;4116950;Nova Esperança do Sudoeste;857;1584;887;1770;1744;3354;2441;2657;5098
PR;4117008;Nova Fátima;3370;743;3239;795;6609;1538;4113;4034;8147
PR;4117057;Nova Laranjeiras;1226;4324;1146;4545;2372;8869;5550;5691;11241
PR;4117107;Nova Londrina;6137;505;5877;548;12014;1053;6642;6425;13067
PR;4117206;Nova Olímpia;2407;405;2278;413;4685;818;2812;2691;5503
PR;4117214;Nova Santa Bárbara;1728;284;1551;345;3279;629;2012;1896;3908
PR;4117222;Nova Santa Rosa;2712;1123;2603;1188;5315;2311;3835;3791;7626
PR;4117255;Nova Prata do Iguaçu;3115;2037;2952;2273;6067;4310;5152;5225;10377
PR;4117271;Nova Tebas;1457;2127;1434;2380;2891;4507;3584;3814;7398
PR;4117297;Novo Itacolomi;763;579;825;660;1588;1239;1342;1485;2827
PR;4117305;Ortigueira;4858;6444;4729;7349;9587;13793;11302;12078;23380
PR;4117404;Ourizona;1516;159;1528;177;3044;336;1675;1705;3380
PR;4117453;Ouro Verde do Oeste;2056;769;1983;884;4039;1653;2825;2867;5692
PR;4117503;Paiçandu;17872;242;17573;249;35445;491;18114;17822;35936
PR;4117602;Palmas;20237;1468;19558;1625;39795;3093;21705;21183;42888
PR;4117701;Palmeira;9962;6115;9413;6633;19375;12748;16077;16046;32123
PR;4117800;Palmital;3812;3540;3587;3926;7399;7466;7352;7513;14865
PR;4117909;Palotina;12706;1980;11940;2057;24646;4037;14686;13997;28683
PR;4118006;Paraíso do Norte;5608;313;5491;360;11099;673;5921;5851;11772
PR;4118105;Paranacity;4781;354;4688;427;9469;781;5135;5115;10250
PR;4118204;Paranaguá;68805;2358;66581;2725;135386;5083;71163;69306;140469
PR;4118303;Paranapoema;1266;142;1234;149;2500;291;1408;1383;2791
PR;4118402;Paranavaí;40471;1837;37257;2025;77728;3862;42308;39282;81590
PR;4118451;Pato Bragado;1561;893;1432;936;2993;1829;2454;2368;4822
PR;4118501;Pato Branco;35281;2105;32810;2174;68091;4279;37386;34984;72370
PR;4118600;Paula Freitas;1368;1264;1380;1422;2748;2686;2632;2802;5434
PR;4118709;Paulo Frontin;1121;2159;1052;2581;2173;4740;3280;3633;6913
PR;4118808;Peabiru;5658;1235;5351;1380;11009;2615;6893;6731;13624
PR;4118857;Perobal;1584;1244;1496;1329;3080;2573;2828;2825;5653
PR;4118907;Pérola;4163;1041;3907;1097;8070;2138;5204;5004;10208
PR;4119004;Pérola d'Oeste;1647;1713;1540;1861;3187;3574;3360;3401;6761
PR;4119103;Piên;2243;3234;2280;3479;4523;6713;5477;5759;11236
PR;4119152;Pinhais;60199;0;56809;0;117008;0;60199;56809;117008
PR;4119202;Pinhalão;2003;1047;1921;1244;3924;2291;3050;3165;6215
PR;4119251;Pinhal de São Bento;575;681;591;778;1166;1459;1256;1369;2625
PR;4119301;Pinhão;7892;7135;7425;7756;15317;14891;15027;15181;30208
PR;4119400;Piraí do Sul;8306;3498;7796;3824;16102;7322;11804;11620;23424
PR;4119509;Piraquara;23278;21735;22460;25734;45738;47469;45013;48194;93207
PR;4119608;Pitanga;10586;5802;10004;6246;20590;12048;16388;16250;32638
PR;4119657;Pitangueiras;1009;364;1031;410;2040;774;1373;1441;2814
PR;4119707;Planaltina do Paraná;1377;648;1396;674;2773;1322;2025;2070;4095
PR;4119806;Planalto;3207;3598;2861;3988;6068;7586;6805;6849;13654
PR;4119905;Ponta Grossa;157002;3247;147731;3631;304733;6878;160249;151362;311611
PR;4119954;Pontal do Paraná;10465;98;10278;79;20743;177;10563;10357;20920
PR;4120002;Porecatu;5828;1325;5614;1422;11442;2747;7153;7036;14189
PR;4120101;Porto Amazonas;1495;763;1453;803;2948;1566;2258;2256;4514
PR;4120150;Porto Barreiro;358;1390;333;1582;691;2972;1748;1915;3663
PR;4120200;Porto Rico;889;357;875;409;1764;766;1246;1284;2530
PR;4120309;Porto Vitória;1125;834;1110;951;2235;1785;1959;2061;4020
PR;4120333;Prado Ferreira;1499;195;1516;224;3015;419;1694;1740;3434
PR;4120358;Pranchita;1830;982;1775;1041;3605;2023;2812;2816;5628
PR;4120408;Presidente Castelo Branco;2052;277;2145;310;4197;587;2329;2455;4784
PR;4120507;Primeiro de Maio;5076;355;5007;394;10083;749;5431;5401;10832
PR;4120606;Prudentópolis;11667;12234;10796;14095;22463;26329;23901;24891;48792
PR;4120655;Quarto Centenário;1485;980;1427;964;2912;1944;2465;2391;4856
PR;4120705;Quatiguá;3266;326;3106;347;6372;673;3592;3453;7045
PR;4120804;Quatro Barras;9032;864;8909;1046;17941;1910;9896;9955;19851
PR;4120853;Quatro Pontes;1290;663;1147;703;2437;1366;1953;1850;3803
PR;4120903;Quedas do Iguaçu;10709;4499;10278;5119;20987;9618;15208;15397;30605
PR;4121000;Querência do Norte;3876;1916;3746;2191;7622;4107;5792;5937;11729
PR;4121109;Quinta do Sol;1938;605;1873;672;3811;1277;2543;2545;5088
PR;4121208;Quitandinha;2444;5808;2443;6394;4887;12202;8252;8837;17089
PR;4121257;Ramilândia;1045;965;998;1126;2043;2091;2010;2124;4134
PR;4121307;Rancho Alegre;1758;244;1712;241;3470;485;2002;1953;3955
PR;4121356;Rancho Alegre D'Oeste;1161;272;1142;272;2303;544;1433;1414;2847
PR;4121406;Realeza;6112;2222;5684;2320;11796;4542;8334;8004;16338
PR;4121505;Rebouças;3819;3156;3686;3515;7505;6671;6975;7201;14176
PR;4121604;Renascença;1786;1599;1699;1728;3485;3327;3385;3427;6812
PR;4121703;Reserva;6182;6064;6024;6902;12206;12966;12246;12926;25172
PR;4121752;Reserva do Iguaçu;1970;1590;1935;1812;3905;3402;3560;3747;7307
PR;4121802;Ribeirão Claro;3686;1720;3399;1873;7085;3593;5406;5272;10678
PR;4121901;Ribeirão do Pinhal;5620;1173;5458;1273;11078;2446;6793;6731;13524
PR;4122008;Rio Azul;2560;4193;2452;4888;5012;9081;6753;7340;14093
PR;4122107;Rio Bom;996;596;1011;731;2007;1327;1592;1742;3334
PR;4122156;Rio Bonito do Iguaçu;1685;4917;1637;5422;3322;10339;6602;7059;13661
PR;4122172;Rio Branco do Ivaí;478;1458;441;1521;919;2979;1936;1962;3898
PR;4122206;Rio Branco do Sul;11036;4068;11009;4537;22045;8605;15104;15546;30650
PR;4122305;Rio Negro;13083;2621;12627;2943;25710;5564;15704;15570;31274
PR;4122404;Rolândia;27954;1449;26795;1664;54749;3113;29403;28459;57862
PR;4122503;Roncador;3638;2076;3482;2341;7120;4417;5714;5823;11537
PR;4122602;Rondon;3589;843;3607;957;7196;1800;4432;4564;8996
PR;4122651;Rosário do Ivaí;1379;1378;1342;1489;2721;2867;2757;2831;5588
PR;4122701;Sabáudia;2575;470;2522;529;5097;999;3045;3051;6096
PR;4122800;Salgado Filho;1127;1028;1127;1121;2254;2149;2155;2248;4403
PR;4122909;Salto do Itararé;1887;677;1836;778;3723;1455;2564;2614;5178
PR;4123006;Salto do Lontra;3756;2992;3675;3266;7431;6258;6748;6941;13689
PR;4123105;Santa Amélia;1454;443;1432;474;2886;917;1897;1906;3803
PR;4123204;Santa Cecília do Pavão;1572;270;1485;319;3057;589;1842;1804;3646
PR;4123303;Santa Cruz de Monte Castelo;2937;1104;2816;1235;5753;2339;4041;4051;8092
PR;4123402;Santa Fé;4759;555;4473;645;9232;1200;5314;5118;10432
PR;4123501;Santa Helena;6568;5339;6018;5488;12586;10827;11907;11506;23413
PR;4123600;Santa Inês;587;304;605;322;1192;626;891;927;1818
PR;4123709;Santa Isabel do Ivaí;3570;803;3492;895;7062;1698;4373;4387;8760
PR;4123808;Santa Izabel do Oeste;3790;2714;3631;2997;7421;5711;6504;6628;13132
PR;4123824;Santa Lúcia;1309;657;1227;732;2536;1389;1966;1959;3925
PR;4123857;Santa Maria do Oeste;1629;3958;1582;4331;3211;8289;5587;5913;11500
PR;4123907;Santa Mariana;4259;2005;4061;2110;8320;4115;6264;6171;12435
PR;4123956;Santa Mônica;714;1014;761;1082;1475;2096;1728;1843;3571
PR;4124004;Santana do Itararé;1759;847;1697;946;3456;1793;2606;2643;5249
PR;4124020;Santa Tereza do Oeste;4007;1077;4028;1220;8035;2297;5084;5248;10332
PR;4124053;Santa Terezinha de Itaipu;9687;957;9150;1047;18837;2004;10644;10197;20841
PR;4124103;Santo Antônio da Platina;18979;2725;17965;3038;36944;5763;21704;21003;42707
PR;4124202;Santo Antônio do Caiuá;1097;284;1026;320;2123;604;1381;1346;2727
PR;4124301;Santo Antônio do Paraíso;948;260;874;326;1822;586;1208;1200;2408
PR;4124400;Santo Antônio do Sudoeste;7142;2486;6569;2696;13711;5182;9628;9265;18893
PR;4124509;Santo Inácio;2083;523;2117;546;4200;1069;2606;2663;5269
PR;4124608;São Carlos do Ivaí;2778;322;2901;353;5679;675;3100;3254;6354
PR;4124707;São Jerônimo da Serra;2883;2608;2778;3068;5661;5676;5491;5846;11337
PR;4124806;São João;3461;1898;3274;1966;6735;3864;5359;5240;10599
PR;4124905;São João do Caiuá;2566;420;2473;452;5039;872;2986;2925;5911
PR;4125001;São João do Ivaí;4603;1244;4271;1407;8874;2651;5847;5678;11525
PR;4125100;São João do Triunfo;2044;4452;2004;5204;4048;9656;6496;7208;13704
PR;4125209;São Jorge d'Oeste;2707;1832;2507;2039;5214;3871;4539;4546;9085
PR;4125308;São Jorge do Ivaí;2453;340;2328;396;4781;736;2793;2724;5517
PR;4125357;São Jorge do Patrocínio;1781;1192;1758;1310;3539;2502;2973;3068;6041
PR;4125407;São José da Boa Vista;1944;1204;1920;1443;3864;2647;3148;3363;6511
PR;4125456;São José das Palmeiras;1225;679;1186;740;2411;1419;1904;1926;3830
PR;4125506;São José dos Pinhais;120438;13175;116457;14140;236895;27315;133613;130597;264210
PR;4125555;São Manoel do Paraná;589;455;570;484;1159;939;1044;1054;2098
PR;4125605;São Mateus do Sul;13098;7378;12608;8173;25706;15551;20476;20781;41257
PR;4125704;São Miguel do Iguaçu;8424;4488;8061;4796;16485;9284;12912;12857;25769
PR;4125753;São Pedro do Iguaçu;2030;1169;2025;1267;4055;2436;3199;3292;6491
PR;4125803;São Pedro do Ivaí;4025;1027;4019;1096;8044;2123;5052;5115;10167
PR;4125902;São Pedro do Paraná;827;403;804;457;1631;860;1230;1261;2491
PR;4126009;São Sebastião da Amoreira;3881;489;3712;544;7593;1033;4370;4256;8626
PR;4126108;São Tomé;2228;425;2218;478;4446;903;2653;2696;5349
PR;4126207;Sapopema;1764;1465;1788;1719;3552;3184;3229;3507;6736
PR;4126256;Sarandi;41693;324;40453;377;82146;701;42017;40830;82847
PR;4126272;Saudade do Iguaçu;1274;1217;1229;1308;2503;2525;2491;2537;5028
PR;4126306;Sengés;7433;1518;7674;1789;15107;3307;8951;9463;18414
PR;4126355;Serranópolis do Iguaçu;1218;1121;1104;1125;2322;2246;2339;2229;4568
PR;4126405;Sertaneja;2583;338;2522;374;5105;712;2921;2896;5817
PR;4126504;Sertanópolis;6993;897;6718;1030;13711;1927;7890;7748;15638
PR;4126603;Siqueira Campos;6830;2418;6594;2612;13424;5030;9248;9206;18454
PR;4126652;Sulina;710;971;680;1033;1390;2004;1681;1713;3394
PR;4126678;Tamarana;2928;3058;2930;3346;5858;6404;5986;6276;12262
PR;4126702;Tamboara;2028;327;1968;341;3996;668;2355;2309;4664
PR;4126801;Tapejara;6603;690;6563;742;13166;1432;7293;7305;14598
PR;4126900;Tapira;1759;1159;1676;1242;3435;2401;2918;2918;5836
PR;4127007;Teixeira Soares;2344;2607;2452;2880;4796;5487;4951;5332;10283
PR;4127106;Telêmaco Borba;34814;672;33626;760;68440;1432;35486;34386;69872
PR;4127205;Terra Boa;6683;1271;6368;1454;13051;2725;7954;7822;15776
PR;4127304;Terra Rica;6273;1339;6097;1512;12370;2851;7612;7609;15221
PR;4127403;Terra Roxa;6600;1864;6201;2094;12801;3958;8464;8295;16759
PR;4127502;Tibagi;5932;3608;5736;4068;11668;7676;9540;9804;19344
PR;4127601;Tijucas do Sul;1144;5847;1141;6405;2285;12252;6991;7546;14537
PR;4127700;Toledo;55634;5342;52625;5712;108259;11054;60976;58337;119313
PR;4127809;Tomazina;2064;2197;2055;2475;4119;4672;4261;4530;8791
PR;4127858;Três Barras do Paraná;3092;2738;3003;2991;6095;5729;5830;5994;11824
PR;4127882;Tunas do Paraná;1378;1607;1414;1857;2792;3464;2985;3271;6256
PR;4127908;Tuneiras do Oeste;2969;1285;3004;1437;5973;2722;4254;4441;8695
PR;4127957;Tupãssi;3124;822;3162;889;6286;1711;3946;4051;7997
PR;4127965;Turvo;2613;4218;2435;4545;5048;8763;6831;6980;13811
PR;4128005;Ubiratã;9516;1538;8881;1623;18397;3161;11054;10504;21558
PR;4128104;Umuarama;48410;3478;45045;3743;93455;7221;51888;48788;100676
PR;4128203;União da Vitória;25664;1253;24319;1499;49983;2752;26917;25818;52735
PR;4128302;Uniflor;1004;230;983;249;1987;479;1234;1232;2466
PR;4128401;Uraí;4775;1016;4583;1098;9358;2114;5791;5681;11472
PR;4128500;Wenceslau Braz;7999;1788;7510;2001;15509;3789;9787;9511;19298
PR;4128534;Ventania;3204;1609;3307;1837;6511;3446;4813;5144;9957
PR;4128559;Vera Cruz do Oeste;3546;1016;3317;1094;6863;2110;4562;4411;8973
PR;4128609;Verê;1680;2260;1601;2337;3281;4597;3940;3938;7878
PR;4128625;Vila Alta;914;673;858;761;1772;1434;1587;1619;3206
PR;4128633;Doutor Ulysses;470;2277;459;2521;929;4798;2747;2980;5727
PR;4128658;Virmond;965;986;915;1084;1880;2070;1951;1999;3950
PR;4128708;Vitorino;2053;1230;1935;1295;3988;2525;3283;3230;6513
PR;4128807;Xambrê;1029;1985;961;2037;1990;4022;3014;2998;6012
PR;4199919;Assunguy de Cima;;;;;;;;;
PR;4199929;Conchas;;;;;;;;;
PR;4199939;Palmira;;;;;;;;;
PR;4199949;Porto de Cima;;;;;;;;;
RJ;3300100;Angra dos Reis;81810;3035;81480;3186;163290;6221;84845;84666;169511
RJ;3300159;Aperibé;4545;645;4333;690;8878;1335;5190;5023;10213
RJ;3300209;Araruama;54998;2727;51488;2795;106486;5522;57725;54283;112008
RJ;3300225;Areal;5055;707;4868;793;9923;1500;5762;5661;11423
RJ;3300233;Armação dos Búzios;13818;0;13742;0;27560;0;13818;13742;27560
RJ;3300258;Arraial do Cabo;14088;0;13627;0;27715;0;14088;13627;27715
RJ;3300308;Barra do Piraí;48282;1342;43675;1479;91957;2821;49624;45154;94778
RJ;3300407;Barra Mansa;91299;722;84894;898;176193;1620;92021;85792;177813
RJ;3300456;Belford Roxo;242575;0;226757;0;469332;0;242575;226757;469332
RJ;3300506;Bom Jardim;7862;4751;7404;5316;15266;10067;12613;12720;25333
RJ;3300605;Bom Jesus do Itabapoana;15640;2575;14287;2909;29927;5484;18215;17196;35411
RJ;3300704;Cabo Frio;72476;22920;68010;22821;140486;45741;95396;90831;186227
RJ;3300803;Cachoeiras de Macacu;23830;3381;23114;3948;46944;7329;27211;27062;54273
RJ;3300902;Cambuci;5760;1660;5532;1875;11292;3535;7420;7407;14827
RJ;3300936;Carapebus;5258;1313;5284;1504;10542;2817;6571;6788;13359
RJ;3300951;Comendador Levy Gasparian;3957;147;3905;171;7862;318;4104;4076;8180
RJ;3301009;Campos dos Goytacazes;218469;22003;200256;23003;418725;45006;240472;223259;463731
RJ;3301108;Cantagalo;7187;2812;6835;2996;14022;5808;9999;9831;19830
RJ;3301157;Cardoso Moreira;4491;1839;4266;2004;8757;3843;6330;6270;12600
RJ;3301207;Carmo;6933;1901;6537;2063;13470;3964;8834;8600;17434
RJ;3301306;Casimiro de Abreu;14607;3317;13914;3509;28521;6826;17924;17423;35347
RJ;3301405;Conceição de Macabu;9327;1335;9010;1539;18337;2874;10662;10549;21211
RJ;3301504;Cordeiro;10386;263;9476;305;19862;568;10649;9781;20430
RJ;3301603;Duas Barras;3938;1481;3798;1713;7736;3194;5419;5511;10930
RJ;3301702;Duque de Caxias;442601;1373;409537;1537;852138;2910;443974;411074;855048
RJ;3301801;Engenheiro Paulo de Frontin;4943;1845;4580;1869;9523;3714;6788;6449;13237
RJ;3301850;Guapimirim;25352;851;24394;886;49746;1737;26203;25280;51483
RJ;3301876;Iguaba Grande;11805;0;11046;0;22851;0;11805;11046;22851
RJ;3301900;Itaboraí;110562;1256;104850;1340;215412;2596;111818;106190;218008
RJ;3302007;Itaguaí;52426;2256;51783;2626;104209;4882;54682;54409;109091
RJ;3302056;Italva;5385;1825;4857;1996;10242;3821;7210;6853;14063
RJ;3302106;Itaocara;9021;2686;8305;2887;17326;5573;11707;11192;22899
RJ;3302205;Itaperuna;45764;3524;42604;3949;88368;7473;49288;46553;95841
RJ;3302254;Itatiaia;14107;463;13706;507;27813;970;14570;14213;28783
RJ;3302270;Japeri;47412;0;48080;0;95492;0;47412;48080;95492
RJ;3302304;Laje do Muriaé;2886;850;2751;1000;5637;1850;3736;3751;7487
RJ;3302403;Macaé;102522;1774;100337;2095;202859;3869;104296;102432;206728
RJ;3302452;Macuco;2404;337;2189;339;4593;676;2741;2528;5269
RJ;3302502;Magé;110757;5989;104479;6097;215236;12086;116746;110576;227322
RJ;3302601;Mangaratiba;16410;2084;15710;2252;32120;4336;18494;17962;36456
RJ;3302700;Maricá;63844;968;61647;1002;125491;1970;64812;62649;127461
RJ;3302809;Mendes;9168;116;8533;118;17701;234;9284;8651;17935
RJ;3302858;Mesquita;88586;0;79790;0;168376;0;88586;79790;168376
RJ;3302908;Miguel Pereira;11416;1507;10085;1634;21501;3141;12923;11719;24642
RJ;3303005;Miracema;12809;1008;11932;1094;24741;2102;13817;13026;26843
RJ;3303104;Natividade;6216;1421;5830;1615;12046;3036;7637;7445;15082
RJ;3303203;Nilópolis;83751;0;73674;0;157425;0;83751;73674;157425
RJ;3303302;Niterói;261724;0;225838;0;487562;0;261724;225838;487562
RJ;3303401;Nova Friburgo;83773;11055;75599;11655;159372;22710;94828;87254;182082
RJ;3303500;Nova Iguaçu;410227;4280;377336;4414;787563;8694;414507;381750;796257
RJ;3303609;Paracambi;20937;2394;20785;3008;41722;5402;23331;23793;47124
RJ;3303708;Paraíba do Sul;18940;2393;17214;2537;36154;4930;21333;19751;41084
RJ;3303807;Parati;13938;4631;13751;5213;27689;9844;18569;18964;37533
RJ;3303856;Paty do Alferes;9690;3852;8895;3922;18585;7774;13542;12817;26359
RJ;3303906;Petrópolis;147592;7329;133694;7302;281286;14631;154921;140996;295917
RJ;3303955;Pinheiral;10561;1124;9850;1184;20411;2308;11685;11034;22719
RJ;3304003;Piraí;10765;2632;10071;2846;20836;5478;13397;12917;26314
RJ;3304102;Porciúncula;7102;1784;6788;2086;13890;3870;8886;8874;17760
RJ;3304110;Porto Real;8311;39;8186;56;16497;95;8350;8242;16592
RJ;3304128;Quatis;6222;333;5807;431;12029;764;6555;6238;12793
RJ;3304144;Queimados;71377;0;66585;0;137962;0;71377;66585;137962
RJ;3304151;Quissamã;6680;3519;6316;3727;12996;7246;10199;10043;20242
RJ;3304201;Resende;57926;3575;54405;3863;112331;7438;61501;58268;119769
RJ;3304300;Rio Bonito;21346;6887;19913;7405;41259;14292;28233;27318;55551
RJ;3304409;Rio Claro;6976;1680;6793;1976;13769;3656;8656;8769;17425
RJ;3304508;Rio das Flores;3098;1252;2861;1350;5959;2602;4350;4211;8561
RJ;3304524;Rio das Ostras;50686;2783;49219;2988;99905;5771;53469;52207;105676
RJ;3304557;Rio de Janeiro;3360629;0;2959817;0;6320446;0;3360629;2959817;6320446
RJ;3304607;Santa Maria Madalena;3038;2008;2894;2381;5932;4389;5046;5275;10321
RJ;3304706;Santo Antônio de Pádua;16022;4606;15078;4883;31100;9489;20628;19961;40589
RJ;3304755;São Francisco de Itabapoana;10639;9907;10453;10355;21092;20262;20546;20808;41354
RJ;3304805;São Fidélis;15473;3676;14206;4188;29679;7864;19149;18394;37543
RJ;3304904;São Gonçalo;524105;359;474894;370;998999;729;524464;475264;999728
RJ;3305000;São João da Barra;13042;3476;12651;3578;25693;7054;16518;16229;32747
RJ;3305109;São João de Meriti;240569;0;218104;0;458673;0;240569;218104;458673
RJ;3305133;São José de Ubá;1601;1904;1497;2001;3098;3905;3505;3498;7003
RJ;3305158;São José do Vale do Rio Preto;4586;5520;4421;5724;9007;11244;10106;10145;20251
RJ;3305208;São Pedro da Aldeia;41638;2806;40510;2921;82148;5727;44444;43431;87875
RJ;3305307;São Sebastião do Alto;2367;2061;2245;2222;4612;4283;4428;4467;8895
RJ;3305406;Sapucaia;6787;1972;6486;2280;13273;4252;8759;8766;17525
RJ;3305505;Saquarema;35548;1831;34908;1947;70456;3778;37379;36855;74234
RJ;3305554;Seropédica;32840;6913;31445;6988;64285;13901;39753;38433;78186
RJ;3305604;Silva Jardim;8159;2382;7962;2846;16121;5228;10541;10808;21349
RJ;3305703;Sumidouro;2777;4471;2663;4989;5440;9460;7248;7652;14900
RJ;3305752;Tanguá;13865;1578;13563;1726;27428;3304;15443;15289;30732
RJ;3305802;Teresópolis;76765;8706;69442;8833;146207;17539;85471;78275;163746
RJ;3305901;Trajano de Morais;2450;2581;2330;2928;4780;5509;5031;5258;10289
RJ;3306008;Três Rios;39383;1035;35782;1232;75165;2267;40418;37014;77432
RJ;3306107;Valença;32869;4524;29355;5095;62224;9619;37393;34450;71843
RJ;3306156;Varre-Sai;2950;1769;2840;1916;5790;3685;4719;4756;9475
RJ;3306206;Vassouras;12376;5643;10823;5568;23199;11211;18019;16391;34410
RJ;3306305;Volta Redonda;134827;57;122859;60;257686;117;134884;122919;257803
RJ;3399919;Sâo João Marcos;;;;;;;;;
RJ;3399929;São Sebastião do Parahyba;;;;;;;;;
RN;2400109;Acari;4677;994;4225;1139;8902;2133;5671;5364;11035
RN;2400208;Açu;20328;6758;19031;7110;39359;13868;27086;26141;53227
RN;2400307;Afonso Bezerra;3024;2369;2735;2716;5759;5085;5393;5451;10844
RN;2400406;Água Nova;981;519;927;553;1908;1072;1500;1480;2980
RN;2400505;Alexandria;4839;2052;4350;2266;9189;4318;6891;6616;13507
RN;2400604;Almino Afonso;1715;659;1764;733;3479;1392;2374;2497;4871
RN;2400703;Alto do Rodrigues;4485;1655;4388;1777;8873;3432;6140;6165;12305
RN;2400802;Angicos;5214;679;4871;785;10085;1464;5893;5656;11549
RN;2400901;Antônio Martins;1929;1484;1855;1639;3784;3123;3413;3494;6907
RN;2401008;Apodi;9103;8284;8428;8948;17531;17232;17387;17376;34763
RN;2401107;Areia Branca;10516;2454;9801;2544;20317;4998;12970;12345;25315
RN;2401206;Arês;4120;2394;3949;2461;8069;4855;6514;6410;12924
RN;2401305;Augusto Severo;2597;1984;2405;2303;5002;4287;4581;4708;9289
RN;2401404;Baía Formosa;3526;714;3602;731;7128;1445;4240;4333;8573
RN;2401453;Baraúna;7702;4209;7508;4763;15210;8972;11911;12271;24182
RN;2401503;Barcelona;907;1023;849;1171;1756;2194;1930;2020;3950
RN;2401602;Bento Fernandes;1036;1447;1031;1599;2067;3046;2483;2630;5113
RN;2401651;Bodó;686;479;707;553;1393;1032;1165;1260;2425
RN;2401701;Bom Jesus;3469;1263;3299;1409;6768;2672;4732;4708;9440
RN;2401800;Brejinho;4495;1282;4430;1370;8925;2652;5777;5800;11577
RN;2401859;Caiçara do Norte;2848;49;3046;73;5894;122;2897;3119;6016
RN;2401909;Caiçara do Rio do Vento;1292;372;1234;410;2526;782;1664;1644;3308
RN;2402006;Caicó;29927;2409;27534;2839;57461;5248;32336;30373;62709
RN;2402105;Campo Redondo;2717;2445;2480;2624;5197;5069;5162;5104;10266
RN;2402204;Canguaretama;10201;5243;10034;5438;20235;10681;15444;15472;30916
RN;2402303;Caraúbas;7186;2822;6518;3050;13704;5872;10008;9568;19576
RN;2402402;Carnaúba dos Dantas;3054;659;2974;742;6028;1401;3713;3716;7429
RN;2402501;Carnaubais;2427;2439;2330;2566;4757;5005;4866;4896;9762
RN;2402600;Ceará-Mirim;18540;15854;16954;16793;35494;32647;34394;33747;68141
RN;2402709;Cerro Corá;2489;2968;2253;3206;4742;6174;5457;5459;10916
RN;2402808;Coronel Ezequiel;1162;1496;1111;1636;2273;3132;2658;2747;5405
RN;2402907;Coronel João Pessoa;937;1467;840;1528;1777;2995;2404;2368;4772
RN;2403004;Cruzeta;3386;675;3135;771;6521;1446;4061;3906;7967
RN;2403103;Currais Novos;19958;2321;17819;2554;37777;4875;22279;20373;42652
RN;2403202;Doutor Severiano;1416;1883;1367;1826;2783;3709;3299;3193;6492
RN;2403251;Parnamirim;105461;0;96995;0;202456;0;105461;96995;202456
RN;2403301;Encanto;1107;1559;1023;1542;2130;3101;2666;2565;5231
RN;2403400;Equador;2425;437;2385;575;4810;1012;2862;2960;5822
RN;2403509;Espírito Santo;2497;2659;2503;2816;5000;5475;5156;5319;10475
RN;2403608;Extremoz;8041;4333;7728;4467;15769;8800;12374;12195;24569
RN;2403707;Felipe Guerra;1967;898;1908;961;3875;1859;2865;2869;5734
RN;2403756;Fernando Pedroza;1217;181;1220;236;2437;417;1398;1456;2854
RN;2403806;Florânia;3527;940;3330;1162;6857;2102;4467;4492;8959
RN;2403905;Francisco Dantas;854;563;793;664;1647;1227;1417;1457;2874
RN;2404002;Frutuoso Gomes;1497;664;1315;757;2812;1421;2161;2072;4233
RN;2404101;Galinhos;610;434;628;487;1238;921;1044;1115;2159
RN;2404200;Goianinha;7889;3390;7588;3614;15477;7004;11279;11202;22481
RN;2404309;Governador Dix-Sept Rosado;3452;2604;3354;2964;6806;5568;6056;6318;12374
RN;2404408;Grossos;3487;1144;3552;1210;7039;2354;4631;4762;9393
RN;2404507;Guamaré;2218;3963;2189;4034;4407;7997;6181;6223;12404
RN;2404606;Ielmo Marinho;777;5118;769;5507;1546;10625;5895;6276;12171
RN;2404705;Ipanguaçu;2741;4113;2642;4360;5383;8473;6854;7002;13856
RN;2404804;Ipueira;964;75;925;113;1889;188;1039;1038;2077
RN;2404853;Itajá;2830;559;2871;672;5701;1231;3389;3543;6932
RN;2404903;Itaú;2437;386;2352;389;4789;775;2823;2741;5564
RN;2405009;Jaçanã;2747;1243;2586;1349;5333;2592;3990;3935;7925
RN;2405108;Jandaíra;1955;1332;1999;1515;3954;2847;3287;3514;6801
RN;2405207;Janduís;2067;628;1925;725;3992;1353;2695;2650;5345
RN;2405306;Januário Cicco;1627;2747;1582;3055;3209;5802;4374;4637;9011
RN;2405405;Japi;2021;695;2086;720;4107;1415;2716;2806;5522
RN;2405504;Jardim de Angicos;218;1036;215;1138;433;2174;1254;1353;2607
RN;2405603;Jardim de Piranhas;5439;1343;5157;1567;10596;2910;6782;6724;13506
RN;2405702;Jardim do Seridó;5136;1091;4699;1187;9835;2278;6227;5886;12113
RN;2405801;João Câmara;11691;4494;10966;5076;22657;9570;16185;16042;32227
RN;2405900;João Dias;588;732;578;703;1166;1435;1320;1281;2601
RN;2406007;José da Penha;1898;1148;1644;1178;3542;2326;3046;2822;5868
RN;2406106;Jucurutu;5479;3344;5088;3781;10567;7125;8823;8869;17692
RN;2406155;Jundiá;469;1235;491;1387;960;2622;1704;1878;3582
RN;2406205;Lagoa d'Anta;2017;1078;1965;1167;3982;2245;3095;3132;6227
RN;2406304;Lagoa de Pedras;1122;2302;1115;2450;2237;4752;3424;3565;6989
RN;2406403;Lagoa de Velhos;886;415;907;460;1793;875;1301;1367;2668
RN;2406502;Lagoa Nova;3506;3553;3295;3629;6801;7182;7059;6924;13983
RN;2406601;Lagoa Salgada;2541;1223;2464;1336;5005;2559;3764;3800;7564
RN;2406700;Lajes;4167;1050;3901;1263;8068;2313;5217;5164;10381
RN;2406809;Lajes Pintadas;1229;1035;1161;1187;2390;2222;2264;2348;4612
RN;2406908;Lucrécia;1143;661;1137;692;2280;1353;1804;1829;3633
RN;2407005;Luís Gomes;3500;1387;3186;1537;6686;2924;4887;4723;9610
RN;2407104;Macaíba;21946;13087;20685;13749;42631;26836;35033;34434;69467
RN;2407203;Macau;11393;3379;10573;3609;21966;6988;14772;14182;28954
RN;2407252;Major Sales;1480;307;1420;329;2900;636;1787;1749;3536
RN;2407302;Marcelino Vieira;2563;1638;2331;1733;4894;3371;4201;4064;8265
RN;2407401;Martins;2592;1583;2444;1599;5036;3182;4175;4043;8218
RN;2407500;Maxaranguape;1931;3160;1958;3392;3889;6552;5091;5350;10441
RN;2407609;Messias Targino;1828;241;1810;309;3638;550;2069;2119;4188
RN;2407708;Montanhas;4538;1210;4332;1333;8870;2543;5748;5665;11413
RN;2407807;Monte Alegre;4637;5773;4365;5910;9002;11683;10410;10275;20685
RN;2407906;Monte das Gameleiras;655;452;628;526;1283;978;1107;1154;2261
RN;2408003;Mossoró;123661;10407;113580;12167;237241;22574;134068;125747;259815
RN;2408102;Natal;425792;0;377947;0;803739;0;425792;377947;803739
RN;2408201;Nísia Floresta;4738;6758;4642;7646;9380;14404;11496;12288;23784
RN;2408300;Nova Cruz;12576;5415;11804;5695;24380;11110;17991;17499;35490
RN;2408409;Olho-d'Água do Borges;1622;462;1618;593;3240;1055;2084;2211;4295
RN;2408508;Ouro Branco;1667;678;1591;763;3258;1441;2345;2354;4699
RN;2408607;Paraná;406;1505;415;1626;821;3131;1911;2041;3952
RN;2408706;Paraú;1698;236;1637;288;3335;524;1934;1925;3859
RN;2408805;Parazinho;1604;807;1533;901;3137;1708;2411;2434;4845
RN;2408904;Parelhas;8792;1601;8292;1669;17084;3270;10393;9961;20354
RN;2408953;Rio do Fogo;1818;3107;1930;3204;3748;6311;4925;5134;10059
RN;2409100;Passa e Fica;3449;2143;3306;2202;6755;4345;5592;5508;11100
RN;2409209;Passagem;608;833;583;871;1191;1704;1441;1454;2895
RN;2409308;Patu;5249;829;4910;976;10159;1805;6078;5886;11964
RN;2409332;Santa Maria;1517;826;1534;885;3051;1711;2343;2419;4762
RN;2409407;Pau dos Ferros;13205;1024;12346;1170;25551;2194;14229;13516;27745
RN;2409506;Pedra Grande;617;1132;544;1228;1161;2360;1749;1772;3521
RN;2409605;Pedra Preta;501;749;489;851;990;1600;1250;1340;2590
RN;2409704;Pedro Avelino;2076;1404;2044;1647;4120;3051;3480;3691;7171
RN;2409803;Pedro Velho;3643;3311;3605;3555;7248;6866;6954;7160;14114
RN;2409902;Pendências;5337;1402;5237;1456;10574;2858;6739;6693;13432
RN;2410009;Pilões;1286;438;1247;482;2533;920;1724;1729;3453
RN;2410108;Poço Branco;3724;3168;3693;3364;7417;6532;6892;7057;13949
RN;2410207;Portalegre;2052;1683;1791;1794;3843;3477;3735;3585;7320
RN;2410256;Porto do Mangue;1476;1011;1551;1179;3027;2190;2487;2730;5217
RN;2410306;Presidente Juscelino;2685;1612;2628;1843;5313;3455;4297;4471;8768
RN;2410405;Pureza;1564;2583;1432;2845;2996;5428;4147;4277;8424
RN;2410504;Rafael Fernandes;1390;974;1319;1009;2709;1983;2364;2328;4692
RN;2410603;Rafael Godeiro;972;554;961;576;1933;1130;1526;1537;3063
RN;2410702;Riacho da Cruz;1327;221;1347;270;2674;491;1548;1617;3165
RN;2410801;Riacho de Santana;885;1198;825;1248;1710;2446;2083;2073;4156
RN;2410900;Riachuelo;2229;1278;2113;1447;4342;2725;3507;3560;7067
RN;2411007;Rodolfo Fernandes;1928;317;1806;367;3734;684;2245;2173;4418
RN;2411056;Tibau;1423;417;1412;435;2835;852;1840;1847;3687
RN;2411106;Ruy Barbosa;883;877;853;982;1736;1859;1760;1835;3595
RN;2411205;Santa Cruz;15782;2543;14717;2755;30499;5298;18325;17472;35797
RN;2411403;Santana do Matos;3630;3310;3265;3604;6895;6914;6940;6869;13809
RN;2411429;Santana do Seridó;845;414;808;459;1653;873;1259;1267;2526
RN;2411502;Santo Antônio;7313;3804;6967;4132;14280;7936;11117;11099;22216
RN;2411601;São Bento do Norte;531;920;507;1017;1038;1937;1451;1524;2975
RN;2411700;São Bento do Trairí;985;980;899;1041;1884;2021;1965;1940;3905
RN;2411809;São Fernando;1188;476;1109;628;2297;1104;1664;1737;3401
RN;2411908;São Francisco do Oeste;1486;443;1462;483;2948;926;1929;1945;3874
RN;2412005;São Gonçalo do Amarante;37809;6680;36290;6889;74099;13569;44489;43179;87668
RN;2412104;São João do Sabugi;2488;511;2268;655;4756;1166;2999;2923;5922
RN;2412203;São José de Mipibu;9398;10534;8834;11010;18232;21544;19932;19844;39776
RN;2412302;São José do Campestre;5234;972;5038;1112;10272;2084;6206;6150;12356
RN;2412401;São José do Seridó;1674;435;1628;494;3302;929;2109;2122;4231
RN;2412500;São Miguel;7712;3873;6788;3784;14500;7657;11585;10572;22157
RN;2412559;São Miguel de Touros;2033;2163;2098;2376;4131;4539;4196;4474;8670
RN;2412609;São Paulo do Potengi;5951;2068;5517;2307;11468;4375;8019;7824;15843
RN;2412708;São Pedro;1786;1277;1708;1464;3494;2741;3063;3172;6235
RN;2412807;São Rafael;2767;1214;2771;1359;5538;2573;3981;4130;8111
RN;2412906;São Tomé;3077;2314;2864;2572;5941;4886;5391;5436;10827
RN;2413003;São Vicente;1948;1136;1817;1127;3765;2263;3084;2944;6028
RN;2413102;Senador Elói de Souza;1252;1525;1171;1689;2423;3214;2777;2860;5637
RN;2413201;Senador Georgino Avelino;1956;24;1925;19;3881;43;1980;1944;3924
RN;2413300;Serra de São Bento;1671;1207;1591;1274;3262;2481;2878;2865;5743
RN;2413359;Serra do Mel;1310;3585;1388;4004;2698;7589;4895;5392;10287
RN;2413409;Serra Negra do Norte;2566;1303;2431;1470;4997;2773;3869;3901;7770
RN;2413508;Serrinha;1031;2098;1090;2362;2121;4460;3129;3452;6581
RN;2413557;Serrinha dos Pintos;1223;1024;1181;1112;2404;2136;2247;2293;4540
RN;2413607;Severiano Melo;1104;1783;1014;1851;2118;3634;2887;2865;5752
RN;2413706;Sítio Novo;1234;1244;1156;1386;2390;2630;2478;2542;5020
RN;2413805;Taboleiro Grande;955;184;932;246;1887;430;1139;1178;2317
RN;2413904;Taipu;2043;3681;2041;4071;4084;7752;5724;6112;11836
RN;2414001;Tangará;4900;2116;4834;2325;9734;4441;7016;7159;14175
RN;2414100;Tenente Ananias;3453;1451;3372;1607;6825;3058;4904;4979;9883
RN;2414159;Tenente Laurentino Cruz;596;2064;556;2190;1152;4254;2660;2746;5406
RN;2414209;Tibau do Sul;3420;2207;3441;2317;6861;4524;5627;5758;11385
RN;2414308;Timbaúba dos Batistas;886;264;842;303;1728;567;1150;1145;2295
RN;2414407;Touros;3930;11091;3992;12076;7922;23167;15021;16068;31089
RN;2414456;Triunfo Potiguar;1069;529;1128;642;2197;1171;1598;1770;3368
RN;2414506;Umarizal;4695;736;4374;854;9069;1590;5431;5228;10659
RN;2414605;Upanema;3172;3101;3126;3593;6298;6694;6273;6719;12992
RN;2414704;Várzea;2176;438;2145;477;4321;915;2614;2622;5236
RN;2414753;Venha-Ver;593;1276;606;1346;1199;2622;1869;1952;3821
RN;2414803;Vera Cruz;2341;3023;2354;3001;4695;6024;5364;5355;10719
RN;2414902;Viçosa;778;34;763;43;1541;77;812;806;1618
RN;2415008;Vila Flor;1377;35;1407;53;2784;88;1412;1460;2872
RO;1100015;Alta Floresta D'Oeste;7000;4736;6970;5686;13970;10422;11736;12656;24392
RO;1100023;Ariquemes;38495;6315;38030;7513;76525;13828;44810;45543;90353
RO;1100031;Cabixi;1354;1693;1339;1927;2693;3620;3047;3266;6313
RO;1100049;Cacoal;31614;7836;30307;8817;61921;16653;39450;39124;78574
RO;1100056;Cerejeiras;7267;1211;7152;1399;14419;2610;8478;8551;17029
RO;1100064;Colorado do Oeste;6942;2319;6715;2615;13657;4934;9261;9330;18591
RO;1100072;Corumbiara;1284;2788;1306;3405;2590;6193;4072;4711;8783
RO;1100080;Costa Marques;3648;2828;3849;3353;7497;6181;6476;7202;13678
RO;1100098;Espigão D'Oeste;10337;3786;10273;4333;20610;8119;14123;14606;28729
RO;1100106;Guajará-Mirim;17815;2894;17392;3555;35207;6449;20709;20947;41656
RO;1100114;Jaru;17947;8053;17171;8834;35118;16887;26000;26005;52005
RO;1100122;Ji-Paraná;53269;5517;51589;6235;104858;11752;58786;57824;116610
RO;1100130;Machadinho D'Oeste;7906;6693;8267;8269;16173;14962;14599;16536;31135
RO;1100148;Nova Brasilândia D'Oeste;4234;5296;4146;6198;8380;11494;9530;10344;19874
RO;1100155;Ouro Preto do Oeste;14639;4591;13541;5157;28180;9748;19230;18698;37928
RO;1100189;Pimenta Bueno;14793;1988;14624;2417;29417;4405;16781;17041;33822
RO;1100205;Porto Velho;196965;13944;193768;23850;390733;37794;210909;217618;428527
RO;1100254;Presidente Médici;6824;4186;6479;4830;13303;9016;11010;11309;22319
RO;1100262;Rio Crespo;540;1009;524;1243;1064;2252;1549;1767;3316
RO;1100288;Rolim de Moura;21078;4400;20351;4819;41429;9219;25478;25170;50648
RO;1100296;Santa Luzia D'Oeste;2282;2008;2243;2353;4525;4361;4290;4596;8886
RO;1100304;Vilhena;36611;1809;35607;2175;72218;3984;38420;37782;76202
RO;1100320;São Miguel do Guaporé;4241;6259;4229;7099;8470;13358;10500;11328;21828
RO;1100338;Nova Mamoré;6492;4319;6575;5160;13067;9479;10811;11735;22546
RO;1100346;Alvorada D'Oeste;4435;3740;4389;4289;8824;8029;8175;8678;16853
RO;1100379;Alto Alegre dos Parecis;1838;4239;1819;4920;3657;9159;6077;6739;12816
RO;1100403;Alto Paraíso;4050;4063;4152;4870;8202;8933;8113;9022;17135
RO;1100452;Buritis;9005;6637;9117;7624;18122;14261;15642;16741;32383
RO;1100502;Novo Horizonte do Oeste;896;4008;837;4499;1733;8507;4904;5336;10240
RO;1100601;Cacaulândia;1061;1710;1008;1957;2069;3667;2771;2965;5736
RO;1100700;Campo Novo de Rondônia;1662;4235;1709;5059;3371;9294;5897;6768;12665
RO;1100809;Candeias do Jamari;6388;3071;6499;3821;12887;6892;9459;10320;19779
RO;1100908;Castanheiras;441;1305;395;1434;836;2739;1746;1829;3575
RO;1100924;Chupinguaia;1742;2144;1921;2494;3663;4638;3886;4415;8301
RO;1100940;Cujubim;5282;2116;5761;2695;11043;4811;7398;8456;15854
RO;1101005;Governador Jorge Teixeira;1237;3805;1124;4346;2361;8151;5042;5470;10512
RO;1101104;Itapuã do Oeste;2521;1480;2701;1864;5222;3344;4001;4565;8566
RO;1101203;Ministro Andreazza;1540;3508;1534;3770;3074;7278;5048;5304;10352
RO;1101302;Mirante da Serra;3270;2559;3174;2875;6444;5434;5829;6049;11878
RO;1101401;Monte Negro;3676;3007;3714;3694;7390;6701;6683;7408;14091
RO;1101435;Nova União;765;2729;776;3223;1541;5952;3494;3999;7493
RO;1101450;Parecis;853;1362;921;1674;1774;3036;2215;2595;4810
RO;1101468;Pimenteiras do Oeste;653;444;639;579;1292;1023;1097;1218;2315
RO;1101476;Primavera de Rondônia;617;1051;667;1189;1284;2240;1668;1856;3524
RO;1101484;São Felipe D'Oeste;748;2184;696;2390;1444;4574;2932;3086;6018
RO;1101492;São Francisco do Guaporé;4095;3525;4132;4283;8227;7808;7620;8415;16035
RO;1101500;Seringueiras;2176;3366;2221;3866;4397;7232;5542;6087;11629
RO;1101559;Teixeirópolis;873;1475;843;1697;1716;3172;2348;2540;4888
RO;1101609;Theobroma;1009;3987;969;4684;1978;8671;4996;5653;10649
RO;1101708;Urupá;2557;3686;2580;4151;5137;7837;6243;6731;12974
RO;1101757;Vale do Anari;1606;2799;1586;3393;3192;6192;4405;4979;9384
RO;1101807;Vale do Paraíso;1183;2783;1093;3151;2276;5934;3966;4244;8210
RR;1400027;Amajari;588;3747;631;4361;1219;8108;4335;4992;9327
RR;1400050;Alto Alegre;2372;5400;2408;6268;4780;11668;7772;8676;16448
RR;1400100;Boa Vista;140922;2590;136877;3924;277799;6514;143512;140801;284313
RR;1400159;Bonfim;1841;3223;1870;4009;3711;7232;5064;5879;10943
RR;1400175;Cantá;1128;5236;1129;6409;2257;11645;6364;7538;13902
RR;1400209;Caracaraí;5245;3421;5665;4067;10910;7488;8666;9732;18398
RR;1400233;Caroebe;1658;2147;1666;2643;3324;4790;3805;4309;8114
RR;1400282;Iracema;1991;2105;2087;2513;4078;4618;4096;4600;8696
RR;1400308;Mucajaí;4389;2538;4546;3319;8935;5857;6927;7865;14792
RR;1400407;Normandia;1151;3111;1160;3518;2311;6629;4262;4678;8940
RR;1400456;Pacaraima;2210;2815;2304;3104;4514;5919;5025;5408;10433
RR;1400472;Rorainópolis;5301;6055;5372;7551;10673;13606;11356;12923;24279
RR;1400506;São João da Baliza;2357;861;2398;1153;4755;2014;3218;3551;6769
RR;1400605;São Luiz;2218;964;2237;1331;4455;2295;3182;3568;6750
RR;1400704;Uiramutã;538;3498;600;3739;1138;7237;4036;4339;8375
RS;4300034;Aceguá;534;1557;525;1778;1059;3335;2091;2303;4394
RS;4300059;Água Santa;764;1079;683;1196;1447;2275;1843;1879;3722
RS;4300109;Agudo;3524;4849;3365;4984;6889;9833;8373;8349;16722
RS;4300208;Ajuricaba;2145;1525;1963;1622;4108;3147;3670;3585;7255
RS;4300307;Alecrim;1131;2402;1034;2478;2165;4880;3533;3512;7045
RS;4300406;Alegrete;36114;3488;33480;4571;69594;8059;39602;38051;77653
RS;4300455;Alegria;833;1319;752;1397;1585;2716;2152;2149;4301
RS;4300471;Almirante Tamandaré do Sul;438;588;401;640;839;1228;1026;1041;2067
RS;4300505;Alpestre;1178;2720;1033;3096;2211;5816;3898;4129;8027
RS;4300554;Alto Alegre;361;543;382;562;743;1105;904;944;1848
RS;4300570;Alto Feliz;424;993;392;1108;816;2101;1417;1500;2917
RS;4300604;Alvorada;100593;0;95080;0;195673;0;100593;95080;195673
RS;4300638;Amaral Ferrador;978;2094;888;2393;1866;4487;3072;3281;6353
RS;4300646;Ametista do Sul;1930;1661;1881;1851;3811;3512;3591;3732;7323
RS;4300661;André da Rocha;255;341;241;379;496;720;596;620;1216
RS;4300703;Anta Gorda;1248;1800;1083;1942;2331;3742;3048;3025;6073
RS;4300802;Antônio Prado;4751;1677;4484;1921;9235;3598;6428;6405;12833
RS;4300851;Arambaré;1477;362;1436;418;2913;780;1839;1854;3693
RS;4300877;Araricá;1985;423;2011;445;3996;868;2408;2456;4864
RS;4300901;Aratiba;1690;1535;1626;1714;3316;3249;3225;3340;6565
RS;4301008;Arroio do Meio;7463;1967;7200;2153;14663;4120;9430;9353;18783
RS;4301057;Arroio do Sal;3795;112;3714;119;7509;231;3907;3833;7740
RS;4301073;Arroio do Padre;226;1090;228;1186;454;2276;1316;1414;2730
RS;4301107;Arroio dos Ratos;6686;285;6270;365;12956;650;6971;6635;13606
RS;4301206;Arroio do Tigre;3119;3145;2843;3541;5962;6686;6264;6384;12648
RS;4301305;Arroio Grande;8248;1048;7837;1337;16085;2385;9296;9174;18470
RS;4301404;Arvorezinha;3209;1882;3064;2070;6273;3952;5091;5134;10225
RS;4301503;Augusto Pestana;1930;1679;1727;1760;3657;3439;3609;3487;7096
RS;4301552;Áurea;802;1056;735;1072;1537;2128;1858;1807;3665
RS;4301602;Bagé;51668;9322;46097;9707;97765;19029;60990;55804;116794
RS;4301636;Balneário Pinhal;5460;52;5283;61;10743;113;5512;5344;10856
RS;4301651;Barão;1496;1333;1474;1438;2970;2771;2829;2912;5741
RS;4301701;Barão de Cotegipe;2041;1192;1925;1371;3966;2563;3233;3296;6529
RS;4301750;Barão do Triunfo;358;2919;339;3402;697;6321;3277;3741;7018
RS;4301800;Barracão;1553;1113;1484;1207;3037;2320;2666;2691;5357
RS;4301859;Barra do Guarita;706;833;665;885;1371;1718;1539;1550;3089
RS;4301875;Barra do Quaraí;1372;512;1468;660;2840;1172;1884;2128;4012
RS;4301909;Barra do Ribeiro;4772;1547;4519;1734;9291;3281;6319;6253;12572
RS;4301925;Barra do Rio Azul;202;752;201;848;403;1600;954;1049;2003
RS;4301958;Barra Funda;763;427;759;418;1522;845;1190;1177;2367
RS;4302006;Barros Cassal;1839;3565;1692;4037;3531;7602;5404;5729;11133
RS;4302055;Benjamin Constant do Sul;171;941;170;1025;341;1966;1112;1195;2307
RS;4302105;Bento Gonçalves;50654;3979;48415;4230;99069;8209;54633;52645;107278
RS;4302154;Boa Vista das Missões;459;599;427;629;886;1228;1058;1056;2114
RS;4302204;Boa Vista do Buricá;2203;1076;2163;1132;4366;2208;3279;3295;6574
RS;4302220;Boa Vista do Cadeado;238;946;234;1023;472;1969;1184;1257;2441
RS;4302238;Boa Vista do Incra;359;823;365;878;724;1701;1182;1243;2425
RS;4302253;Boa Vista do Sul;185;1122;206;1263;391;2385;1307;1469;2776
RS;4302303;Bom Jesus;4483;1333;4110;1593;8593;2926;5816;5703;11519
RS;4302352;Bom Princípio;4537;1223;4661;1368;9198;2591;5760;6029;11789
RS;4302378;Bom Progresso;609;552;537;630;1146;1182;1161;1167;2328
RS;4302402;Bom Retiro do Sul;4688;1129;4474;1181;9162;2310;5817;5655;11472
RS;4302451;Boqueirão do Leão;857;2879;815;3122;1672;6001;3736;3937;7673
RS;4302501;Bossoroca;1895;1480;1787;1722;3682;3202;3375;3509;6884
RS;4302584;Bozano;317;783;312;788;629;1571;1100;1100;2200
RS;4302600;Braga;1169;667;1113;753;2282;1420;1836;1866;3702
RS;4302659;Brochier;1165;1112;1131;1267;2296;2379;2277;2398;4675
RS;4302709;Butiá;9878;496;9452;580;19330;1076;10374;10032;20406
RS;4302808;Caçapava do Sul;13533;3828;11877;4452;25410;8280;17361;16329;33690
RS;4302907;Cacequi;6085;755;5867;969;11952;1724;6840;6836;13676
RS;4303004;Cachoeira do Sul;37624;5825;34076;6302;71700;12127;43449;40378;83827
RS;4303103;Cachoeirinha;61105;0;57173;0;118278;0;61105;57173;118278
RS;4303202;Cacique Doble;843;1608;785;1632;1628;3240;2451;2417;4868
RS;4303301;Caibaté;1405;1017;1340;1192;2745;2209;2422;2532;4954
RS;4303400;Caiçara;845;1641;749;1836;1594;3477;2486;2585;5071
RS;4303509;Camaquã;25540;6324;23816;7084;49356;13408;31864;30900;62764
RS;4303558;Camargo;572;729;523;768;1095;1497;1301;1291;2592
RS;4303608;Cambará do Sul;1525;1667;1516;1834;3041;3501;3192;3350;6542
RS;4303673;Campestre da Serra;615;958;616;1058;1231;2016;1573;1674;3247
RS;4303707;Campina das Missões;1142;1919;1046;2010;2188;3929;3061;3056;6117
RS;4303806;Campinas do Sul;2206;650;2011;639;4217;1289;2856;2650;5506
RS;4303905;Campo Bom;29326;1277;28012;1459;57338;2736;30603;29471;60074
RS;4304002;Campo Novo;2130;644;1979;706;4109;1350;2774;2685;5459
RS;4304101;Campos Borges;1038;702;968;786;2006;1488;1740;1754;3494
RS;4304200;Candelária;8287;7132;7428;7324;15715;14456;15419;14752;30171
RS;4304309;Cândido Godói;944;2273;902;2416;1846;4689;3217;3318;6535
RS;4304358;Candiota;1299;2991;1299;3182;2598;6173;4290;4481;8771
RS;4304408;Canela;18465;1644;17366;1754;35831;3398;20109;19120;39229
RS;4304507;Canguçu;10485;15918;9209;17647;19694;33565;26403;26856;53259
RS;4304606;Canoas;167891;0;155936;0;323827;0;167891;155936;323827
RS;4304614;Canudos do Vale;206;642;205;754;411;1396;848;959;1807
RS;4304622;Capão Bonito do Sul;234;577;265;678;499;1255;811;943;1754
RS;4304630;Capão da Canoa;21307;117;20480;136;41787;253;21424;20616;42040
RS;4304655;Capão do Cipó;257;1219;262;1366;519;2585;1476;1628;3104
RS;4304663;Capão do Leão;11437;899;10945;1017;22382;1916;12336;11962;24298
RS;4304671;Capivari do Sul;1654;301;1576;359;3230;660;1955;1935;3890
RS;4304689;Capela de Santana;3494;2270;3421;2427;6915;4697;5764;5848;11612
RS;4304697;Capitão;589;694;558;795;1147;1489;1283;1353;2636
RS;4304705;Carazinho;30532;505;27721;559;58253;1064;31037;28280;59317
RS;4304713;Caraá;547;2967;511;3287;1058;6254;3514;3798;7312
RS;4304804;Carlos Barbosa;10022;2508;9970;2692;19992;5200;12530;12662;25192
RS;4304853;Carlos Gomes;191;582;187;647;378;1229;773;834;1607
RS;4304903;Casca;2678;1730;2412;1831;5090;3561;4408;4243;8651
RS;4304952;Caseiros;767;723;721;796;1488;1519;1490;1517;3007
RS;4305009;Catuípe;3122;1611;2876;1714;5998;3325;4733;4590;9323
RS;4305108;Caxias do Sul;214325;7627;205081;8531;419406;16158;221952;213612;435564
RS;4305116;Centenário;481;943;468;1073;949;2016;1424;1541;2965
RS;4305124;Cerrito;1943;1246;1804;1409;3747;2655;3189;3213;6402
RS;4305132;Cerro Branco;660;1569;614;1611;1274;3180;2229;2225;4454
RS;4305157;Cerro Grande;433;775;397;812;830;1587;1208;1209;2417
RS;4305173;Cerro Grande do Sul;1306;3607;1178;4177;2484;7784;4913;5355;10268
RS;4305207;Cerro Largo;5374;1298;5197;1420;10571;2718;6672;6617;13289
RS;4305306;Chapada;2940;1844;2633;1960;5573;3804;4784;4593;9377
RS;4305355;Charqueadas;15508;279;18982;551;34490;830;15787;19533;35320
RS;4305371;Charrua;301;1442;283;1445;584;2887;1743;1728;3471
RS;4305405;Chiapetta;1298;771;1172;803;2470;1574;2069;1975;4044
RS;4305439;Chuí;2905;91;2792;129;5697;220;2996;2921;5917
RS;4305447;Chuvisca;137;2204;136;2467;273;4671;2341;2603;4944
RS;4305454;Cidreira;6248;175;6012;233;12260;408;6423;6245;12668
RS;4305504;Ciríaco;1269;1141;1225;1287;2494;2428;2410;2512;4922
RS;4305587;Colinas;565;647;540;668;1105;1315;1212;1208;2420
RS;4305603;Colorado;985;838;859;868;1844;1706;1823;1727;3550
RS;4305702;Condor;2094;1239;1940;1279;4034;2518;3333;3219;6552
RS;4305801;Constantina;3368;1608;3142;1634;6510;3242;4976;4776;9752
RS;4305835;Coqueiro Baixo;147;590;135;656;282;1246;737;791;1528
RS;4305850;Coqueiros do Sul;468;734;436;819;904;1553;1202;1255;2457
RS;4305871;Coronel Barros;558;682;535;684;1093;1366;1240;1219;2459
RS;4305900;Coronel Bicaco;2636;1310;2432;1370;5068;2680;3946;3802;7748
RS;4305934;Coronel Pilar;95;736;79;815;174;1551;831;894;1725
RS;4305959;Cotiporã;1020;864;1028;1005;2048;1869;1884;2033;3917
RS;4305975;Coxilha;908;530;831;557;1739;1087;1438;1388;2826
RS;4306007;Crissiumal;3259;3912;2865;4048;6124;7960;7171;6913;14084
RS;4306056;Cristal;2084;1510;1993;1693;4077;3203;3594;3686;7280
RS;4306072;Cristal do Sul;500;885;431;1010;931;1895;1385;1441;2826
RS;4306106;Cruz Alta;32067;1011;28527;1216;60594;2227;33078;29743;62821
RS;4306130;Cruzaltense;249;791;240;861;489;1652;1040;1101;2141
RS;4306205;Cruzeiro do Sul;3790;2373;3686;2471;7476;4844;6163;6157;12320
RS;4306304;David Canabarro;972;1301;940;1470;1912;2771;2273;2410;4683
RS;4306320;Derrubadas;475;1111;426;1178;901;2289;1586;1604;3190
RS;4306353;Dezesseis de Novembro;343;1054;324;1145;667;2199;1397;1469;2866
RS;4306379;Dilermando de Aguiar;492;993;499;1080;991;2073;1485;1579;3064
RS;4306403;Dois Irmãos;13772;147;13504;149;27276;296;13919;13653;27572
RS;4306429;Dois Irmãos das Missões;552;525;542;538;1094;1063;1077;1080;2157
RS;4306452;Dois Lajeados;809;816;755;898;1564;1714;1625;1653;3278
RS;4306502;Dom Feliciano;1738;5244;1596;5802;3334;11046;6982;7398;14380
RS;4306551;Dom Pedro de Alcântara;373;836;368;973;741;1809;1209;1341;2550
RS;4306601;Dom Pedrito;18281;1510;16974;2133;35255;3643;19791;19107;38898
RS;4306700;Dona Francisca;1105;618;1041;637;2146;1255;1723;1678;3401
RS;4306734;Doutor Maurício Cardoso;1338;1329;1281;1365;2619;2694;2667;2646;5313
RS;4306759;Doutor Ricardo;365;630;328;707;693;1337;995;1035;2030
RS;4306767;Eldorado do Sul;15684;1660;15116;1883;30800;3543;17344;16999;34343
RS;4306809;Encantado;9273;1305;8606;1326;17879;2631;10578;9932;20510
RS;4306908;Encruzilhada do Sul;8859;3353;8260;4062;17119;7415;12212;12322;24534
RS;4306924;Engenho Velho;317;468;282;460;599;928;785;742;1527
RS;4306932;Entre-Ijuís;2562;1961;2331;2084;4893;4045;4523;4415;8938
RS;4306957;Entre Rios do Sul;1083;441;1047;509;2130;950;1524;1556;3080
RS;4306973;Erebango;994;486;964;526;1958;1012;1480;1490;2970
RS;4307005;Erechim;47163;2700;43389;2835;90552;5535;49863;46224;96087
RS;4307054;Ernestina;849;677;822;740;1671;1417;1526;1562;3088
RS;4307104;Herval;2325;945;2194;1289;4519;2234;3270;3483;6753
RS;4307203;Erval Grande;1359;1182;1331;1291;2690;2473;2541;2622;5163
RS;4307302;Erval Seco;1808;2150;1629;2291;3437;4441;3958;3920;7878
RS;4307401;Esmeralda;1106;490;1022;550;2128;1040;1596;1572;3168
RS;4307450;Esperança do Sul;455;1167;389;1261;844;2428;1622;1650;3272
RS;4307500;Espumoso;5757;1951;5374;2158;11131;4109;7708;7532;15240
RS;4307559;Estação;2640;420;2479;472;5119;892;3060;2951;6011
RS;4307609;Estância Velha;20997;542;20487;548;41484;1090;21539;21035;42574
RS;4307708;Esteio;41733;49;38910;63;80643;112;41782;38973;80755
RS;4307807;Estrela;13229;2271;12684;2435;25913;4706;15500;15119;30619
RS;4307815;Estrela Velha;595;1187;572;1274;1167;2461;1782;1846;3628
RS;4307831;Eugênio de Castro;766;617;714;701;1480;1318;1383;1415;2798
RS;4307864;Fagundes Varela;647;632;646;654;1293;1286;1279;1300;2579
RS;4307906;Farroupilha;28129;4203;26924;4379;55053;8582;32332;31303;63635
RS;4308003;Faxinal do Soturno;2195;1203;1980;1294;4175;2497;3398;3274;6672
RS;4308052;Faxinalzinho;638;646;635;648;1273;1294;1284;1283;2567
RS;4308078;Fazenda Vilanova;1014;827;999;857;2013;1684;1841;1856;3697
RS;4308102;Feliz;4746;1452;4670;1491;9416;2943;6198;6161;12359
RS;4308201;Flores da Cunha;10564;3010;10291;3261;20855;6271;13574;13552;27126
RS;4308250;Floriano Peixoto;148;789;144;937;292;1726;937;1081;2018
RS;4308300;Fontoura Xavier;2084;3174;2016;3445;4100;6619;5258;5461;10719
RS;4308409;Formigueiro;1428;2016;1341;2229;2769;4245;3444;3570;7014
RS;4308433;Forquetinha;220;994;248;1017;468;2011;1214;1265;2479
RS;4308458;Fortaleza dos Valos;1560;774;1433;808;2993;1582;2334;2241;4575
RS;4308508;Frederico Westphalen;12098;2617;11235;2893;23333;5510;14715;14128;28843
RS;4308607;Garibaldi;13829;1639;13382;1839;27211;3478;15468;15221;30689
RS;4308656;Garruchos;547;1005;510;1172;1057;2177;1552;1682;3234
RS;4308706;Gaurama;1817;1213;1571;1261;3388;2474;3030;2832;5862
RS;4308805;General Câmara;2565;1649;2401;1832;4966;3481;4214;4233;8447
RS;4308854;Gentil;351;437;372;517;723;954;788;889;1677
RS;4308904;Getúlio Vargas;7207;1098;6655;1194;13862;2292;8305;7849;16154
RS;4309001;Giruá;6758;1979;6149;2189;12907;4168;8737;8338;17075
RS;4309050;Glorinha;1050;2305;1017;2519;2067;4824;3355;3536;6891
RS;4309100;Gramado;15040;1560;13973;1700;29013;3260;16600;15673;32273
RS;4309126;Gramado dos Loureiros;274;844;252;899;526;1743;1118;1151;2269
RS;4309159;Gramado Xavier;286;1640;243;1801;529;3441;1926;2044;3970
RS;4309209;Gravataí;124965;5815;118532;6348;243497;12163;130780;124880;255660
RS;4309258;Guabiju;375;417;363;443;738;860;792;806;1598
RS;4309308;Guaíba;48084;967;44980;1173;93064;2140;49051;46153;95204
RS;4309407;Guaporé;10764;926;10056;1068;20820;1994;11690;11124;22814
RS;4309506;Guarani das Missões;2683;1481;2347;1604;5030;3085;4164;3951;8115
RS;4309555;Harmonia;1223;880;1233;918;2456;1798;2103;2151;4254
RS;4309571;Herveiras;196;1215;188;1355;384;2570;1411;1543;2954
RS;4309605;Horizontina;7550;1852;7019;1927;14569;3779;9402;8946;18348
RS;4309654;Hulha Negra;1463;1456;1446;1678;2909;3134;2919;3124;6043
RS;4309704;Humaitá;1548;984;1363;1024;2911;2008;2532;2387;4919
RS;4309753;Ibarama;543;1598;510;1720;1053;3318;2141;2230;4371
RS;4309803;Ibiaçá;1487;933;1362;928;2849;1861;2420;2290;4710
RS;4309902;Ibiraiaras;1943;1640;1874;1714;3817;3354;3583;3588;7171
RS;4309951;Ibirapuitã;1221;777;1170;893;2391;1670;1998;2063;4061
RS;4310009;Ibirubá;7911;1927;7431;2041;15342;3968;9838;9472;19310
RS;4310108;Igrejinha;15476;723;14714;747;30190;1470;16199;15461;31660
RS;4310207;Ijuí;37199;3604;34351;3761;71550;7365;40803;38112;78915
RS;4310306;Ilópolis;1152;895;1055;1000;2207;1895;2047;2055;4102
RS;4310330;Imbé;9003;4;8658;5;17661;9;9007;8663;17670
RS;4310363;Imigrante;772;756;727;768;1499;1524;1528;1495;3023
RS;4310405;Independência;2119;1206;2038;1255;4157;2461;3325;3293;6618
RS;4310413;Inhacorá;670;449;676;472;1346;921;1119;1148;2267
RS;4310439;Ipê;1486;1447;1427;1656;2913;3103;2933;3083;6016
RS;4310462;Ipiranga do Sul;345;627;334;638;679;1265;972;972;1944
RS;4310504;Iraí;2278;1725;2179;1896;4457;3621;4003;4075;8078
RS;4310538;Itaara;1985;482;1983;560;3968;1042;2467;2543;5010
RS;4310553;Itacurubi;621;1042;563;1215;1184;2257;1663;1778;3441
RS;4310579;Itapuca;286;825;272;961;558;1786;1111;1233;2344
RS;4310603;Itaqui;16994;2131;16317;2717;33311;4848;19125;19034;38159
RS;4310652;Itati;104;1140;108;1232;212;2372;1244;1340;2584
RS;4310702;Itatiba do Sul;861;1132;868;1310;1729;2442;1993;2178;4171
RS;4310751;Ivorá;396;663;309;788;705;1451;1059;1097;2156
RS;4310801;Ivoti;9217;856;8845;956;18062;1812;10073;9801;19874
RS;4310850;Jaboticaba;768;1249;719;1362;1487;2611;2017;2081;4098
RS;4310876;Jacuizinho;289;935;273;1010;562;1945;1224;1283;2507
RS;4310900;Jacutinga;1335;517;1238;543;2573;1060;1852;1781;3633
RS;4311007;Jaguarão;13543;800;12562;1026;26105;1826;14343;13588;27931
RS;4311106;Jaguari;3399;2336;3132;2606;6531;4942;5735;5738;11473
RS;4311122;Jaquirana;1243;792;1187;955;2430;1747;2035;2142;4177
RS;4311130;Jari;310;1381;303;1581;613;2962;1691;1884;3575
RS;4311155;Jóia;1073;2952;1016;3290;2089;6242;4025;4306;8331
RS;4311205;Júlio de Castilhos;8313;1640;7793;1833;16106;3473;9953;9626;19579
RS;4311239;Lagoa Bonita do Sul;194;1065;190;1213;384;2278;1259;1403;2662
RS;4311254;Lagoão;850;2140;805;2390;1655;4530;2990;3195;6185
RS;4311270;Lagoa dos Três Cantos;421;401;386;390;807;791;822;776;1598
RS;4311304;Lagoa Vermelha;12377;1584;11759;1805;24136;3389;13961;13564;27525
RS;4311403;Lajeado;36592;122;34588;143;71180;265;36714;34731;71445
RS;4311429;Lajeado do Bugre;383;851;323;930;706;1781;1234;1253;2487
RS;4311502;Lavras do Sul;2518;1386;2240;1535;4758;2921;3904;3775;7679
RS;4311601;Liberato Salzano;660;2171;637;2312;1297;4483;2831;2949;5780
RS;4311627;Lindolfo Collor;2085;463;2202;477;4287;940;2548;2679;5227
RS;4311643;Linha Nova;226;590;190;618;416;1208;816;808;1624
RS;4311700;Machadinho;1727;1026;1658;1099;3385;2125;2753;2757;5510
RS;4311718;Maçambara;669;1651;641;1777;1310;3428;2320;2418;4738
RS;4311734;Mampituba;288;1164;280;1271;568;2435;1452;1551;3003
RS;4311759;Manoel Viana;2773;743;2589;967;5362;1710;3516;3556;7072
RS;4311775;Maquiné;1058;2324;1006;2517;2064;4841;3382;3523;6905
RS;4311791;Maratá;389;866;364;908;753;1774;1255;1272;2527
RS;4311809;Marau;16022;2312;15536;2494;31558;4806;18334;18030;36364
RS;4311908;Marcelino Ramos;1412;1167;1310;1245;2722;2412;2579;2555;5134
RS;4311981;Mariana Pimentel;324;1474;314;1656;638;3130;1798;1970;3768
RS;4312005;Mariano Moro;577;500;576;557;1153;1057;1077;1133;2210
RS;4312054;Marques de Souza;804;1225;741;1298;1545;2523;2029;2039;4068
RS;4312104;Mata;1360;1176;1258;1317;2618;2493;2536;2575;5111
RS;4312138;Mato Castelhano;262;916;259;1033;521;1949;1178;1292;2470
RS;4312153;Mato Leitão;834;1094;787;1150;1621;2244;1928;1937;3865
RS;4312179;Mato Queimado;263;634;216;686;479;1320;897;902;1799
RS;4312203;Maximiliano de Almeida;1533;911;1441;1026;2974;1937;2444;2467;4911
RS;4312252;Minas do Leão;3731;122;3609;169;7340;291;3853;3778;7631
RS;4312302;Miraguaí;1092;1350;977;1436;2069;2786;2442;2413;4855
RS;4312351;Montauri;326;422;318;476;644;898;748;794;1542
RS;4312377;Monte Alegre dos Campos;324;1117;321;1340;645;2457;1441;1661;3102
RS;4312385;Monte Belo do Sul;402;923;368;977;770;1900;1325;1345;2670
RS;4312401;Montenegro;27573;2597;26056;3189;53629;5786;30170;29245;59415
RS;4312427;Mormaço;292;1061;308;1088;600;2149;1353;1396;2749
RS;4312443;Morrinhos do Sul;667;898;633;984;1300;1882;1565;1617;3182
RS;4312450;Morro Redondo;1391;1701;1257;1878;2648;3579;3092;3135;6227
RS;4312476;Morro Reuter;2431;396;2410;439;4841;835;2827;2849;5676
RS;4312500;Mostardas;4074;1863;4069;2118;8143;3981;5937;6187;12124
RS;4312609;Muçum;2124;367;1920;380;4044;747;2491;2300;4791
RS;4312617;Muitos Capões;492;961;478;1057;970;2018;1453;1535;2988
RS;4312625;Muliterno;262;628;246;677;508;1305;890;923;1813
RS;4312658;Não-Me-Toque;7119;962;6847;1008;13966;1970;8081;7855;15936
RS;4312674;Nicolau Vergueiro;328;531;308;554;636;1085;859;862;1721
RS;4312708;Nonoai;4692;1450;4373;1559;9065;3009;6142;5932;12074
RS;4312757;Nova Alvorada;681;903;651;947;1332;1850;1584;1598;3182
RS;4312807;Nova Araçá;1493;551;1387;570;2880;1121;2044;1957;4001
RS;4312906;Nova Bassano;2751;1609;2763;1717;5514;3326;4360;4480;8840
RS;4312955;Nova Boa Vista;295;684;283;698;578;1382;979;981;1960
RS;4313003;Nova Bréscia;772;783;739;890;1511;1673;1555;1629;3184
RS;4313011;Nova Candelária;356;990;353;1052;709;2042;1346;1405;2751
RS;4313037;Nova Esperança do Sul;1853;512;1746;560;3599;1072;2365;2306;4671
RS;4313060;Nova Hartz;7725;1549;7544;1528;15269;3077;9274;9072;18346
RS;4313086;Nova Pádua;355;837;377;881;732;1718;1192;1258;2450
RS;4313102;Nova Palma;1584;1541;1499;1718;3083;3259;3125;3217;6342
RS;4313201;Nova Petrópolis;7283;2392;6851;2519;14134;4911;9675;9370;19045
RS;4313300;Nova Prata;9506;2021;9153;2150;18659;4171;11527;11303;22830
RS;4313334;Nova Ramada;357;834;313;933;670;1767;1191;1246;2437
RS;4313359;Nova Roma do Sul;795;840;790;918;1585;1758;1635;1708;3343
RS;4313375;Nova Santa Rita;9716;1559;9759;1682;19475;3241;11275;11441;22716
RS;4313391;Novo Cabrais;280;1629;265;1681;545;3310;1909;1946;3855
RS;4313409;Novo Hamburgo;121170;2004;113628;2138;234798;4142;123174;115766;238940
RS;4313425;Novo Machado;814;1163;739;1209;1553;2372;1977;1948;3925
RS;4313441;Novo Tiradentes;326;760;328;863;654;1623;1086;1191;2277
RS;4313466;Novo Xingu;292;604;262;599;554;1203;896;861;1757
RS;4313490;Novo Barreiro;666;1280;640;1392;1306;2672;1946;2032;3978
RS;4313508;Osório;19660;1089;18257;1900;37917;2989;20749;20157;40906
RS;4313607;Paim Filho;1170;962;1083;1028;2253;1990;2132;2111;4243
RS;4313656;Palmares do Sul;4949;558;4854;608;9803;1166;5507;5462;10969
RS;4313706;Palmeira das Missões;15518;2169;14313;2328;29831;4497;17687;16641;34328
RS;4313805;Palmitinho;1724;1702;1669;1825;3393;3527;3426;3494;6920
RS;4313904;Panambi;17333;1712;17229;1784;34562;3496;19045;19013;38058
RS;4313953;Pantano Grande;4236;750;4078;831;8314;1581;4986;4909;9895
RS;4314001;Paraí;1914;1447;1902;1549;3816;2996;3361;3451;6812
RS;4314027;Paraíso do Sul;1459;2183;1393;2301;2852;4484;3642;3694;7336
RS;4314035;Pareci Novo;494;1233;487;1297;981;2530;1727;1784;3511
RS;4314050;Parobé;24651;1402;23982;1467;48633;2869;26053;25449;51502
RS;4314068;Passa Sete;283;2193;272;2406;555;4599;2476;2678;5154
RS;4314076;Passo do Sobrado;774;2241;655;2341;1429;4582;3015;2996;6011
RS;4314100;Passo Fundo;94474;2302;85646;2404;180120;4706;96776;88050;184826
RS;4314134;Paulo Bento;303;767;291;835;594;1602;1070;1126;2196
RS;4314159;Paverama;2077;1917;2021;2029;4098;3946;3994;4050;8044
RS;4314175;Pedras Altas;411;640;357;804;768;1444;1051;1161;2212
RS;4314209;Pedro Osório;3763;222;3538;288;7301;510;3985;3826;7811
RS;4314308;Pejuçara;1360;605;1312;696;2672;1301;1965;2008;3973
RS;4314407;Pelotas;163345;10732;142848;11350;306193;22082;174077;154198;328275
RS;4314423;Picada Café;2291;297;2268;326;4559;623;2588;2594;5182
RS;4314456;Pinhal;668;571;622;652;1290;1223;1239;1274;2513
RS;4314464;Pinhal da Serra;241;779;237;873;478;1652;1020;1110;2130
RS;4314472;Pinhal Grande;965;1192;930;1384;1895;2576;2157;2314;4471
RS;4314498;Pinheirinho do Vale;476;1744;439;1838;915;3582;2220;2277;4497
RS;4314506;Pinheiro Machado;5129;1270;4655;1726;9784;2996;6399;6381;12780
RS;4314548;Pinto Bandeira;;;;;;;;;
RS;4314555;Pirapó;409;950;368;1030;777;1980;1359;1398;2757
RS;4314605;Piratini;6001;3732;5569;4539;11570;8271;9733;10108;19841
RS;4314704;Planalto;3116;2199;2816;2393;5932;4592;5315;5209;10524
RS;4314753;Poço das Antas;443;551;418;605;861;1156;994;1023;2017
RS;4314779;Pontão;783;1090;776;1208;1559;2298;1873;1984;3857
RS;4314787;Ponte Preta;253;573;259;665;512;1238;826;924;1750
RS;4314803;Portão;12699;2706;12577;2938;25276;5644;15405;15515;30920
RS;4314902;Porto Alegre;755564;0;653787;0;1409351;0;755564;653787;1409351
RS;4315008;Porto Lucena;1220;1495;1111;1587;2331;3082;2715;2698;5413
RS;4315057;Porto Mauá;494;784;460;804;954;1588;1278;1264;2542
RS;4315073;Porto Vera Cruz;238;678;202;734;440;1412;916;936;1852
RS;4315107;Porto Xavier;2675;2583;2535;2765;5210;5348;5258;5300;10558
RS;4315131;Pouso Novo;319;603;313;640;632;1243;922;953;1875
RS;4315149;Presidente Lucena;724;450;787;523;1511;973;1174;1310;2484
RS;4315156;Progresso;983;1997;890;2293;1873;4290;2980;3183;6163
RS;4315172;Protásio Alves;211;710;216;863;427;1573;921;1079;2000
RS;4315206;Putinga;812;1232;765;1332;1577;2564;2044;2097;4141
RS;4315305;Quaraí;11069;724;10241;987;21310;1711;11793;11228;23021
RS;4315313;Quatro Irmãos;473;412;443;447;916;859;885;890;1775
RS;4315321;Quevedos;424;839;428;1019;852;1858;1263;1447;2710
RS;4315354;Quinze de Novembro;1015;839;946;853;1961;1692;1854;1799;3653
RS;4315404;Redentora;1533;3479;1469;3741;3002;7220;5012;5210;10222
RS;4315453;Relvado;386;698;348;723;734;1421;1084;1071;2155
RS;4315503;Restinga Seca;4659;3375;4323;3492;8982;6867;8034;7815;15849
RS;4315552;Rio dos Índios;382;1374;373;1487;755;2861;1756;1860;3616
RS;4315602;Rio Grande;98915;3330;90514;4469;189429;7799;102245;94983;197228
RS;4315701;Rio Pardo;13462;5811;12152;6166;25614;11977;19273;18318;37591
RS;4315750;Riozinho;1408;719;1340;863;2748;1582;2127;2203;4330
RS;4315800;Roca Sales;3390;1804;3210;1880;6600;3684;5194;5090;10284
RS;4315909;Rodeio Bonito;2223;674;2087;759;4310;1433;2897;2846;5743
RS;4315958;Rolador;302;926;306;1012;608;1938;1228;1318;2546
RS;4316006;Rolante;7726;1992;7584;2183;15310;4175;9718;9767;19485
RS;4316105;Ronda Alta;3554;1658;3313;1696;6867;3354;5212;5009;10221
RS;4316204;Rondinha;1209;1591;1108;1610;2317;3201;2800;2718;5518
RS;4316303;Roque Gonzales;1588;1993;1499;2123;3087;4116;3581;3622;7203
RS;4316402;Rosário do Sul;18270;2126;16661;2650;34931;4776;20396;19311;39707
RS;4316428;Sagrada Família;400;856;385;954;785;1810;1256;1339;2595
RS;4316436;Saldanha Marinho;1027;452;900;490;1927;942;1479;1390;2869
RS;4316451;Salto do Jacuí;5233;769;4975;903;10208;1672;6002;5878;11880
RS;4316477;Salvador das Missões;547;745;547;830;1094;1575;1292;1377;2669
RS;4316501;Salvador do Sul;2054;1281;1955;1457;4009;2738;3335;3412;6747
RS;4316600;Sananduva;5513;2256;5184;2420;10697;4676;7769;7604;15373
RS;4316709;Santa Bárbara do Sul;3590;898;3395;946;6985;1844;4488;4341;8829
RS;4316733;Santa Cecília do Sul;237;579;243;596;480;1175;816;839;1655
RS;4316758;Santa Clara do Sul;1479;1373;1376;1469;2855;2842;2852;2845;5697
RS;4316808;Santa Cruz do Sul;55048;6383;50142;6801;105190;13184;61431;56943;118374
RS;4316907;Santa Maria;131243;6154;117104;6530;248347;12684;137397;123634;261031
RS;4316956;Santa Maria do Herval;2148;804;2214;887;4362;1691;2952;3101;6053
RS;4316972;Santa Margarida do Sul;267;813;285;987;552;1800;1080;1272;2352
RS;4317004;Santana da Boa Vista;1947;2126;1776;2393;3723;4519;4073;4169;8242
RS;4317103;Santana do Livramento;39407;3681;35003;4373;74410;8054;43088;39376;82464
RS;4317202;Santa Rosa;31015;4089;29351;4132;60366;8221;35104;33483;68587
RS;4317251;Santa Tereza;318;513;309;580;627;1093;831;889;1720
RS;4317301;Santa Vitória do Palmar;13756;1765;13134;2335;26890;4100;15521;15469;30990
RS;4317400;Santiago;23490;2010;21245;2326;44735;4336;25500;23571;49071
RS;4317509;Santo Ângelo;37546;2143;34258;2328;71804;4471;39689;36586;76275
RS;4317558;Santo Antônio do Palma;342;685;339;773;681;1458;1027;1112;2139
RS;4317608;Santo Antônio da Patrulha;14410;5519;13704;6052;28114;11571;19929;19756;39685
RS;4317707;Santo Antônio das Missões;3532;2099;3256;2323;6788;4422;5631;5579;11210
RS;4317756;Santo Antônio do Planalto;655;352;578;402;1233;754;1007;980;1987
RS;4317806;Santo Augusto;5911;1246;5469;1342;11380;2588;7157;6811;13968
RS;4317905;Santo Cristo;3985;3203;3796;3394;7781;6597;7188;7190;14378
RS;4317954;Santo Expedito do Sul;460;762;412;827;872;1589;1222;1239;2461
RS;4318002;São Borja;28386;3037;26752;3496;55138;6533;31423;30248;61671
RS;4318051;São Domingos do Sul;912;544;836;634;1748;1178;1456;1470;2926
RS;4318101;São Francisco de Assis;7078;2683;6417;3076;13495;5759;9761;9493;19254
RS;4318200;São Francisco de Paula;6766;3369;6238;4164;13004;7533;10135;10402;20537
RS;4318309;São Gabriel;27975;3021;25800;3629;53775;6650;30996;29429;60425
RS;4318408;São Jerônimo;8768;2340;8287;2739;17055;5079;11108;11026;22134
RS;4318424;São João da Urtiga;1171;1154;1120;1281;2291;2435;2325;2401;4726
RS;4318432;São João do Polêsine;732;631;622;650;1354;1281;1363;1272;2635
RS;4318440;São Jorge;752;643;699;680;1451;1323;1395;1379;2774
RS;4318457;São José das Missões;413;930;415;962;828;1892;1343;1377;2720
RS;4318465;São José do Herval;423;645;444;692;867;1337;1068;1136;2204
RS;4318481;São José do Hortêncio;1308;698;1337;751;2645;1449;2006;2088;4094
RS;4318499;São José do Inhacorá;426;649;406;719;832;1368;1075;1125;2200
RS;4318507;São José do Norte;8690;3810;8693;4310;17383;8120;12500;13003;25503
RS;4318606;São José do Ouro;2318;1204;2105;1277;4423;2481;3522;3382;6904
RS;4318614;São José do Sul;370;660;350;702;720;1362;1030;1052;2082
RS;4318622;São José dos Ausentes;1049;548;1013;680;2062;1228;1597;1693;3290
RS;4318705;São Leopoldo;109448;397;103790;452;213238;849;109845;104242;214087
RS;4318804;São Lourenço do Sul;12592;8896;11645;9978;24237;18874;21488;21623;43111
RS;4318903;São Luiz Gonzaga;15898;1831;14610;2217;30508;4048;17729;16827;34556
RS;4319000;São Marcos;9016;1228;8582;1277;17598;2505;10244;9859;20103
RS;4319109;São Martinho;1818;1117;1623;1215;3441;2332;2935;2838;5773
RS;4319125;São Martinho da Serra;471;1083;471;1176;942;2259;1554;1647;3201
RS;4319158;São Miguel das Missões;1840;1701;1887;1993;3727;3694;3541;3880;7421
RS;4319208;São Nicolau;1889;932;1803;1103;3692;2035;2821;2906;5727
RS;4319307;São Paulo das Missões;1130;2006;1069;2159;2199;4165;3136;3228;6364
RS;4319356;São Pedro da Serra;726;906;703;980;1429;1886;1632;1683;3315
RS;4319364;São Pedro das Missões;282;672;250;682;532;1354;954;932;1886
RS;4319372;São Pedro do Butiá;628;789;581;875;1209;1664;1417;1456;2873
RS;4319406;São Pedro do Sul;6257;2061;5672;2378;11929;4439;8318;8050;16368
RS;4319505;São Sebastião do Caí;9102;2092;8506;2232;17608;4324;11194;10738;21932
RS;4319604;São Sepé;9770;2251;9051;2726;18821;4977;12021;11777;23798
RS;4319703;São Valentim;907;914;837;974;1744;1888;1821;1811;3632
RS;4319711;São Valentim do Sul;374;682;372;740;746;1422;1056;1112;2168
RS;4319737;São Valério do Sul;254;1018;256;1119;510;2137;1272;1375;2647
RS;4319752;São Vendelino;671;279;682;312;1353;591;950;994;1944
RS;4319802;São Vicente do Sul;3008;1226;2873;1333;5881;2559;4234;4206;8440
RS;4319901;Sapiranga;36728;1268;35558;1431;72286;2699;37996;36989;74985
RS;4320008;Sapucaia do Sul;66969;241;63500;247;130469;488;67210;63747;130957
RS;4320107;Sarandi;9360;1656;8580;1689;17940;3345;11016;10269;21285
RS;4320206;Seberi;3144;2404;2779;2570;5923;4974;5548;5349;10897
RS;4320230;Sede Nova;810;670;771;760;1581;1430;1480;1531;3011
RS;4320263;Segredo;945;2515;862;2836;1807;5351;3460;3698;7158
RS;4320305;Selbach;1797;729;1653;750;3450;1479;2526;2403;4929
RS;4320321;Senador Salgado Filho;446;961;434;973;880;1934;1407;1407;2814
RS;4320354;Sentinela do Sul;665;1867;617;2049;1282;3916;2532;2666;5198
RS;4320404;Serafina Corrêa;6114;1040;5940;1159;12054;2199;7154;7099;14253
RS;4320453;Sério;268;823;262;928;530;1751;1091;1190;2281
RS;4320503;Sertão;1814;1435;1573;1472;3387;2907;3249;3045;6294
RS;4320552;Sertão Santana;674;2242;604;2330;1278;4572;2916;2934;5850
RS;4320578;Sete de Setembro;253;789;241;841;494;1630;1042;1082;2124
RS;4320602;Severiano de Almeida;731;1169;668;1274;1399;2443;1900;1942;3842
RS;4320651;Silveira Martins;573;649;518;709;1091;1358;1222;1227;2449
RS;4320677;Sinimbu;763;4088;674;4543;1437;8631;4851;5217;10068
RS;4320701;Sobradinho;5883;1408;5464;1528;11347;2936;7291;6992;14283
RS;4320800;Soledade;12459;2856;11573;3156;24032;6012;15315;14729;30044
RS;4320859;Tabaí;644;1385;602;1500;1246;2885;2029;2102;4131
RS;4320909;Tapejara;8816;1042;8264;1128;17080;2170;9858;9392;19250
RS;4321006;Tapera;4559;796;4261;832;8820;1628;5355;5093;10448
RS;4321105;Tapes;7465;997;7013;1154;14478;2151;8462;8167;16629
RS;4321204;Taquara;23286;4491;21980;4886;45266;9377;27777;26866;54643
RS;4321303;Taquari;11349;2054;10526;2163;21875;4217;13403;12689;26092
RS;4321329;Taquaruçu do Sul;590;859;574;943;1164;1802;1449;1517;2966
RS;4321352;Tavares;1642;932;1657;1120;3299;2052;2574;2777;5351
RS;4321402;Tenente Portela;4593;2413;4254;2459;8847;4872;7006;6713;13719
RS;4321436;Terra de Areia;2652;2267;2543;2416;5195;4683;4919;4959;9878
RS;4321451;Teutônia;11802;1947;11520;2003;23322;3950;13749;13523;27272
RS;4321469;Tio Hugo;604;748;560;812;1164;1560;1352;1372;2724
RS;4321477;Tiradentes do Sul;1070;2123;1028;2240;2098;4363;3193;3268;6461
RS;4321493;Toropi;307;1084;304;1257;611;2341;1391;1561;2952
RS;4321501;Torres;17195;626;16145;690;33340;1316;17821;16835;34656
RS;4321600;Tramandaí;20998;492;19579;516;40577;1008;21490;20095;41585
RS;4321626;Travesseiro;446;697;441;730;887;1427;1143;1171;2314
RS;4321634;Três Arroios;541;886;486;942;1027;1828;1427;1428;2855
RS;4321667;Três Cachoeiras;3746;1315;3755;1401;7501;2716;5061;5156;10217
RS;4321709;Três Coroas;10384;1627;10162;1675;20546;3302;12011;11837;23848
RS;4321808;Três de Maio;9884;2358;9078;2406;18962;4764;12242;11484;23726
RS;4321832;Três Forquilhas;185;1217;200;1312;385;2529;1402;1512;2914
RS;4321857;Três Palmeiras;1073;1098;1017;1193;2090;2291;2171;2210;4381
RS;4321907;Três Passos;9867;2347;9187;2564;19054;4911;12214;11751;23965
RS;4321956;Trindade do Sul;1518;1385;1381;1503;2899;2888;2903;2884;5787
RS;4322004;Triunfo;8529;4331;8328;4605;16857;8936;12860;12933;25793
RS;4322103;Tucunduva;2136;945;1899;918;4035;1863;3081;2817;5898
RS;4322152;Tunas;711;1406;664;1614;1375;3020;2117;2278;4395
RS;4322186;Tupanci do Sul;242;515;231;585;473;1100;757;816;1573
RS;4322202;Tupanciretã;9425;1992;8595;2269;18020;4261;11417;10864;22281
RS;4322251;Tupandi;1310;546;1411;657;2721;1203;1856;2068;3924
RS;4322301;Tuparendi;2815;1596;2479;1667;5294;3263;4411;4146;8557
RS;4322327;Turuçu;748;996;739;1039;1487;2035;1744;1778;3522
RS;4322343;Ubiretama;252;861;248;935;500;1796;1113;1183;2296
RS;4322350;União da Serra;141;549;139;658;280;1207;690;797;1487
RS;4322376;Unistalda;458;747;455;790;913;1537;1205;1245;2450
RS;4322400;Uruguaiana;60929;3497;56486;4523;117415;8020;64426;61009;125435
RS;4322509;Vacaria;29466;1793;27873;2210;57339;4003;31259;30083;61342
RS;4322525;Vale Verde;447;1154;435;1217;882;2371;1601;1652;3253
RS;4322533;Vale do Sol;638;4842;611;4986;1249;9828;5480;5597;11077
RS;4322541;Vale Real;2293;255;2273;297;4566;552;2548;2570;5118
RS;4322558;Vanini;516;475;485;508;1001;983;991;993;1984
RS;4322608;Venâncio Aires;21471;11832;19929;12714;41400;24546;33303;32643;65946
RS;4322707;Vera Cruz;6935;5299;6385;5364;13320;10663;12234;11749;23983
RS;4322806;Veranópolis;10249;1459;9594;1508;19843;2967;11708;11102;22810
RS;4322855;Vespasiano Correa;214;736;192;832;406;1568;950;1024;1974
RS;4322905;Viadutos;1402;1289;1241;1379;2643;2668;2691;2620;5311
RS;4323002;Viamão;115930;6971;109013;7470;224943;14441;122901;116483;239384
RS;4323101;Vicente Dutra;1213;1371;1138;1563;2351;2934;2584;2701;5285
RS;4323200;Victor Graeff;680;844;604;908;1284;1752;1524;1512;3036
RS;4323309;Vila Flores;681;909;667;950;1348;1859;1590;1617;3207
RS;4323358;Vila Lângaro;186;843;180;943;366;1786;1029;1123;2152
RS;4323408;Vila Maria;1143;962;1106;1010;2249;1972;2105;2116;4221
RS;4323457;Vila Nova do Sul;1138;981;1056;1046;2194;2027;2119;2102;4221
RS;4323507;Vista Alegre;623;809;562;838;1185;1647;1432;1400;2832
RS;4323606;Vista Alegre do Prata;232;518;231;588;463;1106;750;819;1569
RS;4323705;Vista Gaúcha;516;848;449;946;965;1794;1364;1395;2759
RS;4323754;Vitória das Missões;322;1369;347;1447;669;2816;1691;1794;3485
RS;4323770;Westfalia;577;810;553;853;1130;1663;1387;1406;2793
RS;4323804;Xangri-lá;6210;25;6169;30;12379;55;6235;6199;12434
RS;4399919;Santa Cristina do Pinhal;;;;;;;;;
RS;4399929;Santa Izabel;;;;;;;;;
SC;4200051;Abdon Batista;363;908;361;1021;724;1929;1271;1382;2653
SC;4200101;Abelardo Luz;4935;3537;4635;3993;9570;7530;8472;8628;17100
SC;4200200;Agrolândia;3005;1619;2954;1745;5959;3364;4624;4699;9323
SC;4200309;Agronômica;927;1480;931;1566;1858;3046;2407;2497;4904
SC;4200408;Água Doce;1738;1669;1695;1859;3433;3528;3407;3554;6961
SC;4200507;Águas de Chapecó;1640;1346;1596;1528;3236;2874;2986;3124;6110
SC;4200556;Águas Frias;477;668;504;775;981;1443;1145;1279;2424
SC;4200606;Águas Mornas;1154;1584;1173;1637;2327;3221;2738;2810;5548
SC;4200705;Alfredo Wagner;1483;3143;1385;3399;2868;6542;4626;4784;9410
SC;4200754;Alto Bela Vista;310;690;295;710;605;1400;1000;1005;2005
SC;4200804;Anchieta;1339;1810;1247;1984;2586;3794;3149;3231;6380
SC;4200903;Angelina;582;1903;541;2224;1123;4127;2485;2765;5250
SC;4201000;Anita Garibaldi;2351;1932;2200;2140;4551;4072;4283;4340;8623
SC;4201109;Anitápolis;666;873;649;1026;1315;1899;1539;1675;3214
SC;4201208;Antônio Carlos;1197;2504;1144;2613;2341;5117;3701;3757;7458
SC;4201257;Apiúna;2191;2543;2097;2769;4288;5312;4734;4866;9600
SC;4201273;Arabutã;683;1377;624;1509;1307;2886;2060;2133;4193
SC;4201307;Araquari;11468;694;11885;763;23353;1457;12162;12648;24810
SC;4201406;Araranguá;25958;5214;24568;5570;50526;10784;31172;30138;61310
SC;4201505;Armazém;2472;1357;2412;1512;4884;2869;3829;3924;7753
SC;4201604;Arroio Trinta;1226;529;1171;576;2397;1105;1755;1747;3502
SC;4201653;Arvoredo;230;801;271;958;501;1759;1031;1229;2260
SC;4201703;Ascurra;3274;458;3183;497;6457;955;3732;3680;7412
SC;4201802;Atalanta;714;925;654;1007;1368;1932;1639;1661;3300
SC;4201901;Aurora;994;1731;937;1887;1931;3618;2725;2824;5549
SC;4201950;Balneário Arroio do Silva;4752;91;4639;104;9391;195;4843;4743;9586
SC;4202008;Balneário Camboriú;56696;0;51393;0;108089;0;56696;51393;108089
SC;4202057;Balneário Barra do Sul;4055;203;3980;192;8035;395;4258;4172;8430
SC;4202073;Balneário Gaivota;3239;903;3124;968;6363;1871;4142;4092;8234
SC;4202081;Bandeirante;443;928;488;1047;931;1975;1371;1535;2906
SC;4202099;Barra Bonita;137;765;142;834;279;1599;902;976;1878
SC;4202107;Barra Velha;10787;496;10533;570;21320;1066;11283;11103;22386
SC;4202131;Bela Vista do Toldo;425;2475;422;2682;847;5157;2900;3104;6004
SC;4202156;Belmonte;631;646;642;716;1273;1362;1277;1358;2635
SC;4202206;Benedito Novo;2902;2154;2902;2378;5804;4532;5056;5280;10336
SC;4202305;Biguaçu;26851;2690;25907;2758;52758;5448;29541;28665;58206
SC;4202404;Blumenau;150427;7042;144346;7196;294773;14238;157469;151542;309011
SC;4202438;Bocaina do Sul;482;1108;485;1215;967;2323;1590;1700;3290
SC;4202453;Bombinhas;7099;0;7194;0;14293;0;7099;7194;14293
SC;4202503;Bom Jardim da Serra;1233;909;1164;1089;2397;1998;2142;2253;4395
SC;4202537;Bom Jesus;768;505;727;526;1495;1031;1273;1253;2526
SC;4202578;Bom Jesus do Oeste;333;721;314;764;647;1485;1054;1078;2132
SC;4202602;Bom Retiro;3225;1204;3192;1321;6417;2525;4429;4513;8942
SC;4202701;Botuverá;671;1519;639;1639;1310;3158;2190;2278;4468
SC;4202800;Braço do Norte;11774;2711;11609;2924;23383;5635;14485;14533;29018
SC;4202859;Braço do Trombudo;920;772;978;787;1898;1559;1692;1765;3457
SC;4202875;Brunópolis;359;1039;346;1106;705;2145;1398;1452;2850
SC;4202909;Brusque;51439;1664;50586;1814;102025;3478;53103;52400;105503
SC;4203006;Caçador;32812;2910;31645;3395;64457;6305;35722;35040;70762
SC;4203105;Caibi;1821;1256;1757;1385;3578;2641;3077;3142;6219
SC;4203154;Calmon;1060;578;1055;694;2115;1272;1638;1749;3387
SC;4203204;Camboriú;29684;1518;29547;1612;59231;3130;31202;31159;62361
SC;4203253;Capão Alto;481;841;481;950;962;1791;1322;1431;2753
SC;4203303;Campo Alegre;3628;2150;3609;2361;7237;4511;5778;5970;11748
SC;4203402;Campo Belo do Sul;2200;1433;2206;1644;4406;3077;3633;3850;7483
SC;4203501;Campo Erê;3191;1493;3061;1625;6252;3118;4684;4686;9370
SC;4203600;Campos Novos;13900;2667;13164;3093;27064;5760;16567;16257;32824
SC;4203709;Canelinha;3344;1887;3382;1990;6726;3877;5231;5372;10603
SC;4203808;Canoinhas;20316;6405;18957;7087;39273;13492;26721;26044;52765
SC;4203907;Capinzal;9091;1445;8663;1570;17754;3015;10536;10233;20769
SC;4203956;Capivari de Baixo;10238;937;9578;921;19816;1858;11175;10499;21674
SC;4204004;Catanduvas;4083;709;4011;752;8094;1461;4792;4763;9555
SC;4204103;Caxambu do Sul;1095;1097;1060;1159;2155;2256;2192;2219;4411
SC;4204152;Celso Ramos;445;931;427;968;872;1899;1376;1395;2771
SC;4204178;Cerro Negro;387;1321;377;1496;764;2817;1708;1873;3581
SC;4204194;Chapadão do Lageado;267;1070;246;1179;513;2249;1337;1425;2762
SC;4204202;Chapecó;85934;6970;82179;8447;168113;15417;92904;90626;183530
SC;4204251;Cocal do Sul;6418;1218;6278;1245;12696;2463;7636;7523;15159
SC;4204301;Concórdia;28181;6669;26684;7087;54865;13756;34850;33771;68621
SC;4204350;Cordilheira Alta;716;1130;732;1189;1448;2319;1846;1921;3767
SC;4204400;Coronel Freitas;3050;1974;3017;2172;6067;4146;5024;5189;10213
SC;4204459;Coronel Martins;352;844;333;929;685;1773;1196;1262;2458
SC;4204509;Corupá;5370;1480;5299;1703;10669;3183;6850;7002;13852
SC;4204558;Correia Pinto;6055;1354;5967;1409;12022;2763;7409;7376;14785
SC;4204608;Criciúma;96583;1118;93047;1560;189630;2678;97701;94607;192308
SC;4204707;Cunha Porã;3381;1974;3138;2120;6519;4094;5355;5258;10613
SC;4204756;Cunhataí;270;608;299;705;569;1313;878;1004;1882
SC;4204806;Curitibanos;17833;1394;16936;1585;34769;2979;19227;18521;37748
SC;4204905;Descanso;2188;2090;2109;2247;4297;4337;4278;4356;8634
SC;4205001;Dionísio Cerqueira;5213;2184;4978;2436;10191;4620;7397;7414;14811
SC;4205100;Dona Emma;912;900;956;953;1868;1853;1812;1909;3721
SC;4205159;Doutor Pedrinho;1038;772;981;813;2019;1585;1810;1794;3604
SC;4205175;Entre Rios;446;1015;482;1075;928;2090;1461;1557;3018
SC;4205191;Ermo;303;681;316;750;619;1431;984;1066;2050
SC;4205209;Erval Velho;1479;725;1363;785;2842;1510;2204;2148;4352
SC;4205308;Faxinal dos Guedes;3879;1425;3839;1518;7718;2943;5304;5357;10661
SC;4205357;Flor do Sertão;168;593;160;667;328;1260;761;827;1588
SC;4205407;Florianópolis;210341;7852;194945;8102;405286;15954;218193;203047;421240
SC;4205431;Formosa do Sul;540;734;544;783;1084;1517;1274;1327;2601
SC;4205456;Forquilhinha;9213;2028;9213;2094;18426;4122;11241;11307;22548
SC;4205506;Fraiburgo;15360;2032;14931;2230;30291;4262;17392;17161;34553
SC;4205555;Frei Rogério;352;834;354;934;706;1768;1186;1288;2474
SC;4205605;Galvão;1201;551;1146;574;2347;1125;1752;1720;3472
SC;4205704;Garopaba;7668;1343;7652;1475;15320;2818;9011;9127;18138
SC;4205803;Garuva;5631;1590;5820;1720;11451;3310;7221;7540;14761
SC;4205902;Gaspar;23941;5362;23185;5493;47126;10855;29303;28678;57981
SC;4206009;Governador Celso Ramos;5998;360;6254;387;12252;747;6358;6641;12999
SC;4206108;Grão Pará;1510;1478;1509;1726;3019;3204;2988;3235;6223
SC;4206207;Gravatal;2283;3066;2160;3126;4443;6192;5349;5286;10635
SC;4206306;Guabiruba;8418;661;8648;703;17066;1364;9079;9351;18430
SC;4206405;Guaraciaba;2533;2665;2391;2909;4924;5574;5198;5300;10498
SC;4206504;Guaramirim;13895;3437;14151;3689;28046;7126;17332;17840;35172
SC;4206603;Guarujá do Sul;1397;1110;1258;1143;2655;2253;2507;2401;4908
SC;4206652;Guatambú;840;1368;909;1562;1749;2930;2208;2471;4679
SC;4206702;Herval d'Oeste;9599;1143;9252;1245;18851;2388;10742;10497;21239
SC;4206751;Ibiam;354;610;341;640;695;1250;964;981;1945
SC;4206801;Ibicaré;771;827;786;989;1557;1816;1598;1775;3373
SC;4206900;Ibirama;7436;1228;7377;1289;14813;2517;8664;8666;17330
SC;4207007;Içara;27109;2421;26804;2499;53913;4920;29530;29303;58833
SC;4207106;Ilhota;3918;2210;3980;2247;7898;4457;6128;6227;12355
SC;4207205;Imaruí;2031;3776;1974;3891;4005;7667;5807;5865;11672
SC;4207304;Imbituba;20365;0;19805;0;40170;0;20365;19805;40170
SC;4207403;Imbuia;1275;1542;1240;1650;2515;3192;2817;2890;5707
SC;4207502;Indaial;26476;947;26451;980;52927;1927;27423;27431;54854
SC;4207577;Iomerê;473;873;434;959;907;1832;1346;1393;2739
SC;4207601;Ipira;1297;1089;1224;1142;2521;2231;2386;2366;4752
SC;4207650;Iporã do Oeste;2093;2058;2029;2229;4122;4287;4151;4258;8409
SC;4207684;Ipuaçu;702;2623;675;2798;1377;5421;3325;3473;6798
SC;4207700;Ipumirim;1596;1959;1552;2113;3148;4072;3555;3665;7220
SC;4207759;Iraceminha;746;1335;722;1450;1468;2785;2081;2172;4253
SC;4207809;Irani;3271;1410;3249;1601;6520;3011;4681;4850;9531
SC;4207858;Irati;235;789;214;858;449;1647;1024;1072;2096
SC;4207908;Irineópolis;1817;3285;1702;3644;3519;6929;5102;5346;10448
SC;4208005;Itá;2058;1150;1999;1219;4057;2369;3208;3218;6426
SC;4208104;Itaiópolis;5399;4493;5338;5071;10737;9564;9892;10409;20301
SC;4208203;Itajaí;88422;4840;85030;5081;173452;9921;93262;90111;183373
SC;4208302;Itapema;22833;573;21826;565;44659;1138;23406;22391;45797
SC;4208401;Itapiranga;3848;3703;3768;4090;7616;7793;7551;7858;15409
SC;4208450;Itapoá;7039;277;7133;314;14172;591;7316;7447;14763
SC;4208500;Ituporanga;7589;3566;7243;3852;14832;7418;11155;11095;22250
SC;4208609;Jaborá;831;1197;774;1239;1605;2436;2028;2013;4041
SC;4208708;Jacinto Machado;2647;2700;2486;2776;5133;5476;5347;5262;10609
SC;4208807;Jaguaruna;6627;2038;6571;2054;13198;4092;8665;8625;17290
SC;4208906;Jaraguá do Sul;66289;5033;66511;5290;132800;10323;71322;71801;143123
SC;4208955;Jardinópolis;407;459;392;508;799;967;866;900;1766
SC;4209003;Joaçaba;12992;1020;11932;1076;24924;2096;14012;13008;27020
SC;4209102;Joinville;251143;8389;246707;9049;497850;17438;259532;255756;515288
SC;4209151;José Boiteux;814;1515;797;1595;1611;3110;2329;2392;4721
SC;4209177;Jupiá;532;522;512;582;1044;1104;1054;1094;2148
SC;4209201;Lacerdópolis;602;501;558;538;1160;1039;1103;1096;2199
SC;4209300;Lages;79479;1296;74458;1494;153937;2790;80775;75952;156727
SC;4209409;Laguna;20766;5491;19889;5416;40655;10907;26257;25305;51562
SC;4209458;Lajeado Grande;342;392;306;450;648;842;734;756;1490
SC;4209508;Laurentino;2229;774;2145;856;4374;1630;3003;3001;6004
SC;4209607;Lauro Muller;5619;1561;5487;1700;11106;3261;7180;7187;14367
SC;4209706;Lebon Régis;3787;1970;3735;2346;7522;4316;5757;6081;11838
SC;4209805;Leoberto Leal;414;1197;406;1348;820;2545;1611;1754;3365
SC;4209854;Lindóia do Sul;973;1276;957;1436;1930;2712;2249;2393;4642
SC;4209904;Lontras;3568;1550;3446;1680;7014;3230;5118;5126;10244
SC;4210001;Luiz Alves;1593;3462;1663;3720;3256;7182;5055;5383;10438
SC;4210035;Luzerna;2215;645;2044;696;4259;1341;2860;2740;5600
SC;4210050;Macieira;262;616;239;709;501;1325;878;948;1826
SC;4210100;Mafra;21190;5471;20128;6123;41318;11594;26661;26251;52912
SC;4210209;Major Gercino;612;995;637;1035;1249;2030;1607;1672;3279
SC;4210308;Major Vieira;1532;2148;1429;2370;2961;4518;3680;3799;7479
SC;4210407;Maracajá;2124;1032;2132;1116;4256;2148;3156;3248;6404
SC;4210506;Maravilha;9284;1910;8803;2104;18087;4014;11194;10907;22101
SC;4210555;Marema;378;690;382;753;760;1443;1068;1135;2203
SC;4210605;Massaranduba;3809;3416;3797;3652;7606;7068;7225;7449;14674
SC;4210704;Matos Costa;742;622;723;752;1465;1374;1364;1475;2839
SC;4210803;Meleiro;1889;1653;1760;1698;3649;3351;3542;3458;7000
SC;4210852;Mirim Doce;609;631;593;680;1202;1311;1240;1273;2513
SC;4210902;Modelo;1339;636;1353;717;2692;1353;1975;2070;4045
SC;4211009;Mondaí;3014;1795;3291;2131;6305;3926;4809;5422;10231
SC;4211058;Monte Carlo;4004;568;4072;668;8076;1236;4572;4740;9312
SC;4211108;Monte Castelo;2419;1644;2430;1853;4849;3497;4063;4283;8346
SC;4211207;Morro da Fumaça;6954;1094;6909;1169;13863;2263;8048;8078;16126
SC;4211256;Morro Grande;365;1012;391;1122;756;2134;1377;1513;2890
SC;4211306;Navegantes;28854;1544;28548;1610;57402;3154;30398;30158;60556
SC;4211405;Nova Erechim;1562;508;1649;556;3211;1064;2070;2205;4275
SC;4211454;Nova Itaberaba;760;1297;770;1440;1530;2737;2057;2210;4267
SC;4211504;Nova Trento;4567;1442;4562;1619;9129;3061;6009;6181;12190
SC;4211603;Nova Veneza;4449;2141;4478;2241;8927;4382;6590;6719;13309
SC;4211652;Novo Horizonte;454;846;467;983;921;1829;1300;1450;2750
SC;4211702;Orleans;8204;2555;7880;2754;16084;5309;10759;10634;21393
SC;4211751;Otacílio Costa;7387;688;7504;758;14891;1446;8075;8262;16337
SC;4211801;Ouro;2486;1215;2358;1313;4844;2528;3701;3671;7372
SC;4211850;Ouro Verde;378;743;337;813;715;1556;1121;1150;2271
SC;4211876;Paial;169;655;167;772;336;1427;824;939;1763
SC;4211892;Painel;484;637;461;771;945;1408;1121;1232;2353
SC;4211900;Palhoça;67926;972;67385;1051;135311;2023;68898;68436;137334
SC;4212007;Palma Sola;2228;1580;2240;1717;4468;3297;3808;3957;7765
SC;4212056;Palmeira;466;686;459;762;925;1448;1152;1221;2373
SC;4212106;Palmitos;5073;2929;4798;3220;9871;6149;8002;8018;16020
SC;4212205;Papanduva;4637;4119;4547;4625;9184;8744;8756;9172;17928
SC;4212239;Paraíso;736;1253;715;1376;1451;2629;1989;2091;4080
SC;4212254;Passo de Torres;2920;355;2953;399;5873;754;3275;3352;6627
SC;4212270;Passos Maia;558;1626;541;1700;1099;3326;2184;2241;4425
SC;4212304;Paulo Lopes;2397;891;2423;981;4820;1872;3288;3404;6692
SC;4212403;Pedras Grandes;645;1364;616;1482;1261;2846;2009;2098;4107
SC;4212502;Penha;11601;1002;11463;1075;23064;2077;12603;12538;25141
SC;4212601;Peritiba;761;743;720;764;1481;1507;1504;1484;2988
SC;4212650;Pescaria Brava;;;;;;;;;
SC;4212700;Petrolândia;1103;1863;1122;2043;2225;3906;2966;3165;6131
SC;4212809;Piçarras;7805;752;7695;826;15500;1578;8557;8521;17078
SC;4212908;Pinhalzinho;6903;1252;6712;1465;13615;2717;8155;8177;16332
SC;4213005;Pinheiro Preto;834;697;866;750;1700;1447;1531;1616;3147
SC;4213104;Piratuba;1490;923;1365;1008;2855;1931;2413;2373;4786
SC;4213153;Planalto Alegre;529;742;538;845;1067;1587;1271;1383;2654
SC;4213203;Pomerode;11935;1920;11888;2016;23823;3936;13855;13904;27759
SC;4213302;Ponte Alta;1804;636;1774;680;3578;1316;2440;2454;4894
SC;4213351;Ponte Alta do Norte;1516;143;1491;153;3007;296;1659;1644;3303
SC;4213401;Ponte Serrada;3863;1634;3761;1773;7624;3407;5497;5534;11031
SC;4213500;Porto Belo;7647;438;7520;478;15167;916;8085;7998;16083
SC;4213609;Porto União;14590;2455;13676;2772;28266;5227;17045;16448;33493
SC;4213708;Pouso Redondo;4548;2758;4476;3028;9024;5786;7306;7504;14810
SC;4213807;Praia Grande;2193;1416;2104;1554;4297;2970;3609;3658;7267
SC;4213906;Presidente Castelo Branco;288;556;265;616;553;1172;844;881;1725
SC;4214003;Presidente Getúlio;5395;2088;5140;2264;10535;4352;7483;7404;14887
SC;4214102;Presidente Nereu;414;703;394;773;808;1476;1117;1167;2284
SC;4214151;Princesa;503;834;501;920;1004;1754;1337;1421;2758
SC;4214201;Quilombo;2926;2154;2820;2348;5746;4502;5080;5168;10248
SC;4214300;Rancho Queimado;643;707;647;751;1290;1458;1350;1398;2748
SC;4214409;Rio das Antas;1395;1595;1345;1808;2740;3403;2990;3153;6143
SC;4214508;Rio do Campo;1322;1691;1310;1869;2632;3560;3013;3179;6192
SC;4214607;Rio do Oeste;1746;1745;1644;1955;3390;3700;3491;3599;7090
SC;4214706;Rio dos Cedros;2554;2462;2556;2712;5110;5174;5016;5268;10284
SC;4214805;Rio do Sul;29119;2101;27666;2312;56785;4413;31220;29978;61198
SC;4214904;Rio Fortuna;776;1376;747;1547;1523;2923;2152;2294;4446
SC;4215000;Rio Negrinho;18191;1678;18157;1820;36348;3498;19869;19977;39846
SC;4215059;Rio Rufino;338;853;350;895;688;1748;1191;1245;2436
SC;4215075;Riqueza;1073;1267;1081;1417;2154;2684;2340;2498;4838
SC;4215109;Rodeio;4721;714;4703;784;9424;1498;5435;5487;10922
SC;4215208;Romelândia;1047;1711;961;1832;2008;3543;2758;2793;5551
SC;4215307;Salete;2483;1115;2504;1268;4987;2383;3598;3772;7370
SC;4215356;Saltinho;629;1292;626;1414;1255;2706;1921;2040;3961
SC;4215406;Salto Veloso;1694;418;1708;481;3402;899;2112;2189;4301
SC;4215455;Sangão;2432;2646;2424;2898;4856;5544;5078;5322;10400
SC;4215505;Santa Cecília;6883;1025;6780;1069;13663;2094;7908;7849;15757
SC;4215554;Santa Helena;439;707;443;793;882;1500;1146;1236;2382
SC;4215604;Santa Rosa de Lima;239;734;279;813;518;1547;973;1092;2065
SC;4215653;Santa Rosa do Sul;1939;2065;1807;2243;3746;4308;4004;4050;8054
SC;4215679;Santa Terezinha;743;3324;770;3930;1513;7254;4067;4700;8767
SC;4215687;Santa Terezinha do Progresso;287;1116;252;1241;539;2357;1403;1493;2896
SC;4215695;Santiago do Sul;313;398;337;417;650;815;711;754;1465
SC;4215703;Santo Amaro da Imperatriz;7458;2381;7512;2472;14970;4853;9839;9984;19823
SC;4215752;São Bernardino;357;913;362;1045;719;1958;1270;1407;2677
SC;4215802;São Bento do Sul;35861;1701;35373;1866;71234;3567;37562;37239;74801
SC;4215901;São Bonifácio;336;1121;349;1202;685;2323;1457;1551;3008
SC;4216008;São Carlos;3520;1600;3382;1789;6902;3389;5120;5171;10291
SC;4216057;São Cristovão do Sul;1930;232;1870;980;3800;1212;2162;2850;5012
SC;4216107;São Domingos;3192;1519;3121;1659;6313;3178;4711;4780;9491
SC;4216206;São Francisco do Sul;19905;1433;19585;1597;39490;3030;21338;21182;42520
SC;4216255;São João do Oeste;1083;1855;1036;2062;2119;3917;2938;3098;6036
SC;4216305;São João Batista;11643;1330;11908;1379;23551;2709;12973;13287;26260
SC;4216354;São João do Itaperiú;912;733;1013;777;1925;1510;1645;1790;3435
SC;4216404;São João do Sul;817;2655;755;2775;1572;5430;3472;3530;7002
SC;4216503;São Joaquim;9019;3359;8554;3880;17573;7239;12378;12434;24812
SC;4216602;São José;107194;1218;100118;1274;207312;2492;108412;101392;209804
SC;4216701;São José do Cedro;4332;2460;4115;2777;8447;5237;6792;6892;13684
SC;4216800;São José do Cerrito;1280;3192;1212;3589;2492;6781;4472;4801;9273
SC;4216909;São Lourenço do Oeste;8632;2332;8248;2580;16880;4912;10964;10828;21792
SC;4217006;São Ludgero;4813;555;5050;575;9863;1130;5368;5625;10993
SC;4217105;São Martinho;621;928;610;1050;1231;1978;1549;1660;3209
SC;4217154;São Miguel da Boa Vista;231;694;208;771;439;1465;925;979;1904
SC;4217204;São Miguel do Oeste;16653;2003;15412;2238;32065;4241;18656;17650;36306
SC;4217253;São Pedro de Alcântara;1257;459;2472;516;3729;975;1716;2988;4704
SC;4217303;Saudades;2552;1846;2571;2047;5123;3893;4398;4618;9016
SC;4217402;Schroeder;6752;763;6951;850;13703;1613;7515;7801;15316
SC;4217501;Seara;5892;2519;5694;2831;11586;5350;8411;8525;16936
SC;4217550;Serra Alta;928;723;907;727;1835;1450;1651;1634;3285
SC;4217600;Siderópolis;5082;1436;4969;1511;10051;2947;6518;6480;12998
SC;4217709;Sombrio;10179;3362;9459;3613;19638;6975;13541;13072;26613
SC;4217758;Sul Brasil;497;832;514;923;1011;1755;1329;1437;2766
SC;4217808;Taió;5082;3488;4882;3808;9964;7296;8570;8690;17260
SC;4217907;Tangará;2473;1731;2511;1959;4984;3690;4204;4470;8674
SC;4217956;Tigrinhos;177;678;166;736;343;1414;855;902;1757
SC;4218004;Tijucas;13142;2324;12860;2634;26002;4958;15466;15494;30960
SC;4218103;Timbé do Sul;966;1649;879;1814;1845;3463;2615;2693;5308
SC;4218202;Timbó;17332;1198;16964;1280;34296;2478;18530;18244;36774
SC;4218251;Timbó Grande;2082;1473;2001;1611;4083;3084;3555;3612;7167
SC;4218301;Três Barras;7718;1354;7647;1410;15365;2764;9072;9057;18129
SC;4218350;Treviso;914;824;919;870;1833;1694;1738;1789;3527
SC;4218400;Treze de Maio;1752;1673;1649;1802;3401;3475;3425;3451;6876
SC;4218509;Treze Tílias;2384;807;2331;819;4715;1626;3191;3150;6341
SC;4218608;Trombudo Central;2086;1199;2015;1253;4101;2452;3285;3268;6553
SC;4218707;Tubarão;45657;4464;42437;4677;88094;9141;50121;47114;97235
SC;4218756;Tunápolis;728;1537;690;1678;1418;3215;2265;2368;4633
SC;4218806;Turvo;4090;1914;3825;2025;7915;3939;6004;5850;11854
SC;4218855;União do Oeste;560;875;547;928;1107;1803;1435;1475;2910
SC;4218905;Urubici;3576;1727;3490;1906;7066;3633;5303;5396;10699
SC;4218954;Urupema;623;585;609;665;1232;1250;1208;1274;2482
SC;4219002;Urussanga;5925;4363;5480;4455;11405;8818;10288;9935;20223
SC;4219101;Vargeão;934;813;886;899;1820;1712;1747;1785;3532
SC;4219150;Vargem;456;906;440;1006;896;1912;1362;1446;2808
SC;4219176;Vargem Bonita;1317;1048;1360;1068;2677;2116;2365;2428;4793
SC;4219200;Vidal Ramos;931;2101;861;2397;1792;4498;3032;3258;6290
SC;4219309;Videira;21818;2091;21038;2241;42856;4332;23909;23279;47188
SC;4219358;Vitor Meireles;712;1725;733;2037;1445;3762;2437;2770;5207
SC;4219408;Witmarsum;450;1323;395;1432;845;2755;1773;1827;3600
SC;4219507;Xanxerê;20070;2477;19073;2508;39143;4985;22547;21581;44128
SC;4219606;Xavantina;555;1427;563;1597;1118;3024;1982;2160;4142
SC;4219705;Xaxim;10702;2235;10265;2511;20967;4746;12937;12776;25713
SC;4219853;Zortéa;1153;301;1183;354;2336;655;1454;1537;2991
SC;4220000;Balneário Rincão;;;;;;;;;
SC;4299919;São Miguel;;;;;;;;;
SE;2800100;Amparo de São Francisco;920;220;920;215;1840;435;1140;1135;2275
SE;2800209;Aquidabã;6016;4235;5441;4364;11457;8599;10251;9805;20056
SE;2800308;Aracaju;305665;0;265484;0;571149;0;305665;265484;571149
SE;2800407;Arauá;2271;3120;2216;3271;4487;6391;5391;5487;10878
SE;2800506;Areia Branca;4042;4322;4149;4344;8191;8666;8364;8493;16857
SE;2800605;Barra dos Coqueiros;10755;2009;10131;2081;20886;4090;12764;12212;24976
SE;2800670;Boquim;8363;4632;7631;4907;15994;9539;12995;12538;25533
SE;2800704;Brejo Grande;2024;1782;1998;1938;4022;3720;3806;3936;7742
SE;2801009;Campo do Brito;4306;4210;4024;4209;8330;8419;8516;8233;16749
SE;2801108;Canhoba;743;1152;756;1305;1499;2457;1895;2061;3956
SE;2801207;Canindé de São Francisco;7301;5092;6762;5531;14063;10623;12393;12293;24686
SE;2801306;Capela;10180;5312;9562;5707;19742;11019;15492;15269;30761
SE;2801405;Carira;5779;4258;5388;4582;11167;8840;10037;9970;20007
SE;2801504;Carmópolis;5436;1396;5280;1391;10716;2787;6832;6671;13503
SE;2801603;Cedro de São João;2558;295;2477;303;5035;598;2853;2780;5633
SE;2801702;Cristinápolis;4295;3929;4041;4254;8336;8183;8224;8295;16519
SE;2801900;Cumbe;1162;748;1109;794;2271;1542;1910;1903;3813
SE;2802007;Divina Pastora;1085;1052;1014;1175;2099;2227;2137;2189;4326
SE;2802106;Estância;28403;4641;26357;5008;54760;9649;33044;31365;64409
SE;2802205;Feira Nova;1873;821;1714;916;3587;1737;2694;2630;5324
SE;2802304;Frei Paulo;4310;2779;3903;2882;8213;5661;7089;6785;13874
SE;2802403;Gararu;1457;4137;1375;4436;2832;8573;5594;5811;11405
SE;2802502;General Maynard;954;552;889;534;1843;1086;1506;1423;2929
SE;2802601;Gracho Cardoso;1370;1386;1333;1556;2703;2942;2756;2889;5645
SE;2802700;Ilha das Flores;2714;1466;2721;1447;5435;2913;4180;4168;8348
SE;2802809;Indiaroba;2941;4863;2644;5383;5585;10246;7804;8027;15831
SE;2802908;Itabaiana;35118;9353;32591;9905;67709;19258;44471;42496;86967
SE;2803005;Itabaianinha;10057;9474;9352;10027;19409;19501;19531;19379;38910
SE;2803104;Itabi;1433;1061;1319;1159;2752;2220;2494;2478;4972
SE;2803203;Itaporanga d'Ajuda;6143;9111;5726;9439;11869;18550;15254;15165;30419
SE;2803302;Japaratuba;4118;4357;3785;4604;7903;8961;8475;8389;16864
SE;2803401;Japoatã;2167;4289;2145;4337;4312;8626;6456;6482;12938
SE;2803500;Lagarto;25724;22648;23143;23346;48867;45994;48372;46489;94861
SE;2803609;Laranjeiras;10983;2788;10274;2857;21257;5645;13771;13131;26902
SE;2803708;Macambira;1620;1619;1443;1719;3063;3338;3239;3162;6401
SE;2803807;Malhada dos Bois;807;896;793;960;1600;1856;1703;1753;3456
SE;2803906;Malhador;2860;3101;2766;3315;5626;6416;5961;6081;12042
SE;2804003;Maruim;6206;2126;5835;2176;12041;4302;8332;8011;16343
SE;2804102;Moita Bonita;2377;3162;2223;3239;4600;6401;5539;5462;11001
SE;2804201;Monte Alegre de Sergipe;4080;2647;3963;2937;8043;5584;6727;6900;13627
SE;2804300;Muribeca;1702;1957;1586;2099;3288;4056;3659;3685;7344
SE;2804409;Neópolis;5375;3898;5142;4091;10517;7989;9273;9233;18506
SE;2804458;Nossa Senhora Aparecida;1815;2436;1640;2617;3455;5053;4251;4257;8508
SE;2804508;Nossa Senhora da Glória;11144;5277;10473;5603;21617;10880;16421;16076;32497
SE;2804607;Nossa Senhora das Dores;8260;4193;7767;4360;16027;8553;12453;12127;24580
SE;2804706;Nossa Senhora de Lourdes;1652;1435;1639;1512;3291;2947;3087;3151;6238
SE;2804805;Nossa Senhora do Socorro;80116;2424;75707;2580;155823;5004;82540;78287;160827
SE;2804904;Pacatuba;1399;5051;1289;5398;2688;10449;6450;6687;13137
SE;2805000;Pedra Mole;607;871;590;906;1197;1777;1478;1496;2974
SE;2805109;Pedrinhas;3300;1177;3171;1185;6471;2362;4477;4356;8833
SE;2805208;Pinhão;1762;1285;1557;1369;3319;2654;3047;2926;5973
SE;2805307;Pirambu;2474;1682;2432;1781;4906;3463;4156;4213;8369
SE;2805406;Poço Redondo;4399;10714;4139;11628;8538;22342;15113;15767;30880
SE;2805505;Poço Verde;6422;4695;5890;4976;12312;9671;11117;10866;21983
SE;2805604;Porto da Folha;4995;8268;4960;8923;9955;17191;13263;13883;27146
SE;2805703;Propriá;12635;1970;11755;2091;24390;4061;14605;13846;28451
SE;2805802;Riachão do Dantas;2479;7171;2393;7343;4872;14514;9650;9736;19386
SE;2805901;Riachuelo;4070;731;3785;769;7855;1500;4801;4554;9355
SE;2806008;Ribeirópolis;6181;2500;5747;2745;11928;5245;8681;8492;17173
SE;2806107;Rosário do Catete;3430;1352;3079;1360;6509;2712;4782;4439;9221
SE;2806206;Salgado;3509;6198;3185;6473;6694;12671;9707;9658;19365
SE;2806305;Santa Luzia do Itanhy;1448;4867;1467;5187;2915;10054;6315;6654;12969
SE;2806404;Santana do São Francisco;2279;1222;2244;1293;4523;2515;3501;3537;7038
SE;2806503;Santa Rosa de Lima;1063;799;1074;813;2137;1612;1862;1887;3749
SE;2806602;Santo Amaro das Brotas;4266;1532;3945;1667;8211;3199;5798;5612;11410
SE;2806701;São Cristóvão;34628;5837;32037;6362;66665;12199;40465;38399;78864
SE;2806800;São Domingos;2679;2501;2468;2623;5147;5124;5180;5091;10271
SE;2806909;São Francisco;1182;503;1197;511;2379;1014;1685;1708;3393
SE;2807006;São Miguel do Aleixo;889;969;858;982;1747;1951;1858;1840;3698
SE;2807105;Simão Dias;10753;9061;9673;9215;20426;18276;19814;18888;38702
SE;2807204;Siriri;1665;2350;1516;2473;3181;4823;4015;3989;8004
SE;2807303;Telha;578;903;549;927;1127;1830;1481;1476;2957
SE;2807402;Tobias Barreto;16917;7664;15311;8148;32228;15812;24581;23459;48040
SE;2807501;Tomar do Geru;2479;3840;2333;4203;4812;8043;6319;6536;12855
SE;2807600;Umbaúba;7282;4152;6641;4359;13923;8511;11434;11000;22434
SP;3500105;Adamantina;16596;827;15352;1022;31948;1849;17423;16374;33797
SP;3500204;Adolfo;1599;171;1601;186;3200;357;1770;1787;3557
SP;3500303;Aguaí;14541;1390;14460;1757;29001;3147;15931;16217;32148
SP;3500402;Águas da Prata;3453;384;3318;429;6771;813;3837;3747;7584
SP;3500501;Águas de Lindóia;8744;65;8367;90;17111;155;8809;8457;17266
SP;3500550;Águas de Santa Bárbara;2200;622;2059;720;4259;1342;2822;2779;5601
SP;3500600;Águas de São Pedro;1445;0;1262;0;2707;0;1445;1262;2707
SP;3500709;Agudos;16767;681;16226;850;32993;1531;17448;17076;34524
SP;3500758;Alambari;1833;595;1839;617;3672;1212;2428;2456;4884
SP;3500808;Alfredo Marcondes;1622;288;1633;348;3255;636;1910;1981;3891
SP;3500907;Altair;1405;359;1617;434;3022;793;1764;2051;3815
SP;3501004;Altinópolis;6882;917;6754;1054;13636;1971;7799;7808;15607
SP;3501103;Alto Alegre;1591;402;1643;466;3234;868;1993;2109;4102
SP;3501152;Alumínio;7034;1305;7089;1411;14123;2716;8339;8500;16839
SP;3501202;Álvares Florence;1305;593;1343;656;2648;1249;1898;1999;3897
SP;3501301;Álvares Machado;10761;1112;10422;1218;21183;2330;11873;11640;23513
SP;3501400;Álvaro de Carvalho;1533;158;1419;1540;2952;1698;1691;2959;4650
SP;3501509;Alvinlândia;1370;148;1323;159;2693;307;1518;1482;3000
SP;3501608;Americana;107010;454;102644;530;209654;984;107464;103174;210638
SP;3501707;Américo Brasiliense;17016;129;17201;132;34217;261;17145;17333;34478
SP;3501806;Américo de Campos;2406;438;2382;480;4788;918;2844;2862;5706
SP;3501905;Amparo;26685;6702;25126;7316;51811;14018;33387;32442;65829
SP;3502002;Analândia;1674;416;1734;469;3408;885;2090;2203;4293
SP;3502101;Andradina;26369;1775;25280;1910;51649;3685;28144;27190;55334
SP;3502200;Angatuba;7995;2970;7958;3287;15953;6257;10965;11245;22210
SP;3502309;Anhembi;2119;625;2152;757;4271;1382;2744;2909;5653
SP;3502408;Anhumas;1559;316;1500;363;3059;679;1875;1863;3738
SP;3502507;Aparecida;17875;234;16623;275;34498;509;18109;16898;35007
SP;3502606;Aparecida d'Oeste;1888;385;1757;420;3645;805;2273;2177;4450
SP;3502705;Apiaí;9290;3324;8928;3649;18218;6973;12614;12577;25191
SP;3502754;Araçariguama;8383;0;8697;0;17080;0;8383;8697;17080
SP;3502804;Araçatuba;92611;1639;85466;1863;178077;3502;94250;87329;181579
SP;3502903;Araçoiaba da Serra;9534;4158;9230;4377;18764;8535;13692;13607;27299
SP;3503000;Aramina;2420;143;2396;193;4816;336;2563;2589;5152
SP;3503109;Arandu;2349;686;2265;823;4614;1509;3035;3088;6123
SP;3503158;Arapeí;955;283;920;335;1875;618;1238;1255;2493
SP;3503208;Araraquara;105222;2785;97508;3147;202730;5932;108007;100655;208662
SP;3503307;Araras;57103;3052;55341;3347;112444;6399;60155;58688;118843
SP;3503356;Arco-Íris;561;393;536;435;1097;828;954;971;1925
SP;3503406;Arealva;3091;753;3085;912;6176;1665;3844;3997;7841
SP;3503505;Areias;1285;580;1193;638;2478;1218;1865;1831;3696
SP;3503604;Areiópolis;4580;546;4821;632;9401;1178;5126;5453;10579
SP;3503703;Ariranha;3975;206;4119;247;8094;453;4181;4366;8547
SP;3503802;Artur Nogueira;20102;2000;19896;2179;39998;4179;22102;22075;44177
SP;3503901;Arujá;36575;1391;35341;1598;71916;2989;37966;36939;74905
SP;3503950;Aspásia;634;268;623;284;1257;552;902;907;1809
SP;3504008;Assis;47601;1226;43390;2927;90991;4153;48827;46317;95144
SP;3504107;Atibaia;58994;5398;56235;5976;115229;11374;64392;62211;126603
SP;3504206;Auriflama;6506;594;6442;660;12948;1254;7100;7102;14202
SP;3504305;Avaí;1704;749;1626;880;3330;1629;2453;2506;4959
SP;3504404;Avanhandava;4799;262;4764;1485;9563;1747;5061;6249;11310
SP;3504503;Avaré;40222;1576;39169;1967;79391;3543;41798;41136;82934
SP;3504602;Bady Bassitt;6905;449;6754;495;13659;944;7354;7249;14603
SP;3504701;Balbinos;611;89;580;2422;1191;2511;700;3002;3702
SP;3504800;Bálsamo;3848;314;3626;372;7474;686;4162;3998;8160
SP;3504909;Bananal;4216;956;3941;1110;8157;2066;5172;5051;10223
SP;3505005;Barão de Antonina;953;572;960;631;1913;1203;1525;1591;3116
SP;3505104;Barbosa;2801;469;2774;549;5575;1018;3270;3323;6593
SP;3505203;Bariri;15017;760;14958;858;29975;1618;15777;15816;31593
SP;3505302;Barra Bonita;17640;354;16867;385;34507;739;17994;17252;35246
SP;3505351;Barra do Chapéu;761;1713;783;1987;1544;3700;2474;2770;5244
SP;3505401;Barra do Turvo;1573;2106;1601;2449;3174;4555;3679;4050;7729
SP;3505500;Barretos;56344;1588;52342;1827;108686;3415;57932;54169;112101
SP;3505609;Barrinha;14046;129;14134;187;28180;316;14175;14321;28496
SP;3505708;Barueri;123698;0;117051;0;240749;0;123698;117051;240749
SP;3505807;Bastos;9047;1366;8561;1471;17608;2837;10413;10032;20445
SP;3505906;Batatais;25614;3118;24331;3413;49945;6531;28732;27744;56476
SP;3506003;Bauru;176131;1157;162053;4596;338184;5753;177288;166649;343937
SP;3506102;Bebedouro;36829;1677;34674;1855;71503;3532;38506;36529;75035
SP;3506201;Bento de Abreu;1205;105;1239;125;2444;230;1310;1364;2674
SP;3506300;Bernardino de Campos;4995;530;4663;587;9658;1117;5525;5250;10775
SP;3506359;Bertioga;23441;375;23426;403;46867;778;23816;23829;47645
SP;3506409;Bilac;3301;256;3180;311;6481;567;3557;3491;7048
SP;3506508;Birigui;54238;1415;51249;1826;105487;3241;55653;53075;108728
SP;3506607;Biritiba-Mirim;12203;1959;12322;2091;24525;4050;14162;14413;28575
SP;3506706;Boa Esperança do Sul;6080;690;6104;771;12184;1461;6770;6875;13645
SP;3506805;Bocaina;5025;425;4981;428;10006;853;5450;5409;10859
SP;3506904;Bofete;3105;1607;3027;1879;6132;3486;4712;4906;9618
SP;3507001;Boituva;22670;1331;22778;1535;45448;2866;24001;24313;48314
SP;3507100;Bom Jesus dos Perdões;8699;1087;8677;1245;17376;2332;9786;9922;19708
SP;3507159;Bom Sucesso de Itararé;1218;537;1212;604;2430;1141;1755;1816;3571
SP;3507209;Borá;307;76;320;102;627;178;383;422;805
SP;3507308;Boracéia;1878;212;1949;229;3827;441;2090;2178;4268
SP;3507407;Borborema;6515;664;6580;770;13095;1434;7179;7350;14529
SP;3507456;Borebi;1022;128;978;165;2000;293;1150;1143;2293
SP;3507506;Botucatu;63312;2255;59366;2395;122678;4650;65567;61761;127328
SP;3507605;Bragança Paulista;72555;2108;69700;2381;142255;4489;74663;72081;146744
SP;3507704;Braúna;2183;286;2207;345;4390;631;2469;2552;5021
SP;3507753;Brejo Alegre;1026;217;1084;246;2110;463;1243;1330;2573
SP;3507803;Brodowski;10403;239;10194;271;20597;510;10642;10465;21107
SP;3507902;Brotas;9427;1442;9172;1539;18599;2981;10869;10711;21580
SP;3508009;Buri;7381;1681;7611;1890;14992;3571;9062;9501;18563
SP;3508108;Buritama;7269;417;7257;475;14526;892;7686;7732;15418
SP;3508207;Buritizal;1649;331;1657;416;3306;747;1980;2073;4053
SP;3508306;Cabrália Paulista;1889;256;1888;332;3777;588;2145;2220;4365
SP;3508405;Cabreúva;17462;3062;17799;3281;35261;6343;20524;21080;41604
SP;3508504;Caçapava;36937;5819;35580;6416;72517;12235;42756;41996;84752
SP;3508603;Cachoeira Paulista;12740;2602;11832;2917;24572;5519;15342;14749;30091
SP;3508702;Caconde;6528;2725;6111;3174;12639;5899;9253;9285;18538
SP;3508801;Cafelândia;7403;1030;7023;1151;14426;2181;8433;8174;16607
SP;3508900;Caiabu;1629;352;1686;405;3315;757;1981;2091;4072
SP;3509007;Caieiras;43172;1059;41214;1084;84386;2143;44231;42298;86529
SP;3509106;Caiuá;983;1404;947;1705;1930;3109;2387;2652;5039
SP;3509205;Cajamar;31497;620;31326;671;62823;1291;32117;31997;64114
SP;3509254;Cajati;10389;3655;10331;3997;20720;7652;14044;14328;28372
SP;3509304;Cajobi;4447;296;4686;339;9133;635;4743;5025;9768
SP;3509403;Cajuru;10460;1212;10335;1364;20795;2576;11672;11699;23371
SP;3509452;Campina do Monte Alegre;2314;400;2396;457;4710;857;2714;2853;5567
SP;3509502;Campinas;550057;9191;511483;9382;1061540;18573;559248;520865;1080113
SP;3509601;Campo Limpo Paulista;37682;0;36392;0;74074;0;37682;36392;74074
SP;3509700;Campos do Jordão;24262;134;23229;164;47491;298;24396;23393;47789
SP;3509809;Campos Novos Paulista;1741;459;1787;552;3528;1011;2200;2339;4539
SP;3509908;Cananéia;5272;820;5164;970;10436;1790;6092;6134;12226
SP;3509957;Canas;2008;154;2062;161;4070;315;2162;2223;4385
SP;3510005;Cândido Mota;14377;849;13719;939;28096;1788;15226;14658;29884
SP;3510104;Cândido Rodrigues;1116;237;1037;278;2153;515;1353;1315;2668
SP;3510153;Canitar;2050;103;2088;128;4138;231;2153;2216;4369
SP;3510203;Capão Bonito;19216;3941;18608;4413;37824;8354;23157;23021;46178
SP;3510302;Capela do Alto;7058;1436;7464;1574;14522;3010;8494;9038;17532
SP;3510401;Capivari;23064;1159;22840;1513;45904;2672;24223;24353;48576
SP;3510500;Caraguatatuba;48932;1949;47741;2218;96673;4167;50881;49959;100840
SP;3510609;Carapicuíba;190300;0;179284;0;369584;0;190300;179284;369584
SP;3510708;Cardoso;5473;502;5257;573;10730;1075;5975;5830;11805
SP;3510807;Casa Branca;11848;1462;11306;3691;23154;5153;13310;14997;28307
SP;3510906;Cássia dos Coqueiros;907;380;888;459;1795;839;1287;1347;2634
SP;3511003;Castilho;6928;2100;6658;2317;13586;4417;9028;8975;18003
SP;3511102;Catanduva;57607;437;54307;469;111914;906;58044;54776;112820
SP;3511201;Catiguá;3229;266;3340;292;6569;558;3495;3632;7127
SP;3511300;Cedral;3184;811;3123;854;6307;1665;3995;3977;7972
SP;3511409;Cerqueira César;8007;852;7709;964;15716;1816;8859;8673;17532
SP;3511508;Cerquilho;19046;936;18521;1114;37567;2050;19982;19635;39617
SP;3511607;Cesário Lange;5207;2270;5285;2778;10492;5048;7477;8063;15540
SP;3511706;Charqueada;6730;669;6956;730;13686;1399;7399;7686;15085
SP;3511904;Clementina;3243;161;3491;170;6734;331;3404;3661;7065
SP;3512001;Colina;8214;531;8009;617;16223;1148;8745;8626;17371
SP;3512100;Colômbia;2149;779;2183;883;4332;1662;2928;3066;5994
SP;3512209;Conchal;11812;660;12027;730;23839;1390;12472;12757;25229
SP;3512308;Conchas;6637;1460;6560;1631;13197;3091;8097;8191;16288
SP;3512407;Cordeirópolis;9461;1019;9473;1127;18934;2146;10480;10600;21080
SP;3512506;Coroados;2165;463;2077;533;4242;996;2628;2610;5238
SP;3512605;Coronel Macedo;1903;533;1962;603;3865;1136;2436;2565;5001
SP;3512704;Corumbataí;1067;833;1026;948;2093;1781;1900;1974;3874
SP;3512803;Cosmópolis;27363;2054;27271;2139;54634;4193;29417;29410;58827
SP;3512902;Cosmorama;2515;1047;2430;1222;4945;2269;3562;3652;7214
SP;3513009;Cotia;102695;0;98455;0;201150;0;102695;98455;201150
SP;3513108;Cravinhos;15442;360;15460;429;30902;789;15802;15889;31691
SP;3513207;Cristais Paulista;2781;933;2747;1127;5528;2060;3714;3874;7588
SP;3513306;Cruzália;784;380;726;384;1510;764;1164;1110;2274
SP;3513405;Cruzeiro;38649;885;36427;1078;75076;1963;39534;37505;77039
SP;3513504;Cubatão;59491;0;59229;0;118720;0;59491;59229;118720
SP;3513603;Cunha;6186;4516;5981;5183;12167;9699;10702;11164;21866
SP;3513702;Descalvado;14158;1569;13554;1775;27712;3344;15727;15329;31056
SP;3513801;Diadema;199286;0;186803;0;386089;0;199286;186803;386089
SP;3513850;Dirce Reis;629;185;650;225;1279;410;814;875;1689
SP;3513900;Divinolândia;3906;1715;3594;1993;7500;3708;5621;5587;11208
SP;3514007;Dobrada;3743;80;4019;97;7762;177;3823;4116;7939
SP;3514106;Dois Córregos;11749;595;11697;720;23446;1315;12344;12417;24761
SP;3514205;Dolcinópolis;938;67;1011;80;1949;147;1005;1091;2096
SP;3514304;Dourado;3909;336;3960;404;7869;740;4245;4364;8609
SP;3514403;Dracena;20801;1052;19145;2260;39946;3312;21853;21405;43258
SP;3514502;Duartina;5699;582;5298;672;10997;1254;6281;5970;12251
SP;3514601;Dumont;3904;143;3950;146;7854;289;4047;4096;8143
SP;3514700;Echaporã;2593;610;2439;676;5032;1286;3203;3115;6318
SP;3514809;Eldorado;3686;3477;3519;3959;7205;7436;7163;7478;14641
SP;3514908;Elias Fausto;6245;1362;6313;1855;12558;3217;7607;8168;15775
SP;3514924;Elisiário;1350;120;1508;142;2858;262;1470;1650;3120
SP;3514957;Embaúba;982;182;1078;181;2060;363;1164;1259;2423
SP;3515004;Embu;123502;0;116728;0;240230;0;123502;116728;240230
SP;3515103;Embu-Guaçu;30785;798;30310;876;61095;1674;31583;31186;62769
SP;3515129;Emilianópolis;1248;255;1249;268;2497;523;1503;1517;3020
SP;3515152;Engenheiro Coelho;5404;2084;6094;2139;11498;4223;7488;8233;15721
SP;3515186;Espírito Santo do Pinhal;19225;2175;18020;2487;37245;4662;21400;20507;41907
SP;3515194;Espírito Santo do Turvo;1816;283;1814;331;3630;614;2099;2145;4244
SP;3515202;Estrela d'Oeste;3439;636;3392;741;6831;1377;4075;4133;8208
SP;3515301;Estrela do Norte;1022;266;1077;293;2099;559;1288;1370;2658
SP;3515350;Euclides da Cunha Paulista;3138;1615;2973;1859;6111;3474;4753;4832;9585
SP;3515400;Fartura;6433;1461;5805;1621;12238;3082;7894;7426;15320
SP;3515509;Fernandópolis;32254;924;30460;1058;62714;1982;33178;31518;64696
SP;3515608;Fernando Prestes;2424;384;2274;452;4698;836;2808;2726;5534
SP;3515657;Fernão;430;339;420;374;850;713;769;794;1563
SP;3515707;Ferraz de Vasconcelos;82499;3664;78255;3888;160754;7552;86163;82143;168306
SP;3515806;Flora Rica;713;159;705;175;1418;334;872;880;1752
SP;3515905;Floreal;1242;265;1197;299;2439;564;1507;1496;3003
SP;3516002;Flórida Paulista;5105;688;5032;2023;10137;2711;5793;7055;12848
SP;3516101;Florínia;1292;154;1220;163;2512;317;1446;1383;2829
SP;3516200;Franca;160644;2532;152402;3062;313046;5594;163176;155464;318640
SP;3516309;Francisco Morato;77684;152;76474;162;154158;314;77836;76636;154472
SP;3516408;Franco da Rocha;61650;2492;59594;7868;121244;10360;64142;67462;131604
SP;3516507;Gabriel Monteiro;1122;211;1135;240;2257;451;1333;1375;2708
SP;3516606;Gália;2678;827;2547;959;5225;1786;3505;3506;7011
SP;3516705;Garça;20357;1788;18835;2135;39192;3923;22145;20970;43115
SP;3516804;Gastão Vidigal;1679;216;2077;221;3756;437;1895;2298;4193
SP;3516853;Gavião Peixoto;1725;410;1850;434;3575;844;2135;2284;4419
SP;3516903;General Salgado;4585;732;4499;853;9084;1585;5317;5352;10669
SP;3517000;Getulina;4298;606;4036;1825;8334;2431;4904;5861;10765
SP;3517109;Glicério;1701;575;1661;628;3362;1203;2276;2289;4565
SP;3517208;Guaiçara;4848;455;4846;521;9694;976;5303;5367;10670
SP;3517307;Guaimbê;2413;315;2327;370;4740;685;2728;2697;5425
SP;3517406;Guaíra;18263;621;17796;724;36059;1345;18884;18520;37404
SP;3517505;Guapiaçu;7868;972;7937;1092;15805;2064;8840;9029;17869
SP;3517604;Guapiara;3699;5146;3534;5619;7233;10765;8845;9153;17998
SP;3517703;Guará;9699;275;9524;360;19223;635;9974;9884;19858
SP;3517802;Guaraçaí;3424;816;3230;965;6654;1781;4240;4195;8435
SP;3517901;Guaraci;4419;473;4508;576;8927;1049;4892;5084;9976
SP;3518008;Guarani d'Oeste;897;110;838;125;1735;235;1007;963;1970
SP;3518107;Guarantã;2742;444;2720;498;5462;942;3186;3218;6404
SP;3518206;Guararapes;14424;1082;13894;1197;28318;2279;15506;15091;30597
SP;3518305;Guararema;11173;1673;11067;1931;22240;3604;12846;12998;25844
SP;3518404;Guaratinguetá;55565;2561;51197;2749;106762;5310;58126;53946;112072
SP;3518503;Guareí;4105;1533;4308;4619;8413;6152;5638;8927;14565
SP;3518602;Guariba;17238;336;17510;402;34748;738;17574;17912;35486
SP;3518701;Guarujá;149014;27;141682;29;290696;56;149041;141711;290752
SP;3518800;Guarulhos;626936;0;595043;0;1221979;0;626936;595043;1221979
SP;3518859;Guatapará;2511;876;2605;974;5116;1850;3387;3579;6966
SP;3518909;Guzolândia;1975;343;2046;390;4021;733;2318;2436;4754
SP;3519006;Herculândia;3976;369;3945;406;7921;775;4345;4351;8696
SP;3519055;Holambra;4095;1479;4089;1636;8184;3115;5574;5725;11299
SP;3519071;Hortolândia;95253;0;97439;0;192692;0;95253;97439;192692
SP;3519105;Iacanga;4349;500;4377;787;8726;1287;4849;5164;10013
SP;3519204;Iacri;2523;647;2527;722;5050;1369;3170;3249;6419
SP;3519253;Iaras;1420;760;1417;2779;2837;3539;2180;4196;6376
SP;3519303;Ibaté;14357;563;15151;663;29508;1226;14920;15814;30734
SP;3519402;Ibirá;5058;424;4987;427;10045;851;5482;5414;10896
SP;3519501;Ibirarema;3100;230;3112;283;6212;513;3330;3395;6725
SP;3519600;Ibitinga;25992;954;25065;1147;51057;2101;26946;26212;53158
SP;3519709;Ibiúna;12740;22261;12193;24023;24933;46284;35001;36216;71217
SP;3519808;Icém;3142;525;3262;533;6404;1058;3667;3795;7462
SP;3519907;Iepê;3444;405;3329;450;6773;855;3849;3779;7628
SP;3520004;Igaraçu do Tietê;11650;59;11578;75;23228;134;11709;11653;23362
SP;3520103;Igarapava;13382;728;12980;862;26362;1590;14110;13842;27952
SP;3520202;Igaratá;3458;851;3547;975;7005;1826;4309;4522;8831
SP;3520301;Iguape;12457;1922;12230;2232;24687;4154;14379;14462;28841
SP;3520400;Ilhabela;13776;91;14226;103;28002;194;13867;14329;28196
SP;3520426;Ilha Comprida;4550;0;4475;0;9025;0;4550;4475;9025
SP;3520442;Ilha Solteira;12146;719;11374;825;23520;1544;12865;12199;25064
SP;3520509;Indaiatuba;100491;950;99101;1077;199592;2027;101441;100178;201619
SP;3520608;Indiana;2085;317;2042;381;4127;698;2402;2423;4825
SP;3520707;Indiaporã;1726;257;1653;267;3379;524;1983;1920;3903
SP;3520806;Inúbia Paulista;1597;212;1580;241;3177;453;1809;1821;3630
SP;3520905;Ipaussu;6359;411;6229;664;12588;1075;6770;6893;13663
SP;3521002;Iperó;8729;4362;8734;6475;17463;10837;13091;15209;28300
SP;3521101;Ipeúna;2541;365;2637;473;5178;838;2906;3110;6016
SP;3521150;Ipiguá;1359;837;1338;929;2697;1766;2196;2267;4463
SP;3521200;Iporanga;1241;887;1160;1011;2401;1898;2128;2171;4299
SP;3521309;Ipuã;6663;275;6899;311;13562;586;6938;7210;14148
SP;3521408;Iracemápolis;9792;191;9824;222;19616;413;9983;10046;20029
SP;3521507;Irapuã;3104;368;3385;418;6489;786;3472;3803;7275
SP;3521606;Irapuru;2832;425;2675;1857;5507;2282;3257;4532;7789
SP;3521705;Itaberá;6151;2691;5988;3028;12139;5719;8842;9016;17858
SP;3521804;Itaí;9476;1771;9376;3385;18852;5156;11247;12761;24008
SP;3521903;Itajobi;6073;1134;6069;1280;12142;2414;7207;7349;14556
SP;3522000;Itaju;1118;423;1243;462;2361;885;1541;1705;3246
SP;3522109;Itanhaém;44500;365;41742;450;86242;815;44865;42192;87057
SP;3522158;Itaóca;880;661;880;807;1760;1468;1541;1687;3228
SP;3522208;Itapecerica da Serra;75723;621;75626;644;151349;1265;76344;76270;152614
SP;3522307;Itapetininga;67131;5079;63919;8248;131050;13327;72210;72167;144377
SP;3522406;Itapeva;37919;6591;36037;7206;73956;13797;44510;43243;87753
SP;3522505;Itapevi;102023;0;98746;0;200769;0;102023;98746;200769
SP;3522604;Itapira;32377;2210;31199;2751;63576;4961;34587;33950;68537
SP;3522653;Itapirapuã Paulista;928;950;964;1038;1892;1988;1878;2002;3880
SP;3522703;Itápolis;18407;1777;17918;1949;36325;3726;20184;19867;40051
SP;3522802;Itaporanga;5639;1630;5394;1886;11033;3516;7269;7280;14549
SP;3522901;Itapuí;5778;245;5852;298;11630;543;6023;6150;12173
SP;3523008;Itapura;1695;405;1787;470;3482;875;2100;2257;4357
SP;3523107;Itaquaquecetuba;163228;0;158542;0;321770;0;163228;158542;321770
SP;3523206;Itararé;22744;1667;21526;1997;44270;3664;24411;23523;47934
SP;3523305;Itariri;4960;2717;4919;2875;9879;5592;7677;7794;15471
SP;3523404;Itatiba;43604;7720;42062;8085;85666;15805;51324;50147;101471
SP;3523503;Itatinga;8092;730;8328;902;16420;1632;8822;9230;18052
SP;3523602;Itirapina;5680;690;8321;833;14001;1523;6370;9154;15524
SP;3523701;Itirapuã;2459;442;2470;543;4929;985;2901;3013;5914
SP;3523800;Itobi;3287;351;3513;395;6800;746;3638;3908;7546
SP;3523909;Itu;73267;4661;71002;5217;144269;9878;77928;76219;154147
SP;3524006;Itupeva;19251;2815;19704;3089;38955;5904;22066;22793;44859
SP;3524105;Ituverava;18746;1075;17684;1190;36430;2265;19821;18874;38695
SP;3524204;Jaborandi;3057;197;3109;229;6166;426;3254;3338;6592
SP;3524303;Jaboticabal;35835;1033;33692;1102;69527;2135;36868;34794;71662
SP;3524402;Jacareí;106808;1314;101489;1603;208297;2917;108122;103092;211214
SP;3524501;Jaci;2425;340;2446;446;4871;786;2765;2892;5657
SP;3524600;Jacupiranga;4778;3653;4591;4186;9369;7839;8431;8777;17208
SP;3524709;Jaguariúna;21708;599;21325;679;43033;1278;22307;22004;44311
SP;3524808;Jales;22711;1315;21528;1458;44239;2773;24026;22986;47012
SP;3524907;Jambeiro;1251;1329;1310;1459;2561;2788;2580;2769;5349
SP;3525003;Jandira;55281;0;53063;0;108344;0;55281;53063;108344
SP;3525102;Jardinópolis;18026;686;18115;834;36141;1520;18712;18949;37661
SP;3525201;Jarinu;9223;2619;9206;2799;18429;5418;11842;12005;23847
SP;3525300;Jaú;64939;1887;62004;2210;126943;4097;66826;64214;131040
SP;3525409;Jeriquara;1279;259;1327;295;2606;554;1538;1622;3160
SP;3525508;Joanópolis;5841;0;5927;0;11768;0;5841;5927;11768
SP;3525607;João Ramalho;1765;287;1778;320;3543;607;2052;2098;4150
SP;3525706;José Bonifácio;14996;1416;14688;1663;29684;3079;16412;16351;32763
SP;3525805;Júlio Mesquita;2145;106;2069;110;4214;216;2251;2179;4430
SP;3525854;Jumirim;821;533;802;642;1623;1175;1354;1444;2798
SP;3525904;Jundiaí;182273;7804;171931;8118;354204;15922;190077;180049;370126
SP;3526001;Junqueirópolis;7850;955;7549;2372;15399;3327;8805;9921;18726
SP;3526100;Juquiá;6233;3273;5906;3834;12139;7107;9506;9740;19246
SP;3526209;Juquitiba;11134;3060;11106;3437;22240;6497;14194;14543;28737
SP;3526308;Lagoinha;1570;792;1568;911;3138;1703;2362;2479;4841
SP;3526407;Laranjal Paulista;11529;1257;11083;1382;22612;2639;12786;12465;25251
SP;3526506;Lavínia;2196;400;2089;4094;4285;4494;2596;6183;8779
SP;3526605;Lavrinhas;3017;253;3032;288;6049;541;3270;3320;6590
SP;3526704;Leme;44834;892;45028;1002;89862;1894;45726;46030;91756
SP;3526803;Lençóis Paulista;30280;650;29771;727;60051;1377;30930;30498;61428
SP;3526902;Limeira;136420;3974;131365;4263;267785;8237;140394;135628;276022
SP;3527009;Lindóia;3386;0;3326;0;6712;0;3386;3326;6712
SP;3527108;Lins;36356;395;34241;440;70597;835;36751;34681;71432
SP;3527207;Lorena;41602;1077;38571;1287;80173;2364;42679;39858;82537
SP;3527256;Lourdes;846;175;898;209;1744;384;1021;1107;2128
SP;3527306;Louveira;17612;712;18083;718;35695;1430;18324;18801;37125
SP;3527405;Lucélia;8742;581;8477;2082;17219;2663;9323;10559;19882
SP;3527504;Lucianópolis;896;235;884;234;1780;469;1131;1118;2249
SP;3527603;Luís Antônio;5276;178;5625;207;10901;385;5454;5832;11286
SP;3527702;Luiziânia;2213;205;2398;214;4611;419;2418;2612;5030
SP;3527801;Lupércio;1990;242;1875;246;3865;488;2232;2121;4353
SP;3527900;Lutécia;1092;268;1066;288;2158;556;1360;1354;2714
SP;3528007;Macatuba;7881;226;7895;257;15776;483;8107;8152;16259
SP;3528106;Macaubal;3376;407;3397;483;6773;890;3783;3880;7663
SP;3528205;Macedônia;1410;417;1367;470;2777;887;1827;1837;3664
SP;3528304;Magda;1297;252;1358;293;2655;545;1549;1651;3200
SP;3528403;Mairinque;17607;4078;17083;4455;34690;8533;21685;21538;43223
SP;3528502;Mairiporã;35283;4698;35467;5508;70750;10206;39981;40975;80956
SP;3528601;Manduri;3914;559;3864;655;7778;1214;4473;4519;8992
SP;3528700;Marabá Paulista;1063;701;1079;1969;2142;2670;1764;3048;4812
SP;3528809;Maracaí;6075;594;6010;653;12085;1247;6669;6663;13332
SP;3528858;Marapoama;1077;207;1122;227;2199;434;1284;1349;2633
SP;3528908;Mariápolis;1527;368;1610;411;3137;779;1895;2021;3916
SP;3529005;Marília;107339;4680;99682;5044;207021;9724;112019;104726;216745
SP;3529104;Marinópolis;845;205;826;237;1671;442;1050;1063;2113
SP;3529203;Martinópolis;10439;1179;9902;2699;20341;3878;11618;12601;24219
SP;3529302;Matão;38084;669;37293;740;75377;1409;38753;38033;76786
SP;3529401;Mauá;212971;0;204093;0;417064;0;212971;204093;417064
SP;3529500;Mendonça;1870;413;1923;434;3793;847;2283;2357;4640
SP;3529609;Meridiano;1398;565;1276;616;2674;1181;1963;1892;3855
SP;3529658;Mesópolis;724;205;744;213;1468;418;929;957;1886
SP;3529708;Miguelópolis;9700;547;9565;639;19265;1186;10247;10204;20451
SP;3529807;Mineiros do Tietê;5791;255;5709;283;11500;538;6046;5992;12038
SP;3529906;Miracatu;5477;4703;5109;5303;10586;10006;10180;10412;20592
SP;3530003;Mira Estrela;958;461;923;478;1881;939;1419;1401;2820
SP;3530102;Mirandópolis;10988;1440;13467;1588;24455;3028;12428;15055;27483
SP;3530201;Mirante do Paranapanema;5134;3262;4911;3752;10045;7014;8396;8663;17059
SP;3530300;Mirassol;26782;608;25651;751;52433;1359;27390;26402;53792
SP;3530409;Mirassolândia;1730;372;1762;431;3492;803;2102;2193;4295
SP;3530508;Mococa;30841;2390;30308;2751;61149;5141;33231;33059;66290
SP;3530607;Moji das Cruzes;184120;14802;173193;15664;357313;30466;198922;188857;387779
SP;3530706;Mogi Guaçu;65888;3263;64407;3687;130295;6950;69151;68094;137245
SP;3530805;Moji-Mirim;41385;2523;39560;3037;80945;5560;43908;42597;86505
SP;3530904;Mombuca;1321;282;1364;299;2685;581;1603;1663;3266
SP;3531001;Monções;890;141;946;155;1836;296;1031;1101;2132
SP;3531100;Mongaguá;23094;101;22997;101;46091;202;23195;23098;46293
SP;3531209;Monte Alegre do Sul;2079;1492;2012;1569;4091;3061;3571;3581;7152
SP;3531308;Monte Alto;22636;1028;21907;1071;44543;2099;23664;22978;46642
SP;3531407;Monte Aprazível;10023;909;9780;1034;19803;1943;10932;10814;21746
SP;3531506;Monte Azul Paulista;8864;576;8849;642;17713;1218;9440;9491;18931
SP;3531605;Monte Castelo;1649;403;1562;449;3211;852;2052;2011;4063
SP;3531704;Monteiro Lobato;873;1097;905;1245;1778;2342;1970;2150;4120
SP;3531803;Monte Mor;23038;1439;22940;1532;45978;2971;24477;24472;48949
SP;3531902;Morro Agudo;13667;570;14240;639;27907;1209;14237;14879;29116
SP;3532009;Morungaba;5064;810;4987;908;10051;1718;5874;5895;11769
SP;3532058;Motuca;1567;561;1541;621;3108;1182;2128;2162;4290
SP;3532108;Murutinga do Sul;1342;747;1231;866;2573;1613;2089;2097;4186
SP;3532157;Nantes;1220;130;1211;146;2431;276;1350;1357;2707
SP;3532207;Narandiba;1562;556;1543;627;3105;1183;2118;2170;4288
SP;3532306;Natividade da Serra;1405;1787;1383;2103;2788;3890;3192;3486;6678
SP;3532405;Nazaré Paulista;6795;1165;7116;1338;13911;2503;7960;8454;16414
SP;3532504;Neves Paulista;4008;401;3908;455;7916;856;4409;4363;8772
SP;3532603;Nhandeara;4491;953;4197;1084;8688;2037;5444;5281;10725
SP;3532702;Nipoã;1795;217;2002;260;3797;477;2012;2262;4274
SP;3532801;Nova Aliança;2478;491;2403;519;4881;1010;2969;2922;5891
SP;3532827;Nova Campina;2853;1317;2909;1436;5762;2753;4170;4345;8515
SP;3532843;Nova Canaã Paulista;446;592;434;642;880;1234;1038;1076;2114
SP;3532868;Nova Castilho;391;178;355;201;746;379;569;556;1125
SP;3532900;Nova Europa;4335;316;4290;359;8625;675;4651;4649;9300
SP;3533007;Nova Granada;8852;669;8923;736;17775;1405;9521;9659;19180
SP;3533106;Nova Guataporanga;936;139;954;148;1890;287;1075;1102;2177
SP;3533205;Nova Independência;1222;321;1224;301;2446;622;1543;1525;3068
SP;3533254;Novais;1926;187;2255;224;4181;411;2113;2479;4592
SP;3533304;Nova Luzitânia;1456;165;1631;189;3087;354;1621;1820;3441
SP;3533403;Nova Odessa;25506;391;24901;444;50407;835;25897;25345;51242
SP;3533502;Novo Horizonte;17145;1177;16903;1368;34048;2545;18322;18271;36593
SP;3533601;Nuporanga;3120;287;3065;345;6185;632;3407;3410;6817
SP;3533700;Ocauçu;1639;387;1685;452;3324;839;2026;2137;4163
SP;3533809;Óleo;909;420;854;490;1763;910;1329;1344;2673
SP;3533908;Olímpia;24000;1339;23244;1441;47244;2780;25339;24685;50024
SP;3534005;Onda Verde;1494;397;1549;444;3043;841;1891;1993;3884
SP;3534104;Oriente;2926;186;2769;216;5695;402;3112;2985;6097
SP;3534203;Orindiúva;2565;211;2658;241;5223;452;2776;2899;5675
SP;3534302;Orlândia;19789;497;18967;528;38756;1025;20286;19495;39781
SP;3534401;Osasco;346304;0;320436;0;666740;0;346304;320436;666740
SP;3534500;Oscar Bressane;1110;210;989;228;2099;438;1320;1217;2537
SP;3534609;Osvaldo Cruz;14448;915;13334;2220;27782;3135;15363;15554;30917
SP;3534708;Ourinhos;51788;1266;48586;1395;100374;2661;53054;49981;103035
SP;3534757;Ouroeste;3814;401;3732;458;7546;859;4215;4190;8405
SP;3534807;Ouro Verde;3641;293;3535;331;7176;624;3934;3866;7800
SP;3534906;Pacaembu;4926;556;4819;2925;9745;3481;5482;7744;13226
SP;3535002;Palestina;4557;899;4631;964;9188;1863;5456;5595;11051
SP;3535101;Palmares Paulista;4919;154;5700;161;10619;315;5073;5861;10934
SP;3535200;Palmeira d'Oeste;3692;1087;3576;1229;7268;2316;4779;4805;9584
SP;3535309;Palmital;9994;839;9433;920;19427;1759;10833;10353;21186
SP;3535408;Panorama;7078;193;7087;225;14165;418;7271;7312;14583
SP;3535507;Paraguaçu Paulista;19725;1294;18589;2670;38314;3964;21019;21259;42278
SP;3535606;Paraibuna;2725;5826;2517;6320;5242;12146;8551;8837;17388
SP;3535705;Paraíso;2548;338;2640;372;5188;710;2886;3012;5898
SP;3535804;Paranapanema;7165;1581;7312;1750;14477;3331;8746;9062;17808
SP;3535903;Paranapuã;1662;203;1732;218;3394;421;1865;1950;3815
SP;3536000;Parapuã;4420;889;4476;1059;8896;1948;5309;5535;10844
SP;3536109;Pardinho;2171;567;2218;626;4389;1193;2738;2844;5582
SP;3536208;Pariquera-Açu;6560;2748;6101;3037;12661;5785;9308;9138;18446
SP;3536257;Parisi;809;179;834;210;1643;389;988;1044;2032
SP;3536307;Patrocínio Paulista;5261;1143;5238;1358;10499;2501;6404;6596;13000
SP;3536406;Paulicéia;2556;493;2714;576;5270;1069;3049;3290;6339
SP;3536505;Paulínia;41442;36;40628;40;82070;76;41478;40668;82146
SP;3536570;Paulistânia;583;277;629;290;1212;567;860;919;1779
SP;3536604;Paulo de Faria;3933;357;3817;482;7750;839;4290;4299;8589
SP;3536703;Pederneiras;19285;1351;19307;1554;38592;2905;20636;20861;41497
SP;3536802;Pedra Bela;705;2045;735;2295;1440;4340;2750;3030;5780
SP;3536901;Pedranópolis;798;446;793;521;1591;967;1244;1314;2558
SP;3537008;Pedregulho;5756;1959;5827;2158;11583;4117;7715;7985;15700
SP;3537107;Pedreira;20801;152;20408;197;41209;349;20953;20605;41558
SP;3537156;Pedrinhas Paulista;1261;216;1219;244;2480;460;1477;1463;2940
SP;3537206;Pedro de Toledo;3589;1459;3444;1712;7033;3171;5048;5156;10204
SP;3537305;Penápolis;28732;1210;27150;1418;55882;2628;29942;28568;58510
SP;3537404;Pereira Barreto;11873;819;11362;908;23235;1727;12692;12270;24962
SP;3537503;Pereiras;2506;1162;2472;1314;4978;2476;3668;3786;7454
SP;3537602;Peruíbe;30336;297;28769;371;59105;668;30633;29140;59773
SP;3537701;Piacatu;2344;281;2319;343;4663;624;2625;2662;5287
SP;3537800;Piedade;12137;13428;11623;14955;23760;28383;25565;26578;52143
SP;3537909;Pilar do Sul;10285;2706;10463;2952;20748;5658;12991;13415;26406
SP;3538006;Pindamonhangaba;72203;2504;69505;2783;141708;5287;74707;72288;146995
SP;3538105;Pindorama;6953;394;7282;410;14235;804;7347;7692;15039
SP;3538204;Pinhalzinho;3307;3205;3148;3445;6455;6650;6512;6593;13105
SP;3538303;Piquerobi;1380;404;1289;464;2669;868;1784;1753;3537
SP;3538501;Piquete;6868;422;6344;473;13212;895;7290;6817;14107
SP;3538600;Piracaia;12602;0;12514;0;25116;0;12602;12514;25116
SP;3538709;Piracicaba;182553;3673;174190;4155;356743;7828;186226;178345;364571
SP;3538808;Piraju;13285;1364;12319;1507;25604;2871;14649;13826;28475
SP;3538907;Pirajuí;9436;698;9065;3505;18501;4203;10134;12570;22704
SP;3539004;Pirangi;4729;501;4799;594;9528;1095;5230;5393;10623
SP;3539103;Pirapora do Bom Jesus;7915;0;7818;0;15733;0;7915;7818;15733
SP;3539202;Pirapozinho;12058;554;11404;678;23462;1232;12612;12082;24694
SP;3539301;Pirassununga;33023;2761;31193;3104;64216;5865;35784;34297;70081
SP;3539400;Piratininga;5301;785;5051;935;10352;1720;6086;5986;12072
SP;3539509;Pitangueiras;16651;647;17297;712;33948;1359;17298;18009;35307
SP;3539608;Planalto;1839;311;1927;386;3766;697;2150;2313;4463
SP;3539707;Platina;1215;317;1298;362;2513;679;1532;1660;3192
SP;3539806;Poá;53895;826;50443;849;104338;1675;54721;51292;106013
SP;3539905;Poloni;2447;277;2355;316;4802;593;2724;2671;5395
SP;3540002;Pompéia;9508;663;9066;727;18574;1390;10171;9793;19964
SP;3540101;Pongaí;1430;258;1495;298;2925;556;1688;1793;3481
SP;3540200;Pontal;18708;361;20784;391;39492;752;19069;21175;40244
SP;3540259;Pontalinda;1596;318;1785;375;3381;693;1914;2160;4074
SP;3540309;Pontes Gestal;1061;201;1062;194;2123;395;1262;1256;2518
SP;3540408;Populina;1706;378;1706;433;3412;811;2084;2139;4223
SP;3540507;Porangaba;2030;2020;1990;2286;4020;4306;4050;4276;8326
SP;3540606;Porto Feliz;20817;3541;20279;4256;41096;7797;24358;24535;48893
SP;3540705;Porto Ferreira;25460;438;25018;484;50478;922;25898;25502;51400
SP;3540754;Potim;7334;1089;7375;3599;14709;4688;8423;10974;19397
SP;3540804;Potirendaba;6861;736;7023;829;13884;1565;7597;7852;15449
SP;3540853;Pracinha;703;75;666;1414;1369;1489;778;2080;2858
SP;3540903;Pradópolis;7903;592;8197;685;16100;1277;8495;8882;17377
SP;3541000;Praia Grande;136125;0;125926;0;262051;0;136125;125926;262051
SP;3541059;Pratânia;1692;528;1793;586;3485;1114;2220;2379;4599
SP;3541109;Presidente Alves;1743;342;1688;350;3431;692;2085;2038;4123
SP;3541208;Presidente Bernardes;5464;1423;5036;1647;10500;3070;6887;6683;13570
SP;3541307;Presidente Epitácio;19821;1280;18724;1493;38545;2773;21101;20217;41318
SP;3541406;Presidente Prudente;106273;1443;97102;2792;203375;4235;107716;99894;207610
SP;3541505;Presidente Venceslau;18285;714;17987;924;36272;1638;18999;18911;37910
SP;3541604;Promissão;15256;2662;14814;2942;30070;5604;17918;17756;35674
SP;3541653;Quadra;415;1114;413;1294;828;2408;1529;1707;3236
SP;3541703;Quatá;6059;347;5952;441;12011;788;6406;6393;12799
SP;3541802;Queiroz;1194;190;1191;233;2385;423;1384;1424;2808
SP;3541901;Queluz;4570;982;4705;1052;9275;2034;5552;5757;11309
SP;3542008;Quintana;2795;240;2699;270;5494;510;3035;2969;6004
SP;3542107;Rafard;3843;512;3748;509;7591;1021;4355;4257;8612
SP;3542206;Rancharia;13240;1411;12588;1565;25828;2976;14651;14153;28804
SP;3542305;Redenção da Serra;1106;750;1107;910;2213;1660;1856;2017;3873
SP;3542404;Regente Feijó;8622;684;8427;761;17049;1445;9306;9188;18494
SP;3542503;Reginópolis;2190;452;2172;2509;4362;2961;2642;4681;7323
SP;3542602;Registro;24745;2860;23424;3232;48169;6092;27605;26656;54261
SP;3542701;Restinga;2632;659;2547;749;5179;1408;3291;3296;6587
SP;3542800;Ribeira;611;1004;625;1118;1236;2122;1615;1743;3358
SP;3542909;Ribeirão Bonito;5611;420;5609;495;11220;915;6031;6104;12135
SP;3543006;Ribeirão Branco;4630;4243;4663;4733;9293;8976;8873;9396;18269
SP;3543105;Ribeirão Corrente;1669;386;1728;490;3397;876;2055;2218;4273
SP;3543204;Ribeirão do Sul;1670;545;1625;606;3295;1151;2215;2231;4446
SP;3543238;Ribeirão dos Índios;940;158;910;179;1850;337;1098;1089;2187
SP;3543253;Ribeirão Grande;1185;2442;1159;2636;2344;5078;3627;3795;7422
SP;3543303;Ribeirão Pires;57750;0;55318;0;113068;0;57750;55318;113068
SP;3543402;Ribeirão Preto;313694;817;289272;899;602966;1716;314511;290171;604682
SP;3543501;Riversul;2311;805;2181;866;4492;1671;3116;3047;6163
SP;3543600;Rifaina;1503;209;1505;219;3008;428;1712;1724;3436
SP;3543709;Rincão;4241;929;4219;1025;8460;1954;5170;5244;10414
SP;3543808;Rinópolis;4298;586;4338;713;8636;1299;4884;5051;9935
SP;3543907;Rio Claro;93496;2070;88224;2463;181720;4533;95566;90687;186253
SP;3544004;Rio das Pedras;14139;448;14423;491;28562;939;14587;14914;29501
SP;3544103;Rio Grande da Serra;22170;0;21804;0;43974;0;22170;21804;43974
SP;3544202;Riolândia;4106;447;4260;1762;8366;2209;4553;6022;10575
SP;3544251;Rosana;8081;1830;7777;2003;15858;3833;9911;9780;19691
SP;3544301;Roseira;4543;214;4573;269;9116;483;4757;4842;9599
SP;3544400;Rubiácea;794;543;769;623;1563;1166;1337;1392;2729
SP;3544509;Rubinéia;1200;247;1155;260;2355;507;1447;1415;2862
SP;3544608;Sabino;2296;298;2279;344;4575;642;2594;2623;5217
SP;3544707;Sagres;916;288;903;288;1819;576;1204;1191;2395
SP;3544806;Sales;2402;260;2505;284;4907;544;2662;2789;5451
SP;3544905;Sales Oliveira;4861;466;4708;533;9569;999;5327;5241;10568
SP;3545001;Salesópolis;5067;2662;4887;3019;9954;5681;7729;7906;15635
SP;3545100;Salmourão;2107;234;2214;263;4321;497;2341;2477;4818
SP;3545159;Saltinho;2986;554;2905;614;5891;1168;3540;3519;7059
SP;3545209;Salto;53002;382;51772;360;104774;742;53384;52132;105516
SP;3545308;Salto de Pirapora;15894;4289;15569;4380;31463;8669;20183;19949;40132
SP;3545407;Salto Grande;4028;406;3905;448;7933;854;4434;4353;8787
SP;3545506;Sandovalina;1287;527;1294;591;2581;1118;1814;1885;3699
SP;3545605;Santa Adélia;6825;344;6735;429;13560;773;7169;7164;14333
SP;3545704;Santa Albertina;2442;376;2449;456;4891;832;2818;2905;5723
SP;3545803;Santa Bárbara d'Oeste;90108;679;88488;734;178596;1413;90787;89222;180009
SP;3546009;Santa Branca;6144;744;5996;879;12140;1623;6888;6875;13763
SP;3546108;Santa Clara d'Oeste;766;245;805;268;1571;513;1011;1073;2084
SP;3546207;Santa Cruz da Conceição;1391;631;1317;663;2708;1294;2022;1980;4002
SP;3546256;Santa Cruz da Esperança;682;305;641;325;1323;630;987;966;1953
SP;3546306;Santa Cruz das Palmeiras;14265;445;14735;487;29000;932;14710;15222;29932
SP;3546405;Santa Cruz do Rio Pardo;20584;1825;19570;1942;40154;3767;22409;21512;43921
SP;3546504;Santa Ernestina;2533;183;2612;240;5145;423;2716;2852;5568
SP;3546603;Santa Fé do Sul;14602;553;13486;598;28088;1151;15155;14084;29239
SP;3546702;Santa Gertrudes;10575;105;10829;125;21404;230;10680;10954;21634
SP;3546801;Santa Isabel;20067;5138;19524;5724;39591;10862;25205;25248;50453
SP;3546900;Santa Lúcia;3881;237;3873;257;7754;494;4118;4130;8248
SP;3547007;Santa Maria da Serra;2375;292;2397;349;4772;641;2667;2746;5413
SP;3547106;Santa Mercedes;1229;179;1229;194;2458;373;1408;1423;2831
SP;3547205;Santana da Ponte Pensa;556;244;541;300;1097;544;800;841;1641
SP;3547304;Santana de Parnaíba;55142;0;53671;0;108813;0;55142;53671;108813
SP;3547403;Santa Rita d'Oeste;913;366;860;404;1773;770;1279;1264;2543
SP;3547502;Santa Rita do Passa Quatro;12323;1342;11378;1435;23701;2777;13665;12813;26478
SP;3547601;Santa Rosa de Viterbo;11561;520;11186;595;22747;1115;12081;11781;23862
SP;3547650;Santa Salete;411;293;408;335;819;628;704;743;1447
SP;3547700;Santo Anastácio;9848;645;9232;750;19080;1395;10493;9982;20475
SP;3547809;Santo André;351949;0;324458;0;676407;0;351949;324458;676407
SP;3547908;Santo Antônio da Alegria;2311;733;2358;902;4669;1635;3044;3260;6304
SP;3548005;Santo Antônio de Posse;9405;833;9429;983;18834;1816;10238;10412;20650
SP;3548054;Santo Antônio do Aracanguá;2961;786;3010;869;5971;1655;3747;3879;7626
SP;3548104;Santo Antônio do Jardim;1792;1106;1740;1305;3532;2411;2898;3045;5943
SP;3548203;Santo Antônio do Pinhal;1927;1290;1928;1341;3855;2631;3217;3269;6486
SP;3548302;Santo Expedito;1244;156;1234;169;2478;325;1400;1403;2803
SP;3548401;Santópolis do Aguapeí;2041;69;2092;75;4133;144;2110;2167;4277
SP;3548500;Santos;227332;156;191754;158;419086;314;227488;191912;419400
SP;3548609;São Bento do Sapucaí;2580;2617;2460;2811;5040;5428;5197;5271;10468
SP;3548708;São Bernardo do Campo;389510;6327;363148;6478;752658;12805;395837;369626;765463
SP;3548807;São Caetano do Sul;80410;0;68853;0;149263;0;80410;68853;149263
SP;3548906;São Carlos;108820;4216;104241;4673;213061;8889;113036;108914;221950
SP;3549003;São Francisco;1081;312;1086;314;2167;626;1393;1400;2793
SP;3549102;São João da Boa Vista;41532;1561;38770;1776;80302;3337;43093;40546;83639
SP;3549201;São João das Duas Pontes;994;282;967;323;1961;605;1276;1290;2566
SP;3549250;São João de Iracema;725;157;727;171;1452;328;882;898;1780
SP;3549300;São João do Pau d'Alho;865;181;840;217;1705;398;1046;1057;2103
SP;3549409;São Joaquim da Barra;23326;394;22352;440;45678;834;23720;22792;46512
SP;3549508;São José da Bela Vista;3671;423;3814;498;7485;921;4094;4312;8406
SP;3549607;São José do Barreiro;1479;551;1390;657;2869;1208;2030;2047;4077
SP;3549706;São José do Rio Pardo;23500;2853;22459;3088;45959;5941;26353;25547;51900
SP;3549805;São José do Rio Preto;200543;11699;182947;13069;383490;24768;212242;196016;408258
SP;3549904;São José dos Campos;315220;6077;301886;6738;617106;12815;321297;308624;629921
SP;3549953;São Lourenço da Serra;6317;569;6402;685;12719;1254;6886;7087;13973
SP;3550001;São Luís do Paraitinga;3136;1943;3044;2274;6180;4217;5079;5318;10397
SP;3550100;São Manuel;19136;440;18277;489;37413;929;19576;18766;38342
SP;3550209;São Miguel Arcanjo;10795;4660;10707;5288;21502;9948;15455;15995;31450
SP;3550308;São Paulo;5874176;50695;5278168;50464;11152344;101159;5924871;5328632;11253503
SP;3550407;São Pedro;13798;2441;12809;2614;26607;5055;16239;15423;31662
SP;3550506;São Pedro do Turvo;2571;957;2579;1091;5150;2048;3528;3670;7198
SP;3550605;São Roque;36481;3578;35007;3755;71488;7333;40059;38762;78821
SP;3550704;São Sebastião;36679;377;36430;456;73109;833;37056;36886;73942
SP;3550803;São Sebastião da Grama;4035;1898;3936;2230;7971;4128;5933;6166;12099
SP;3550902;São Simão;6632;653;6296;765;12928;1418;7285;7061;14346
SP;3551009;São Vicente;172514;267;159303;361;331817;628;172781;159664;332445
SP;3551108;Sarapuí;3309;1124;3337;1257;6646;2381;4433;4594;9027
SP;3551207;Sarutaiá;1493;310;1464;355;2957;665;1803;1819;3622
SP;3551306;Sebastianópolis do Sul;1178;328;1169;356;2347;684;1506;1525;3031
SP;3551405;Serra Azul;4009;374;4008;2865;8017;3239;4383;6873;11256
SP;3551504;Serrana;19190;202;19276;210;38466;412;19392;19486;38878
SP;3551603;Serra Negra;11866;1655;11027;1839;22893;3494;13521;12866;26387
SP;3551702;Sertãozinho;54759;614;54013;688;108772;1302;55373;54701;110074
SP;3551801;Sete Barras;3668;2656;3523;3158;7191;5814;6324;6681;13005
SP;3551900;Severínia;7118;338;7656;389;14774;727;7456;8045;15501
SP;3552007;Silveiras;1468;1388;1411;1525;2879;2913;2856;2936;5792
SP;3552106;Socorro;12890;5591;12054;6151;24944;11742;18481;18205;36686
SP;3552205;Sorocaba;296736;2875;283919;3095;580655;5970;299611;287014;586625
SP;3552304;Sud Mennucci;3195;498;3194;548;6389;1046;3693;3742;7435
SP;3552403;Sumaré;120089;1359;118381;1482;238470;2841;121448;119863;241311
SP;3552502;Suzano;129357;4429;123883;4811;253240;9240;133786;128694;262480
SP;3552551;Suzanápolis;1121;514;1137;611;2258;1125;1635;1748;3383
SP;3552601;Tabapuã;5217;401;5302;443;10519;844;5618;5745;11363
SP;3552700;Tabatinga;6120;1001;6458;1107;12578;2108;7121;7565;14686
SP;3552809;Taboão da Serra;127633;0;116895;0;244528;0;127633;116895;244528
SP;3552908;Taciba;2449;404;2403;458;4852;862;2853;2861;5714
SP;3553005;Taguaí;3932;1511;3825;1560;7757;3071;5443;5385;10828
SP;3553104;Taiaçu;2663;259;2676;296;5339;555;2922;2972;5894
SP;3553203;Taiúva;2526;225;2441;255;4967;480;2751;2696;5447
SP;3553302;Tambaú;10045;1188;9864;1309;19909;2497;11233;11173;22406
SP;3553401;Tanabi;10935;1078;10800;1242;21735;2320;12013;12042;24055
SP;3553500;Tapiraí;2899;1070;2829;1214;5728;2284;3969;4043;8012
SP;3553609;Tapiratiba;5342;1064;5162;1169;10504;2233;6406;6331;12737
SP;3553658;Taquaral;1299;54;1314;59;2613;113;1353;1373;2726
SP;3553708;Taquaritinga;26037;1289;25131;1531;51168;2820;27326;26662;53988
SP;3553807;Taquarituba;9922;1277;9657;1435;19579;2712;11199;11092;22291
SP;3553856;Taquarivaí;1438;1135;1373;1205;2811;2340;2573;2578;5151
SP;3553906;Tarabai;3076;238;3033;260;6109;498;3314;3293;6607
SP;3553955;Tarumã;5953;349;6173;410;12126;759;6302;6583;12885
SP;3554003;Tatuí;51933;2359;50323;2711;102256;5070;54292;53034;107326
SP;3554102;Taubaté;139143;2791;133530;3222;272673;6013;141934;136752;278686
SP;3554201;Tejupá;1536;806;1584;883;3120;1689;2342;2467;4809
SP;3554300;Teodoro Sampaio;8873;1848;8492;2173;17365;4021;10721;10665;21386
SP;3554409;Terra Roxa;4015;184;4092;214;8107;398;4199;4306;8505
SP;3554508;Tietê;17011;1575;16478;1771;33489;3346;18586;18249;36835
SP;3554607;Timburi;965;317;959;405;1924;722;1282;1364;2646
SP;3554656;Torre de Pedra;722;344;747;441;1469;785;1066;1188;2254
SP;3554706;Torrinha;3968;655;3971;736;7939;1391;4623;4707;9330
SP;3554755;Trabiju;707;67;711;59;1418;126;774;770;1544
SP;3554805;Tremembé;18049;1272;18887;2776;36936;4048;19321;21663;40984
SP;3554904;Três Fronteiras;2313;396;2285;433;4598;829;2709;2718;5427
SP;3554953;Tuiuti;1482;1426;1487;1535;2969;2961;2908;3022;5930
SP;3555000;Tupã;31583;1159;29347;1387;60930;2546;32742;30734;63476
SP;3555109;Tupi Paulista;5817;872;5389;2191;11206;3063;6689;7580;14269
SP;3555208;Turiúba;775;158;805;192;1580;350;933;997;1930
SP;3555307;Turmalina;720;276;687;295;1407;571;996;982;1978
SP;3555356;Ubarana;2367;207;2478;237;4845;444;2574;2715;5289
SP;3555406;Ubatuba;38745;880;38162;1014;76907;1894;39625;39176;78801
SP;3555505;Ubirajara;1585;558;1644;640;3229;1198;2143;2284;4427
SP;3555604;Uchoa;4423;341;4378;329;8801;670;4764;4707;9471
SP;3555703;União Paulista;602;168;622;207;1224;375;770;829;1599
SP;3555802;Urânia;3769;672;3667;728;7436;1400;4441;4395;8836
SP;3555901;Uru;539;71;542;99;1081;170;610;641;1251
SP;3556008;Urupês;5750;643;5564;757;11314;1400;6393;6321;12714
SP;3556107;Valentim Gentil;5031;457;5042;506;10073;963;5488;5548;11036
SP;3556206;Valinhos;51652;2465;49974;2702;101626;5167;54117;52676;106793
SP;3556305;Valparaíso;9636;527;11833;580;21469;1107;10163;12413;22576
SP;3556354;Vargem;2189;2093;2232;2287;4421;4380;4282;4519;8801
SP;3556404;Vargem Grande do Sul;18828;950;18446;1042;37274;1992;19778;19488;39266
SP;3556453;Vargem Grande Paulista;21655;0;21342;0;42997;0;21655;21342;42997
SP;3556503;Várzea Paulista;53674;0;53415;0;107089;0;53674;53415;107089
SP;3556602;Vera Cruz;4817;654;4546;752;9363;1406;5471;5298;10769
SP;3556701;Vinhedo;31146;982;30466;1017;61612;1999;32128;31483;63611
SP;3556800;Viradouro;8345;238;8446;268;16791;506;8583;8714;17297
SP;3556909;Vista Alegre do Alto;3084;258;3268;276;6352;534;3342;3544;6886
SP;3556958;Vitória Brasil;707;139;728;163;1435;302;846;891;1737
SP;3557006;Votorantim;52801;1995;51858;2155;104659;4150;54796;54013;108809
SP;3557105;Votuporanga;42265;1112;40054;1261;82319;2373;43377;41315;84692
SP;3557154;Zacarias;924;238;912;261;1836;499;1162;1173;2335
SP;3557204;Chavantes;5650;436;5489;539;11139;975;6086;6028;12114
SP;3557303;Estiva Gerbi;4008;962;4003;1071;8011;2033;4970;5074;10044
SP;3599919;Santo Amaro;;;;;;;;;
TO;1700251;Abreulândia;728;402;748;513;1476;915;1130;1261;2391
TO;1700301;Aguiarnópolis;2086;458;2056;562;4142;1020;2544;2618;5162
TO;1700350;Aliança do Tocantins;2379;385;2377;530;4756;915;2764;2907;5671
TO;1700400;Almas;2944;677;3065;900;6009;1577;3621;3965;7586
TO;1700707;Alvorada;3865;257;3900;352;7765;609;4122;4252;8374
TO;1701002;Ananás;4057;827;4087;894;8144;1721;4884;4981;9865
TO;1701051;Angico;947;555;991;682;1938;1237;1502;1673;3175
TO;1701101;Aparecida do Rio Negro;1650;393;1663;507;3313;900;2043;2170;4213
TO;1701309;Aragominas;1126;1618;1104;2034;2230;3652;2744;3138;5882
TO;1701903;Araguacema;1460;1526;1465;1866;2925;3392;2986;3331;6317
TO;1702000;Araguaçu;2989;1286;2893;1618;5882;2904;4275;4511;8786
TO;1702109;Araguaína;73457;3440;69468;4119;142925;7559;76897;73587;150484
TO;1702158;Araguanã;1668;778;1718;866;3386;1644;2446;2584;5030
TO;1702208;Araguatins;10201;5160;9934;6034;20135;11194;15361;15968;31329
TO;1702307;Arapoema;2720;575;2735;712;5455;1287;3295;3447;6742
TO;1702406;Arraias;3817;1435;3554;1839;7371;3274;5252;5393;10645
TO;1702554;Augustinópolis;6654;1291;6522;1483;13176;2774;7945;8005;15950
TO;1702703;Aurora do Tocantins;1255;417;1227;547;2482;964;1672;1774;3446
TO;1702901;Axixá do Tocantins;3864;811;3757;843;7621;1654;4675;4600;9275
TO;1703008;Babaçulândia;2463;2421;2466;3074;4929;5495;4884;5540;10424
TO;1703057;Bandeirantes do Tocantins;786;644;899;793;1685;1437;1430;1692;3122
TO;1703073;Barra do Ouro;1054;874;1132;1063;2186;1937;1928;2195;4123
TO;1703107;Barrolândia;2195;396;2284;474;4479;870;2591;2758;5349
TO;1703206;Bernardo Sayão;1090;1041;1097;1228;2187;2269;2131;2325;4456
TO;1703305;Bom Jesus do Tocantins;1382;397;1444;545;2826;942;1779;1989;3768
TO;1703602;Brasilândia do Tocantins;725;282;711;346;1436;628;1007;1057;2064
TO;1703701;Brejinho de Nazaré;2154;432;2041;558;4195;990;2586;2599;5185
TO;1703800;Buriti do Tocantins;3729;1100;3725;1214;7454;2314;4829;4939;9768
TO;1703826;Cachoeirinha;829;182;902;235;1731;417;1011;1137;2148
TO;1703842;Campos Lindos;2400;1475;2419;1845;4819;3320;3875;4264;8139
TO;1703867;Cariri do Tocantins;1053;597;1040;1066;2093;1663;1650;2106;3756
TO;1703883;Carmolândia;887;223;937;269;1824;492;1110;1206;2316
TO;1703891;Carrasco Bonito;944;825;1023;896;1967;1721;1769;1919;3688
TO;1703909;Caseara;1409;808;1328;1056;2737;1864;2217;2384;4601
TO;1704105;Centenário;735;456;769;606;1504;1062;1191;1375;2566
TO;1704600;Chapada de Areia;363;256;386;330;749;586;619;716;1335
TO;1705102;Chapada da Natividade;817;668;839;953;1656;1621;1485;1792;3277
TO;1705508;Colinas do Tocantins;15010;540;14597;691;29607;1231;15550;15288;30838
TO;1705557;Combinado;1994;301;2006;368;4000;669;2295;2374;4669
TO;1705607;Conceição do Tocantins;1497;553;1414;718;2911;1271;2050;2132;4182
TO;1706001;Couto de Magalhães;943;1428;941;1697;1884;3125;2371;2638;5009
TO;1706100;Cristalândia;2958;577;2966;733;5924;1310;3535;3699;7234
TO;1706258;Crixás do Tocantins;448;295;424;397;872;692;743;821;1564
TO;1706506;Darcinópolis;1730;768;1759;1016;3489;1784;2498;2775;5273
TO;1707009;Dianópolis;8263;1170;8181;1498;16444;2668;9433;9679;19112
TO;1707108;Divinópolis do Tocantins;2259;824;2207;1073;4466;1897;3083;3280;6363
TO;1707207;Dois Irmãos do Tocantins;1346;1857;1431;2527;2777;4384;3203;3958;7161
TO;1707306;Dueré;1505;647;1550;890;3055;1537;2152;2440;4592
TO;1707405;Esperantina;2261;2305;2353;2557;4614;4862;4566;4910;9476
TO;1707553;Fátima;1607;289;1528;381;3135;670;1896;1909;3805
TO;1707652;Figueirópolis;2072;563;1982;723;4054;1286;2635;2705;5340
TO;1707702;Filadélfia;2737;1298;2801;1669;5538;2967;4035;4470;8505
TO;1708205;Formoso do Araguaia;6525;2295;6808;2799;13333;5094;8820;9607;18427
TO;1708254;Fortaleza do Tabocão;973;212;995;239;1968;451;1185;1234;2419
TO;1708304;Goianorte;1368;939;1392;1257;2760;2196;2307;2649;4956
TO;1709005;Goiatins;2436;3341;2513;3774;4949;7115;5777;6287;12064
TO;1709302;Guaraí;10590;923;10538;1149;21128;2072;11513;11687;23200
TO;1709500;Gurupi;37903;745;37097;1010;75000;1755;38648;38107;76755
TO;1709807;Ipueiras;482;293;476;388;958;681;775;864;1639
TO;1710508;Itacajá;2089;1284;2184;1547;4273;2831;3373;3731;7104
TO;1710706;Itaguatins;1716;1209;1680;1424;3396;2633;2925;3104;6029
TO;1710904;Itapiratins;931;688;983;930;1914;1618;1619;1913;3532
TO;1711100;Itaporã do Tocantins;770;390;793;492;1563;882;1160;1285;2445
TO;1711506;Jaú do Tocantins;681;1011;629;1186;1310;2197;1692;1815;3507
TO;1711803;Juarina;538;517;495;681;1033;1198;1055;1176;2231
TO;1711902;Lagoa da Confusão;2989;1696;3343;2182;6332;3878;4685;5525;10210
TO;1711951;Lagoa do Tocantins;1266;429;1272;558;2538;987;1695;1830;3525
TO;1712009;Lajeado;1043;266;1123;341;2166;607;1309;1464;2773
TO;1712157;Lavandeira;516;251;507;331;1023;582;767;838;1605
TO;1712405;Lizarda;1244;474;1339;668;2583;1142;1718;2007;3725
TO;1712454;Luzinópolis;824;448;851;499;1675;947;1272;1350;2622
TO;1712504;Marianópolis do Tocantins;1164;870;1219;1099;2383;1969;2034;2318;4352
TO;1712702;Mateiros;691;345;726;461;1417;806;1036;1187;2223
TO;1712801;Maurilândia do Tocantins;974;483;1043;654;2017;1137;1457;1697;3154
TO;1713205;Miracema do Tocantins;9143;1194;8794;1553;17937;2747;10337;10347;20684
TO;1713304;Miranorte;5503;697;5533;890;11036;1587;6200;6423;12623
TO;1713601;Monte do Carmo;1460;1655;1421;2180;2881;3835;3115;3601;6716
TO;1713700;Monte Santo do Tocantins;218;747;232;888;450;1635;965;1120;2085
TO;1713809;Palmeiras do Tocantins;1601;1148;1631;1360;3232;2508;2749;2991;5740
TO;1713957;Muricilândia;902;593;898;759;1800;1352;1495;1657;3152
TO;1714203;Natividade;3650;754;3545;1051;7195;1805;4404;4596;9000
TO;1714302;Nazaré;996;1128;995;1267;1991;2395;2124;2262;4386
TO;1714880;Nova Olinda;3696;1414;3769;1807;7465;3221;5110;5576;10686
TO;1715002;Nova Rosalândia;1225;580;1243;722;2468;1302;1805;1965;3770
TO;1715101;Novo Acordo;1536;305;1547;374;3083;679;1841;1921;3762
TO;1715150;Novo Alegre;840;266;859;321;1699;587;1106;1180;2286
TO;1715259;Novo Jardim;876;304;900;377;1776;681;1180;1277;2457
TO;1715507;Oliveira de Fátima;394;91;423;129;817;220;485;552;1037
TO;1715705;Palmeirante;964;1331;962;1697;1926;3028;2295;2659;4954
TO;1715754;Palmeirópolis;3022;613;2959;745;5981;1358;3635;3704;7339
TO;1716109;Paraíso do Tocantins;21474;830;20999;1114;42473;1944;22304;22113;44417
TO;1716208;Paranã;2396;2498;2324;3120;4720;5618;4894;5444;10338
TO;1716307;Pau D'Arco;1401;728;1499;960;2900;1688;2129;2459;4588
TO;1716505;Pedro Afonso;4883;687;5133;836;10016;1523;5570;5969;11539
TO;1716604;Peixe;2611;2346;2624;2803;5235;5149;4957;5427;10384
TO;1716653;Pequizeiro;1185;1202;1205;1462;2390;2664;2387;2667;5054
TO;1716703;Colméia;3223;1020;3147;1221;6370;2241;4243;4368;8611
TO;1717008;Pindorama do Tocantins;1451;670;1496;889;2947;1559;2121;2385;4506
TO;1717206;Piraquê;562;732;560;1066;1122;1798;1294;1626;2920
TO;1717503;Pium;1879;1289;1900;1626;3779;2915;3168;3526;6694
TO;1717800;Ponte Alta do Bom Jesus;1244;895;1257;1148;2501;2043;2139;2405;4544
TO;1717909;Ponte Alta do Tocantins;2228;1073;2299;1580;4527;2653;3301;3879;7180
TO;1718006;Porto Alegre do Tocantins;978;387;941;490;1919;877;1365;1431;2796
TO;1718204;Porto Nacional;21671;2958;20764;3753;42435;6711;24629;24517;49146
TO;1718303;Praia Norte;2222;1540;2246;1651;4468;3191;3762;3897;7659
TO;1718402;Presidente Kennedy;1592;207;1635;247;3227;454;1799;1882;3681
TO;1718451;Pugmil;963;149;1041;216;2004;365;1112;1257;2369
TO;1718501;Recursolândia;973;787;1017;991;1990;1778;1760;2008;3768
TO;1718550;Riachinho;916;1107;896;1272;1812;2379;2023;2168;4191
TO;1718659;Rio da Conceição;764;64;810;76;1574;140;828;886;1714
TO;1718709;Rio dos Bois;516;693;513;848;1029;1541;1209;1361;2570
TO;1718758;Rio Sono;1184;1691;1223;2156;2407;3847;2875;3379;6254
TO;1718808;Sampaio;1734;160;1782;188;3516;348;1894;1970;3864
TO;1718840;Sandolândia;892;693;872;869;1764;1562;1585;1741;3326
TO;1718865;Santa Fé do Araguaia;2169;1013;2205;1212;4374;2225;3182;3417;6599
TO;1718881;Santa Maria do Tocantins;884;492;841;677;1725;1169;1376;1518;2894
TO;1718899;Santa Rita do Tocantins;469;550;449;660;918;1210;1019;1109;2128
TO;1718907;Santa Rosa do Tocantins;1453;704;1494;917;2947;1621;2157;2411;4568
TO;1719004;Santa Tereza do Tocantins;782;402;834;505;1616;907;1184;1339;2523
TO;1720002;Santa Terezinha do Tocantins;790;416;804;464;1594;880;1206;1268;2474
TO;1720101;São Bento do Tocantins;1318;887;1398;1005;2716;1892;2205;2403;4608
TO;1720150;São Félix do Tocantins;450;217;481;289;931;506;667;770;1437
TO;1720200;São Miguel do Tocantins;1306;3885;1241;4049;2547;7934;5191;5290;10481
TO;1720259;São Salvador do Tocantins;793;631;795;691;1588;1322;1424;1486;2910
TO;1720309;São Sebastião do Tocantins;1637;447;1646;553;3283;1000;2084;2199;4283
TO;1720499;São Valério da Natividade;1391;725;1332;935;2723;1660;2116;2267;4383
TO;1720655;Silvanópolis;1996;417;2065;590;4061;1007;2413;2655;5068
TO;1720804;Sítio Novo do Tocantins;2472;2045;2403;2228;4875;4273;4517;4631;9148
TO;1720853;Sucupira;557;291;549;345;1106;636;848;894;1742
TO;1720903;Taguatinga;5259;1908;5368;2516;10627;4424;7167;7884;15051
TO;1720937;Taipas do Tocantins;758;170;799;218;1557;388;928;1017;1945
TO;1720978;Talismã;679;532;684;667;1363;1199;1211;1351;2562
TO;1721000;Palmas;112650;2834;109092;3756;221742;6590;115484;112848;228332
TO;1721109;Tocantínia;1480;1780;1475;2001;2955;3781;3260;3476;6736
TO;1721208;Tocantinópolis;9406;2013;8912;2288;18318;4301;11419;11200;22619
TO;1721257;Tupirama;456;275;474;369;930;644;731;843;1574
TO;1721307;Tupiratins;553;457;512;575;1065;1032;1010;1087;2097
TO;1722081;Wanderlândia;2913;2421;2955;2692;5868;5113;5334;5647;10981
TO;1722107;Xambioá;4828;749;4910;997;9738;1746;5577;5907;11484
